'Wavelength (nm):                        ' 560.00
'Reference wavelength (nm):              ' 560.00
'Number of scattering angles:            '     83
'Number of particle size distributions:  '      1
'Refractive index (Re,Im)              1:'  1.440    0.000E+00
'Reference refractive index (Re,Im):   1:'  1.440    0.000E+00
'Min,max,step of particle size (mic.)  1:'    0.0010   20.0000    0.0010
'Size distrib. (ind) & param. (a,b)    1:'      1    0.0100    3.5000
'Volume percentage                     1:' 0.10000E+01

  180.000   0.5527535076415E+00   0.8841804834252E-22  -0.5527535076415E+00
  178.288   0.4892103470622E+00   0.9257706621241E-02  -0.2171546714021E+00
  176.071   0.4185169861599E+00   0.3345872977221E-01  -0.1091475008837E+00
  173.841   0.3741120491036E+00   0.4298694493390E-01  -0.5530564213669E-01
  171.607   0.3510413820116E+00   0.4354339721477E-01  -0.2737390536342E-01
  169.373   0.3446401960194E+00   0.3664314467865E-01  -0.1648426347249E-01
  167.138   0.3473379874224E+00   0.2757989651412E-01  -0.1424527001124E-01
  164.903   0.3493865176929E+00   0.1600498969082E-01  -0.1473730153565E-01
  162.667   0.3458386426994E+00   0.2533387150500E-02  -0.1826263627075E-01
  160.432   0.3378276217183E+00  -0.1011305671283E-01  -0.2338523438003E-01
  158.196   0.3277827161214E+00  -0.2278031590010E-01  -0.2894190845006E-01
  155.960   0.3176625589686E+00  -0.3585800934541E-01  -0.3383757163872E-01
  153.724   0.2983313461159E+00  -0.3526562460867E-01  -0.3695603866105E-01
  151.489   0.2540248520088E+00  -0.8358952215893E-02  -0.3379484765712E-01
  149.253   0.2138602450265E+00   0.8903294875792E-02  -0.2867149605023E-01
  147.017   0.1865458775308E+00   0.1419899876671E-01  -0.2441871229456E-01
  144.781   0.1675248987177E+00   0.1433794125270E-01  -0.2091533816479E-01
  142.545   0.1534314306197E+00   0.1254098206785E-01  -0.1793246218618E-01
  140.309   0.1426239361742E+00   0.1007345662094E-01  -0.1527977093918E-01
  138.073   0.1342347434223E+00   0.7337144966277E-02  -0.1280168031869E-01
  135.837   0.1276842021452E+00   0.4600798079870E-02  -0.1040223976866E-01
  133.601   0.1226050108054E+00   0.1920332095731E-02  -0.8009659331945E-02
  131.365   0.1187473111233E+00  -0.6738695808777E-03  -0.5558520196526E-02
  129.130   0.1159288818277E+00  -0.3143638944053E-02  -0.3012267743524E-02
  126.894   0.1140094538425E+00  -0.5538702764122E-02  -0.3132569637207E-03
  124.658   0.1129144057160E+00  -0.7826471016830E-02   0.2564231779897E-02
  122.422   0.1125680235315E+00  -0.1005004547831E-01   0.5677576575025E-02
  120.186   0.1129385406485E+00  -0.1219387482925E-01   0.9052330852992E-02
  117.950   0.1140313954173E+00  -0.1431614122762E-01   0.1272530906560E-01
  115.714   0.1158209547969E+00  -0.1640525256003E-01   0.1677535114454E-01
  113.478   0.1183430482681E+00  -0.1849553393311E-01   0.2123520166973E-01
  111.242   0.1216451508576E+00  -0.2059965653468E-01   0.2618185444188E-01
  109.006   0.1257959672620E+00  -0.2278603415658E-01   0.3170436269647E-01
  106.770   0.1308705113069E+00  -0.2504762846814E-01   0.3794574506121E-01
  104.534   0.1369242912981E+00  -0.2742490195000E-01   0.4506244946579E-01
  102.298   0.1438411282265E+00  -0.2972639908850E-01   0.5322692094482E-01
  100.062   0.1513410733320E+00  -0.3155714045914E-01   0.6239852179769E-01
   97.826   0.1591294077115E+00  -0.3257301927762E-01   0.7235661383584E-01
   95.590   0.1675018836531E+00  -0.3291098866567E-01   0.8300319803405E-01
   93.354   0.1770915296539E+00  -0.3310939264029E-01   0.9469101843661E-01
   91.118   0.1881998916437E+00  -0.3330527204830E-01   0.1078422996344E+00
   90.000   0.1943004555477E+00  -0.3331450178661E-01   0.1149317600166E+00
   88.882   0.2007834420825E+00  -0.3327543395186E-01   0.1223815322732E+00
   86.646   0.2151594884841E+00  -0.3310210589562E-01   0.1386109125857E+00
   84.410   0.2315542372798E+00  -0.3280865554410E-01   0.1567924349070E+00
   82.174   0.2501840425450E+00  -0.3233897277680E-01   0.1770936723388E+00
   79.938   0.2714232946975E+00  -0.3172860670123E-01   0.1999175627115E+00
   77.702   0.2954950247485E+00  -0.3094092347604E-01   0.2254792151591E+00
   75.466   0.3228521973127E+00  -0.2997818970727E-01   0.2542459589768E+00
   73.230   0.3538868597666E+00  -0.2882493624564E-01   0.2865857879679E+00
   70.994   0.3890932078377E+00  -0.2749694155623E-01   0.3230277233329E+00
   68.758   0.4289910172950E+00  -0.2596474530088E-01   0.3640780138439E+00
   66.522   0.4742526111262E+00  -0.2425737575275E-01   0.4104148137542E+00
   64.286   0.5255650530199E+00  -0.2235711446998E-01   0.4627239349168E+00
   62.050   0.5837978820247E+00  -0.2028837244154E-01   0.5218673368762E+00
   59.814   0.6498164481093E+00  -0.1800815727159E-01   0.5887326151506E+00
   57.578   0.7248192635578E+00  -0.1560374407586E-01   0.6645069246698E+00
   55.342   0.8099508398202E+00  -0.1302679309810E-01   0.7503321559072E+00
   53.106   0.9067329194006E+00  -0.1029232748712E-01   0.8477615381946E+00
   50.870   0.1016797810509E+01  -0.7418458879087E-02   0.9583765133487E+00
   48.635   0.1142097370739E+01  -0.4525883706718E-02   0.1084161763553E+01
   46.399   0.1284778087067E+01  -0.1408821665457E-02   0.1227265714073E+01
   44.163   0.1447552180424E+01   0.1617641743181E-02   0.1390363412212E+01
   41.927   0.1633153905235E+01   0.4779704713475E-02   0.1576189439580E+01
   39.691   0.1845312656810E+01   0.7827318598275E-02   0.1788468853746E+01
   37.455   0.2087720604826E+01   0.1071251472989E-01   0.2030890267985E+01
   35.219   0.2365269494112E+01   0.1355620027135E-01   0.2308252591566E+01
   32.983   0.2683537592990E+01   0.1593205845900E-01   0.2626180853357E+01
   30.747   0.3048826811346E+01   0.1807223731401E-01   0.2990935000106E+01
   28.511   0.3469876650079E+01   0.1967002054318E-01   0.3411120101695E+01
   26.276   0.3956843352913E+01   0.2054785824684E-01   0.3897006533976E+01
   24.040   0.4523297684247E+01   0.2070354894600E-01   0.4461719261400E+01
   21.804   0.5188676677923E+01   0.2041916185461E-01   0.5124315929210E+01
   19.568   0.5981478903973E+01   0.1929348605722E-01   0.5912362372725E+01
   17.333   0.6946038658211E+01   0.1809580085740E-01   0.6869560175197E+01
   15.097   0.8155838181540E+01   0.1684980184082E-01   0.8069273522494E+01
   12.862   0.9741386599300E+01   0.1552355681790E-01   0.9644427418548E+01
   10.627   0.1195947013327E+02   0.1314197957452E-01   0.1185842381799E+02
    8.393   0.1539012594784E+02   0.1064255996263E-01   0.1528997874108E+02
    6.159   0.2159629492840E+02   0.7860220836645E-02   0.2149957206023E+02
    3.929   0.3636756536139E+02   0.7426800204544E-02   0.3627495733785E+02
    1.712   0.1035267626727E+03   0.2660254182452E-01   0.1034492307450E+03
    0.000   0.6696170181115E+03  -0.6031051619254E-19   0.6696170181115E+03
  1.  1.
  1.  1.
  3.91049664


 Note: Inputs used to generate the scattering phase
 ----  function are given in the header. The output
       is formatted into 4 columns, respectively
       Theta, P(Theta), Q(Theta), U(Theta)

       with Theta  : scattering angle
            (P,Q,U): 3 Stokes parameters
                     not normalized to 4 PI.

       The last 5 values stand for, respectively:
        wo(l) ; wo(l_ref)  -> single scatt. albedo
        Qext(l)/Qext(l_ref) ; 1  -> extinct. coeff.
        Qext(l_ref)  -> extinction coeff. at l_ref
                        [mic^-1]

