'Wavelength (nm):                        ' 560.00
'Reference wavelength (nm):              ' 560.00
'Number of scattering angles:            '     83
'Number of particle size distributions:  '      1
'Refractive index (Re,Im)              1:'  1.440    0.000E+00
'Reference refractive index (Re,Im):   1:'  1.440    0.000E+00
'Min,max,step of particle size (mic.)  1:'    0.0010   20.0000    0.0010
'Size distrib. (ind) & param. (a,b)    1:'      1    0.0100    4.7000
'Volume percentage                     1:' 0.10000E+01

  180.000   0.3628170790813E+00   0.7639694743985E-22  -0.3628170790813E+00
  178.288   0.3567078678821E+00   0.8514615629767E-03  -0.3495979808638E+00
  176.071   0.3461794457876E+00   0.6486993538549E-02  -0.3262033662658E+00
  173.841   0.3374621579050E+00   0.1301071319322E-01  -0.3032042356359E+00
  171.607   0.3329409443962E+00   0.1826490502161E-01  -0.2836327805696E+00
  169.373   0.3323904832291E+00   0.2137462864751E-01  -0.2680084745457E+00
  167.138   0.3336909901229E+00   0.2251488133272E-01  -0.2552477902333E+00
  164.903   0.3341712883879E+00   0.2172436387771E-01  -0.2441963096748E+00
  162.667   0.3322349250541E+00   0.1926059374903E-01  -0.2344449484950E+00
  160.432   0.3277454958812E+00   0.1568694999377E-01  -0.2256309130777E+00
  158.196   0.3211765786498E+00   0.1146987988025E-01  -0.2174138466750E+00
  155.960   0.3131199477643E+00   0.6878987734197E-02  -0.2095229936137E+00
  153.724   0.3039815578962E+00   0.2222273766254E-02  -0.2017794798962E+00
  151.489   0.2942986373334E+00  -0.2627750829084E-02  -0.1940693160673E+00
  149.253   0.2849355850106E+00  -0.8153828414067E-02  -0.1864446100962E+00
  147.017   0.2762767783575E+00  -0.1426729875256E-01  -0.1789408586480E+00
  144.781   0.2683871194056E+00  -0.2076680370750E-01  -0.1715168381369E+00
  142.545   0.2612561787680E+00  -0.2751407565344E-01  -0.1641286169473E+00
  140.309   0.2548590902572E+00  -0.3441748282400E-01  -0.1567223270474E+00
  138.073   0.2491711193077E+00  -0.4143137582669E-01  -0.1492384675896E+00
  135.837   0.2441656909687E+00  -0.4851712304706E-01  -0.1416209689986E+00
  133.601   0.2398249806274E+00  -0.5565530215194E-01  -0.1338165195188E+00
  131.365   0.2361394004966E+00  -0.6283089829467E-01  -0.1257721032972E+00
  129.130   0.2331060712802E+00  -0.7002878009698E-01  -0.1174370338186E+00
  126.894   0.2307309697584E+00  -0.7724301881291E-01  -0.1087591286284E+00
  124.658   0.2290293408863E+00  -0.8446091495333E-01  -0.9968689724954E-01
  122.422   0.2280216482332E+00  -0.9167488077488E-01  -0.9016533658533E-01
  120.186   0.2277384067481E+00  -0.9887289120716E-01  -0.8013990366698E-01
  117.950   0.2282188641772E+00  -0.1060474913926E+00  -0.6955166243598E-01
  115.714   0.2295057698664E+00  -0.1131846746045E+00  -0.5833594065781E-01
  113.478   0.2316531893984E+00  -0.1202722775234E+00  -0.4642709011072E-01
  111.242   0.2347224424300E+00  -0.1272951149083E+00  -0.3375118084913E-01
  109.006   0.2387835429771E+00  -0.1342403479557E+00  -0.2022938827256E-01
  106.770   0.2439141373193E+00  -0.1410869618196E+00  -0.5774039552531E-02
  104.534   0.2502019620802E+00  -0.1478188931016E+00   0.9708819216063E-02
  102.298   0.2577418666477E+00  -0.1544110491902E+00   0.2632459815986E-01
  100.062   0.2666388533457E+00  -0.1608340979032E+00   0.4418266688489E-01
   97.826   0.2770075575266E+00  -0.1670602609921E+00   0.6340229243042E-01
   95.590   0.2889874272238E+00  -0.1730624859833E+00   0.8411515680023E-01
   93.354   0.3027345031140E+00  -0.1788193265623E+00   0.1064681153331E+00
   91.118   0.3184255039773E+00  -0.1843096756194E+00   0.1306318493104E+00
   90.000   0.3270592349375E+00  -0.1869462125643E+00   0.1434476939763E+00
   88.882   0.3362519919142E+00  -0.1895062561024E+00   0.1567859768088E+00
   86.646   0.3564316900951E+00  -0.1943818878660E+00   0.1851415153421E+00
   84.410   0.3792040020333E+00  -0.1989101061027E+00   0.2159269275067E+00
   82.174   0.4048382956500E+00  -0.2030613519261E+00   0.2494025176786E+00
   79.938   0.4336389292825E+00  -0.2068051298789E+00   0.2858625877760E+00
   77.702   0.4659377891857E+00  -0.2101090983510E+00   0.3256309394457E+00
   75.466   0.5021163616145E+00  -0.2129390999535E+00   0.3690801303877E+00
   73.230   0.5425997658106E+00  -0.2152602412679E+00   0.4166259560748E+00
   70.994   0.5878649886836E+00  -0.2170370903832E+00   0.4687387134632E+00
   68.758   0.6384472334420E+00  -0.2182283654917E+00   0.5259462832078E+00
   66.522   0.6949576234934E+00  -0.2187964322790E+00   0.5888534115648E+00
   64.286   0.7580771082057E+00  -0.2187001442099E+00   0.6581351990078E+00
   62.050   0.8285797361232E+00  -0.2178974347252E+00   0.7345607715875E+00
   59.814   0.9073349757196E+00  -0.2163427730651E+00   0.8189982515716E+00
   57.578   0.9953351385096E+00  -0.2139975462699E+00   0.9124347384813E+00
   55.342   0.1093689796378E+01  -0.2108189420595E+00   0.1015980190735E+01
   53.106   0.1203656707568E+01  -0.2067602897193E+00   0.1130893769480E+01
   50.870   0.1326663572516E+01  -0.2017894853395E+00   0.1258601706618E+01
   48.635   0.1464301239852E+01  -0.1958746910667E+00   0.1400698750901E+01
   46.399   0.1618375615526E+01  -0.1889769951834E+00   0.1558998184747E+01
   44.163   0.1790902694481E+01  -0.1810953414579E+00   0.1735516294082E+01
   41.927   0.1984137489380E+01  -0.1722096530414E+00   0.1932516578108E+01
   39.691   0.2200596166958E+01  -0.1623417100657E+00   0.2152523242910E+01
   37.455   0.2443060970253E+01  -0.1515267252606E+00   0.2398326578949E+01
   35.219   0.2714612419176E+01  -0.1398034807457E+00   0.2673008799322E+01
   32.983   0.3018631219239E+01  -0.1272883336195E+00   0.2979966242523E+01
   30.747   0.3358811971749E+01  -0.1140850525257E+00   0.3322899575581E+01
   28.511   0.3739222629977E+01  -0.1003513973958E+00   0.3705865555317E+01
   26.276   0.4164305973892E+01  -0.8629978327066E-01   0.4133301664937E+01
   24.040   0.4639037088749E+01  -0.7215468411651E-01   0.4610099432518E+01
   21.804   0.5169136569445E+01  -0.5814042349284E-01   0.5141866119015E+01
   19.568   0.5761459890498E+01  -0.4455999100474E-01   0.5735317909730E+01
   17.333   0.6424754701437E+01  -0.3166260837153E-01   0.6399203784261E+01
   15.097   0.7171064252119E+01  -0.1981059575606E-01   0.7145869061455E+01
   12.862   0.8018519912358E+01  -0.9498811361128E-02   0.7994312433452E+01
   10.627   0.8997663971788E+01  -0.1283484979632E-02   0.8976243947481E+01
    8.393   0.1016645444206E+02   0.4455070358632E-02   0.1014958135224E+02
    6.159   0.1164893013201E+02   0.7303745425193E-02   0.1163741805086E+02
    3.929   0.1376911395080E+02   0.7204442597360E-02   0.1376270217161E+02
    1.712   0.1785787274577E+02   0.4352514322876E-02   0.1785577059065E+02
    0.000   0.2709613775724E+02  -0.2655938055143E-20   0.2709613775724E+02
  1.  1.
  1.  1.
  14.2763737


 Note: Inputs used to generate the scattering phase
 ----  function are given in the header. The output
       is formatted into 4 columns, respectively
       Theta, P(Theta), Q(Theta), U(Theta)

       with Theta  : scattering angle
            (P,Q,U): 3 Stokes parameters
                     not normalized to 4 PI.

       The last 5 values stand for, respectively:
        wo(l) ; wo(l_ref)  -> single scatt. albedo
        Qext(l)/Qext(l_ref) ; 1  -> extinct. coeff.
        Qext(l_ref)  -> extinction coeff. at l_ref
                        [mic^-1]

