'Wavelength (nm):                        ' 560.00
'Reference wavelength (nm):              ' 560.00
'Number of scattering angles:            '     83
'Number of particle size distributions:  '      1
'Refractive index (Re,Im)              1:'  1.440    0.000E+00
'Reference refractive index (Re,Im):   1:'  1.440    0.000E+00
'Min,max,step of particle size (mic.)  1:'    0.0010   20.0000    0.0010
'Size distrib. (ind) & param. (a,b)    1:'      1    0.0100    5.1000
'Volume percentage                     1:' 0.10000E+01

  180.000   0.4233855043295E+00   0.8487615391554E-22  -0.4233855043295E+00
  178.288   0.4204720731194E+00   0.5537138639229E-03  -0.4186434617694E+00
  176.071   0.4140483310668E+00   0.3523490494430E-02  -0.4069520232179E+00
  173.841   0.4079309369133E+00   0.7255203570305E-02  -0.3934211694499E+00
  171.607   0.4038086996647E+00   0.1035782922866E-01  -0.3803822794265E+00
  169.373   0.4017367855461E+00   0.1209603755513E-01  -0.3686063161867E+00
  167.138   0.4006180637936E+00   0.1230289179501E-01  -0.3578664388319E+00
  164.903   0.3990155935802E+00   0.1090470576279E-01  -0.3477533825363E+00
  162.667   0.3960085927077E+00   0.8005042930750E-02  -0.3381136714188E+00
  160.432   0.3914271589017E+00   0.3888579332663E-02  -0.3288233856144E+00
  158.196   0.3854963678432E+00  -0.1169600627367E-02  -0.3197545906082E+00
  155.960   0.3785697416253E+00  -0.6976674163756E-02  -0.3107946377655E+00
  153.724   0.3709785402997E+00  -0.1337036002054E-01  -0.3018600001575E+00
  151.489   0.3630711214738E+00  -0.2031991272691E-01  -0.2928880793910E+00
  149.253   0.3551979709116E+00  -0.2785363941059E-01  -0.2838587022677E+00
  147.017   0.3475590280460E+00  -0.3588111793727E-01  -0.2747523350564E+00
  144.781   0.3402509675539E+00  -0.4430211633347E-01  -0.2655291603684E+00
  142.545   0.3333287716595E+00  -0.5303868084336E-01  -0.2561492334653E+00
  140.309   0.3268293123624E+00  -0.6202963606716E-01  -0.2465681814887E+00
  138.073   0.3207818542364E+00  -0.7123208588062E-01  -0.2367383670588E+00
  135.837   0.3152108290991E+00  -0.8060752139775E-01  -0.2266125997143E+00
  133.601   0.3101420929206E+00  -0.9012571754014E-01  -0.2161441381436E+00
  131.365   0.3056043218792E+00  -0.9975912571504E-01  -0.2052855390566E+00
  129.130   0.3016293840700E+00  -0.1094806469602E+00  -0.1939893878458E+00
  126.894   0.2982540598813E+00  -0.1192669470329E+00  -0.1822066630560E+00
  124.658   0.2955204587870E+00  -0.1290923160975E+00  -0.1698871990753E+00
  122.422   0.2934750348993E+00  -0.1389326212338E+00  -0.1569780950052E+00
  120.186   0.2921707039270E+00  -0.1487620483647E+00  -0.1434247972309E+00
  117.950   0.2916665646341E+00  -0.1585559938800E+00  -0.1291689985198E+00
  115.714   0.2920262468093E+00  -0.1682871628724E+00  -0.1141479543684E+00
  113.478   0.2933210388212E+00  -0.1779284013096E+00  -0.9829578871169E-01
  111.242   0.2956286880673E+00  -0.1874510776556E+00  -0.8154056386306E-01
  109.006   0.2990342253135E+00  -0.1968268550345E+00  -0.6380510507176E-01
  106.770   0.3036299119193E+00  -0.2060240156519E+00  -0.4500518989248E-01
  104.534   0.3095166586172E+00  -0.2150122097143E+00  -0.2504999571330E-01
  102.298   0.3168036644616E+00  -0.2237577632198E+00  -0.3839566650885E-02
  100.062   0.3256099226574E+00  -0.2322253925765E+00   0.1873330934320E-01
   97.826   0.3360643843184E+00  -0.2403799759855E+00   0.4278599871616E-01
   95.590   0.3483108342846E+00  -0.2481851258746E+00   0.6844714010711E-01
   93.354   0.3625059145056E+00  -0.2556050703235E+00   0.9585746626179E-01
   91.118   0.3788227942274E+00  -0.2626044259648E+00   0.1251744875946E+00
   90.000   0.3878352686850E+00  -0.2659347312238E+00   0.1406006303470E+00
   88.882   0.3974501910779E+00  -0.2691459578968E+00   0.1565692208832E+00
   86.646   0.4185963866829E+00  -0.2751917450114E+00   0.1902341728793E+00
   84.410   0.4424893445219E+00  -0.2807040693671E+00   0.2263799557842E+00
   82.174   0.4693810449719E+00  -0.2856440796665E+00   0.2652423165825E+00
   79.938   0.4995505046223E+00  -0.2899722442364E+00   0.3070839062832E+00
   77.702   0.5333030342319E+00  -0.2936483679540E+00   0.3521949268420E+00
   75.466   0.5709796930698E+00  -0.2966314716510E+00   0.4009016009280E+00
   73.230   0.6129578640462E+00  -0.2988803827398E+00   0.4535670165944E+00
   70.994   0.6596559307037E+00  -0.3003537729737E+00   0.5105969546234E+00
   68.758   0.7115384738876E+00  -0.3010083285282E+00   0.5724441680061E+00
   66.522   0.7691257543521E+00  -0.3008024807182E+00   0.6396183533499E+00
   64.286   0.8329943924287E+00  -0.2996941055923E+00   0.7126868093922E+00
   62.050   0.9037890077119E+00  -0.2976413424149E+00   0.7922864690110E+00
   59.814   0.9822275203833E+00  -0.2946023864373E+00   0.8791299966430E+00
   57.578   0.1069114235198E+01  -0.2905396290503E+00   0.9740163423835E+00
   55.342   0.1165341982647E+01  -0.2854162103709E+00   0.1077836545803E+01
   53.106   0.1271907201210E+01  -0.2791964780310E+00   0.1191586994021E+01
   50.870   0.1389921938229E+01  -0.2718543039077E+00   0.1316380164356E+01
   48.635   0.1520613827694E+01  -0.2633682174609E+00   0.1453447625338E+01
   46.399   0.1665348196115E+01  -0.2537207951656E+00   0.1604161644035E+01
   44.163   0.1825625776039E+01  -0.2429158266033E+00   0.1770028585003E+01
   41.927   0.2003093037103E+01  -0.2309604597453E+00   0.1952705170020E+01
   39.691   0.2199544316571E+01  -0.2178886838808E+00   0.2153997304846E+01
   37.455   0.2416916910196E+01  -0.2037536620246E+00   0.2375854711764E+01
   35.219   0.2657285389593E+01  -0.1886273764328E+00   0.2620363300751E+01
   32.983   0.2922842596199E+01  -0.1726293393266E+00   0.2889733009174E+01
   30.747   0.3215872952304E+01  -0.1558975366317E+00   0.3186261396705E+01
   28.511   0.3538732795563E+01  -0.1386125642556E+00   0.3512309688800E+01
   26.276   0.3893797406901E+01  -0.1210017628791E+00   0.3870255507810E+01
   24.040   0.4283450606301E+01  -0.1033215701190E+00   0.4262450429155E+01
   21.804   0.4710083041736E+01  -0.8585284940102E-01   0.4691238077106E+01
   19.568   0.5176125147124E+01  -0.6892703727255E-01   0.5159003037790E+01
   17.333   0.5684198016170E+01  -0.5287955181968E-01   0.5668404593114E+01
   15.097   0.6237445363710E+01  -0.3810940950209E-01   0.6222790684487E+01
   12.862   0.6840289927305E+01  -0.2508556533171E-01   0.6827042538350E+01
   10.627   0.7500274374074E+01  -0.1428649248228E-01   0.7489228852908E+01
    8.393   0.8232277072330E+01  -0.6087247554996E-02   0.8224173710955E+01
    6.159   0.9068422879479E+01  -0.7894761003534E-03   0.9063443010838E+01
    3.929   0.1008861690035E+02   0.1577722874658E-02   0.1008628691594E+02
    1.712   0.1157670891280E+02   0.1320801593158E-02   0.1157615981092E+02
    0.000   0.1368999406455E+02  -0.2088613616865E-20   0.1368999406455E+02
  1.  1.
  1.  1.
  27.3106829


 Note: Inputs used to generate the scattering phase
 ----  function are given in the header. The output
       is formatted into 4 columns, respectively
       Theta, P(Theta), Q(Theta), U(Theta)

       with Theta  : scattering angle
            (P,Q,U): 3 Stokes parameters
                     not normalized to 4 PI.

       The last 5 values stand for, respectively:
        wo(l) ; wo(l_ref)  -> single scatt. albedo
        Qext(l)/Qext(l_ref) ; 1  -> extinct. coeff.
        Qext(l_ref)  -> extinction coeff. at l_ref
                        [mic^-1]

