'Wavelength (nm):                        ' 560.00
'Reference wavelength (nm):              ' 560.00
'Number of scattering angles:            '     83
'Number of particle size distributions:  '      1
'Refractive index (Re,Im)              1:'  1.440    0.000E+00
'Reference refractive index (Re,Im):   1:'  1.440    0.000E+00
'Min,max,step of particle size (mic.)  1:'    0.0010   20.0000    0.0010
'Size distrib. (ind) & param. (a,b)    1:'      1    0.0100    5.0000
'Volume percentage                     1:' 0.10000E+01

  180.000   0.4040628920458E+00   0.8325259526749E-22  -0.4040628920458E+00
  178.288   0.4005642571722E+00   0.6311146190088E-03  -0.3979848943967E+00
  176.071   0.3932947020537E+00   0.4168077808780E-02  -0.3840646011776E+00
  173.841   0.3866335754324E+00   0.8562672894241E-02  -0.3685672236323E+00
  171.607   0.3824412865843E+00   0.1223685740765E-01  -0.3540847123959E+00
  169.373   0.3807197656192E+00   0.1440373303966E-01  -0.3413925531068E+00
  167.138   0.3801558083979E+00   0.1494487014216E-01  -0.3301191097655E+00
  164.903   0.3790538055039E+00   0.1380595492184E-01  -0.3197165863734E+00
  162.667   0.3763463732392E+00   0.1112166847076E-01  -0.3099785037072E+00
  160.432   0.3718608377580E+00   0.7232185344514E-02  -0.3007346207491E+00
  158.196   0.3658715677012E+00   0.2453006756705E-02  -0.2918154602394E+00
  155.960   0.3587858057375E+00  -0.3006043083731E-02  -0.2830770191145E+00
  153.724   0.3509667907020E+00  -0.8963802824870E-02  -0.2744167222410E+00
  151.489   0.3428102488064E+00  -0.1541692854014E-01  -0.2657618990752E+00
  149.253   0.3347457627686E+00  -0.2245258948390E-01  -0.2571001043963E+00
  147.017   0.3270034885960E+00  -0.2997903740800E-01  -0.2484181480243E+00
  144.781   0.3196780391249E+00  -0.3788232512687E-01  -0.2396746539030E+00
  142.545   0.3128148682494E+00  -0.4607649572988E-01  -0.2308280202799E+00
  140.309   0.3064402221615E+00  -0.5449670344646E-01  -0.2218313411035E+00
  138.073   0.3005731110772E+00  -0.6310095403278E-01  -0.2126340466379E+00
  135.837   0.2952277265596E+00  -0.7185212151783E-01  -0.2031865990342E+00
  133.601   0.2904206889111E+00  -0.8072328308607E-01  -0.1934403977722E+00
  131.365   0.2861722676676E+00  -0.8969055832685E-01  -0.1833463790192E+00
  129.130   0.2825064881143E+00  -0.9873045375657E-01  -0.1728559651635E+00
  126.894   0.2794530125926E+00  -0.1078242044902E+00  -0.1619190553520E+00
  124.658   0.2770475377312E+00  -0.1169499448572E+00  -0.1504847315186E+00
  122.422   0.2753303249379E+00  -0.1260879660126E+00  -0.1384992436602E+00
  120.186   0.2743487974486E+00  -0.1352164251295E+00  -0.1259075549327E+00
  117.950   0.2741570823700E+00  -0.1443152307378E+00  -0.1126507482059E+00
  115.714   0.2748137584420E+00  -0.1533609292932E+00  -0.9866524194405E-01
  113.478   0.2763857911243E+00  -0.1623304565400E+00  -0.8388464510835E-01
  111.242   0.2789468557627E+00  -0.1711989855342E+00  -0.6823607947950E-01
  109.006   0.2825782815943E+00  -0.1799422787228E+00  -0.5164143567511E-01
  106.770   0.2873688382813E+00  -0.1885318644890E+00  -0.3401517972350E-01
  104.534   0.2934163805093E+00  -0.1969412139761E+00  -0.1526514300210E-01
  102.298   0.3008271210528E+00  -0.2051395336813E+00   0.4710508870662E-02
  100.062   0.3097174140108E+00  -0.2130940003639E+00   0.2602053195754E-01
   97.826   0.3202137685150E+00  -0.2207721270169E+00   0.4878406533397E-01
   95.590   0.3324592487080E+00  -0.2281401857424E+00   0.7313189116794E-01
   93.354   0.3466105332474E+00  -0.2351656276379E+00   0.9920742618343E-01
   91.118   0.3628420203991E+00  -0.2418163588160E+00   0.1271722907778E+00
   90.000   0.3717967078413E+00  -0.2449903612862E+00   0.1419169661743E+00
   88.882   0.3813440978737E+00  -0.2480577739450E+00   0.1572013365300E+00
   86.646   0.4023281974782E+00  -0.2538545167501E+00   0.1894928704837E+00
   84.410   0.4260263278513E+00  -0.2591714574743E+00   0.2242636208458E+00
   82.174   0.4526961544787E+00  -0.2639719254351E+00   0.2617571839192E+00
   79.938   0.4826243816905E+00  -0.2682183646068E+00   0.3022458015949E+00
   77.702   0.5161250342419E+00  -0.2718722501771E+00   0.3460303524692E+00
   75.466   0.5535510862586E+00  -0.2748939372828E+00   0.3934506642705E+00
   73.230   0.5952941693055E+00  -0.2772433512320E+00   0.4448855291583E+00
   70.994   0.6417898946312E+00  -0.2788800171067E+00   0.5007594770455E+00
   68.758   0.6935234772461E+00  -0.2797606236400E+00   0.5615471199501E+00
   66.522   0.7510408405234E+00  -0.2798437415155E+00   0.6277848946474E+00
   64.286   0.8149483324795E+00  -0.2790866995300E+00   0.7000706981563E+00
   62.050   0.8859266069083E+00  -0.2774466327686E+00   0.7790781876767E+00
   59.814   0.9647358171751E+00  -0.2748799289897E+00   0.8655630456905E+00
   57.578   0.1052231366604E+01  -0.2713474007811E+00   0.9603753737034E+00
   55.342   0.1149365218204E+01  -0.2668095565420E+00   0.1064465689273E+01
   53.106   0.1257204037893E+01  -0.2612269495014E+00   0.1178900728588E+01
   50.870   0.1376943473590E+01  -0.2545703662372E+00   0.1304876048424E+01
   48.635   0.1509907346083E+01  -0.2468142146811E+00   0.1443719115171E+01
   46.399   0.1657575585374E+01  -0.2379349498409E+00   0.1596916545552E+01
   44.163   0.1821581963241E+01  -0.2279328230021E+00   0.1766106390229E+01
   41.927   0.2003728409842E+01  -0.2168076186645E+00   0.1953100039458E+01
   39.691   0.2205990953904E+01  -0.2045884044834E+00   0.2159883939173E+01
   37.455   0.2430517486784E+01  -0.1913224763899E+00   0.2388616989472E+01
   35.219   0.2679628777880E+01  -0.1770735063214E+00   0.2641628948767E+01
   32.983   0.2955803768647E+01  -0.1619579799838E+00   0.2921414837362E+01
   30.747   0.3261660313715E+01  -0.1461059718383E+00   0.3230603531264E+01
   28.511   0.3599949078447E+01  -0.1296922539023E+00   0.3571946671352E+01
   26.276   0.3973510649863E+01  -0.1129403539792E+00   0.3948284187778E+01
   24.040   0.4385294242565E+01  -0.9610026704921E-01   0.4362521848544E+01
   21.804   0.4838393515278E+01  -0.7944263228050E-01   0.4817691768525E+01
   19.568   0.5336141186569E+01  -0.6329373695393E-01   0.5317062312715E+01
   17.333   0.5882364630087E+01  -0.4797501484832E-01   0.5864493150308E+01
   15.097   0.6481900361623E+01  -0.3388146105545E-01   0.6465048271842E+01
   12.862   0.7141694018102E+01  -0.2149171006112E-01   0.7126214943894E+01
   10.627   0.7873386970363E+01  -0.1130327381976E-01   0.7860280884658E+01
    8.393   0.8699272314637E+01  -0.3698142252005E-02   0.8689484710252E+01
    6.159   0.9666630352535E+01   0.9989307289846E-03   0.9660459485652E+01
    3.929   0.1089323337213E+02   0.2755022568319E-02   0.1089021990937E+02
    1.712   0.1280945537219E+02   0.1870416817957E-02   0.1280868406481E+02
    0.000   0.1586799566103E+02  -0.2163763516715E-20   0.1586799566103E+02
  1.  1.
  1.  1.
  23.0203396


 Note: Inputs used to generate the scattering phase
 ----  function are given in the header. The output
       is formatted into 4 columns, respectively
       Theta, P(Theta), Q(Theta), U(Theta)

       with Theta  : scattering angle
            (P,Q,U): 3 Stokes parameters
                     not normalized to 4 PI.

       The last 5 values stand for, respectively:
        wo(l) ; wo(l_ref)  -> single scatt. albedo
        Qext(l)/Qext(l_ref) ; 1  -> extinct. coeff.
        Qext(l_ref)  -> extinction coeff. at l_ref
                        [mic^-1]

