'Wavelength (nm):                        ' 560.00
'Reference wavelength (nm):              ' 560.00
'Number of scattering angles:            '     83
'Number of particle size distributions:  '      1
'Refractive index (Re,Im)              1:'  1.440    0.000E+00
'Reference refractive index (Re,Im):   1:'  1.440    0.000E+00
'Min,max,step of particle size (mic.)  1:'    0.0010   20.0000    0.0010
'Size distrib. (ind) & param. (a,b)    1:'      1    0.0100    3.2000
'Volume percentage                     1:' 0.10000E+01

  180.000   0.7660464043449E+00   0.1343378000013E-21  -0.7660464043449E+00
  178.288   0.6507504048130E+00   0.2434356997459E-01  -0.9764209094575E-01
  176.071   0.5154133295952E+00   0.5141790731822E-01   0.9292623781301E-03
  173.841   0.4407629544859E+00   0.5432473830362E-01   0.3647884315016E-01
  171.607   0.4002531317714E+00   0.4743367913727E-01   0.4893385956894E-01
  169.373   0.3830925275071E+00   0.3287523183889E-01   0.4715337398908E-01
  167.138   0.3795064567746E+00   0.1735719005423E-01   0.3922425275893E-01
  164.903   0.3778262992284E+00  -0.7155235084894E-03   0.3100260401368E-01
  162.667   0.3722743069712E+00  -0.2091212142699E-01   0.2042226163875E-01
  160.432   0.3641386800677E+00  -0.3940468507396E-01   0.8652463739136E-02
  158.196   0.3574848430655E+00  -0.6160170559827E-01  -0.3653211611400E-02
  155.960   0.3566718055379E+00  -0.9048600418633E-01  -0.1550540721300E-01
  153.724   0.3436686145086E+00  -0.9741006256003E-01  -0.2603782879022E-01
  151.489   0.2729212852891E+00  -0.4047110074756E-01  -0.2373495683561E-01
  149.253   0.2090685444982E+00  -0.2381555477289E-02  -0.1746170430379E-01
  147.017   0.1709038478715E+00   0.1069495775806E-01  -0.1301210437737E-01
  144.781   0.1474158828148E+00   0.1380850516193E-01  -0.9926079899343E-02
  142.545   0.1313939359164E+00   0.1351474071531E-01  -0.7627712547194E-02
  140.309   0.1197700473737E+00   0.1207497849318E-01  -0.5771565541320E-02
  138.073   0.1111157290329E+00   0.1016179288176E-01  -0.4136262191521E-02
  135.837   0.1045729218537E+00   0.8182620555680E-02  -0.2604734380500E-02
  133.601   0.9963520981852E-01   0.6221873258118E-02  -0.1096685905342E-02
  131.365   0.9597880995275E-01   0.4326223985852E-02   0.4579399876911E-03
  129.130   0.9337930552522E-01   0.2552159432069E-02   0.2083613973717E-02
  126.894   0.9166024285094E-01   0.8333693366747E-03   0.3841632497729E-02
  124.658   0.9073949331809E-01  -0.7766966665767E-03   0.5743177475082E-02
  122.422   0.9052732192486E-01  -0.2338761781981E-02   0.7848477823885E-02
  120.186   0.9098798419872E-01  -0.3824036603940E-02   0.1016882176684E-01
  117.950   0.9214007823569E-01  -0.5318423785404E-02   0.1272747722004E-01
  115.714   0.9395057276428E-01  -0.6805950655419E-02   0.1561951605751E-01
  113.478   0.9648002795447E-01  -0.8346943802901E-02   0.1886104057379E-01
  111.242   0.9981104309014E-01  -0.9978189175169E-02   0.2253224515832E-01
  109.006   0.1040643663026E+00  -0.1183287955188E-01   0.2674521530061E-01
  106.770   0.1093783508054E+00  -0.1394704528526E-01   0.3171620163563E-01
  104.534   0.1158297359920E+00  -0.1640754866095E-01   0.3770137532702E-01
  102.298   0.1230893790469E+00  -0.1881638936892E-01   0.4495620622665E-01
  100.062   0.1304027109264E+00  -0.2029289690497E-01   0.5325114247066E-01
   97.826   0.1370153445015E+00  -0.2006806399017E-01   0.6190845344578E-01
   95.590   0.1435299410873E+00  -0.1858799814468E-01   0.7059448608856E-01
   93.354   0.1513473928330E+00  -0.1719560280465E-01   0.8010763055764E-01
   91.118   0.1608673188791E+00  -0.1610419764857E-01   0.9122164999567E-01
   90.000   0.1660952490389E+00  -0.1543138454893E-01   0.9721274583789E-01
   88.882   0.1716473706120E+00  -0.1469233485655E-01   0.1034868644899E+00
   86.646   0.1841723703596E+00  -0.1318719642644E-01   0.1173304514903E+00
   84.410   0.1986708206256E+00  -0.1162186219225E-01   0.1331115754480E+00
   82.174   0.2152748293411E+00  -0.9855589769679E-02   0.1508310366237E+00
   79.938   0.2344484041406E+00  -0.7990056778168E-02   0.1710488012499E+00
   77.702   0.2562969156349E+00  -0.5937535029792E-02   0.1938299986273E+00
   75.466   0.2813354338206E+00  -0.3725480635460E-02   0.2197386892369E+00
   73.230   0.3098888778535E+00  -0.1322679951002E-02   0.2490452907065E+00
   70.994   0.3424490966271E+00   0.1231142635313E-02   0.2823167429445E+00
   68.758   0.3794780505124E+00   0.3965156427122E-02   0.3199842705360E+00
   66.522   0.4216192602198E+00   0.6815894680817E-02   0.3627058654073E+00
   64.286   0.4694919315984E+00   0.9805792976969E-02   0.4110959342310E+00
   62.050   0.5239390268287E+00   0.1286175013244E-01   0.4659910493962E+00
   59.814   0.5856656898040E+00   0.1605350764040E-01   0.5281188355956E+00
   57.578   0.6558744610331E+00   0.1918551495064E-01   0.5986871521759E+00
   55.342   0.7354644263445E+00   0.2237134572508E-01   0.6785674561169E+00
   53.106   0.8259696976746E+00   0.2549077646805E-01   0.7693609913536E+00
   50.870   0.9286870977512E+00   0.2857457044313E-01   0.8722613473375E+00
   48.635   0.1045572738469E+01   0.3132361607729E-01   0.9892987066679E+00
   46.399   0.1178301718335E+01   0.3413595959214E-01   0.1122115938379E+01
   44.163   0.1329638395841E+01   0.3641526090831E-01   0.1273445897885E+01
   41.927   0.1501591794502E+01   0.3860121921669E-01   0.1445274185420E+01
   39.691   0.1698005659662E+01   0.4019805555405E-01   0.1641448407786E+01
   37.455   0.1921679529958E+01   0.4123698464348E-01   0.1864750139270E+01
   35.219   0.2177332885245E+01   0.4184873594950E-01   0.2119766024298E+01
   32.983   0.2470061362081E+01   0.4142419634165E-01   0.2411649768557E+01
   30.747   0.2805045140777E+01   0.4047364737005E-01   0.2745496451156E+01
   28.511   0.3191204758850E+01   0.3838076924990E-01   0.3130048814910E+01
   26.276   0.3637929396502E+01   0.3504008296258E-01   0.3574872750348E+01
   24.040   0.4158059697418E+01   0.3057981510760E-01   0.4092222204447E+01
   21.804   0.4771675889859E+01   0.2540674459177E-01   0.4701815322951E+01
   19.568   0.5509143710841E+01   0.1885485729194E-01   0.5432835817683E+01
   17.333   0.6419590947115E+01   0.1206308341031E-01   0.6333509312571E+01
   15.097   0.7587845774919E+01   0.5008044721571E-02   0.7488047836706E+01
   12.862   0.9171127423873E+01  -0.2108867117939E-02   0.9055599436341E+01
   10.627   0.1149376947179E+02  -0.1068907868526E-01   0.1136842473324E+02
    8.393   0.1532913570615E+02  -0.1930657753556E-01   0.1519683624309E+02
    6.159   0.2290526619312E+02  -0.2797491482510E-01   0.2276563227546E+02
    3.929   0.4331588552891E+02  -0.3263361345607E-01   0.4316422043561E+02
    1.712   0.1574612892323E+03   0.9098583632578E-02   0.1573051462956E+03
    0.000   0.1462923144073E+04  -0.1447020459642E-18   0.1462923144073E+04
  1.  1.
  1.  1.
  3.61125478


 Note: Inputs used to generate the scattering phase
 ----  function are given in the header. The output
       is formatted into 4 columns, respectively
       Theta, P(Theta), Q(Theta), U(Theta)

       with Theta  : scattering angle
            (P,Q,U): 3 Stokes parameters
                     not normalized to 4 PI.

       The last 5 values stand for, respectively:
        wo(l) ; wo(l_ref)  -> single scatt. albedo
        Qext(l)/Qext(l_ref) ; 1  -> extinct. coeff.
        Qext(l_ref)  -> extinction coeff. at l_ref
                        [mic^-1]

