'Wavelength (nm):                        ' 560.00
'Reference wavelength (nm):              ' 560.00
'Number of scattering angles:            '     83
'Number of particle size distributions:  '      1
'Refractive index (Re,Im)              1:'  1.440    0.000E+00
'Reference refractive index (Re,Im):   1:'  1.440    0.000E+00
'Min,max,step of particle size (mic.)  1:'    0.0010   20.0000    0.0010
'Size distrib. (ind) & param. (a,b)    1:'      1    0.0100    3.8000
'Volume percentage                     1:' 0.10000E+01

  180.000   0.4269873563018E+00   0.6769163288894E-22  -0.4269873563018E+00
  178.288   0.3922803102413E+00   0.3393915964107E-02  -0.2723940085397E+00
  176.071   0.3537721473417E+00   0.2162687522674E-01  -0.1852986345024E+00
  173.841   0.3273356204029E+00   0.3307565802272E-01  -0.1316957748721E+00
  171.607   0.3147756687848E+00   0.3793771954977E-01  -0.9886124899817E-01
  169.373   0.3140251474879E+00   0.3668541145702E-01  -0.8108675218137E-01
  167.138   0.3192347419628E+00   0.3276061002532E-01  -0.7179410328054E-01
  164.903   0.3227883103173E+00   0.2635456092933E-01  -0.6614029755123E-01
  162.667   0.3206922840551E+00   0.1813766128053E-01  -0.6354891207912E-01
  160.432   0.3136335369092E+00   0.1005631227599E-01  -0.6271977972635E-01
  158.196   0.3032225540089E+00   0.2715894981537E-02  -0.6251212659069E-01
  155.960   0.2906478152602E+00  -0.3510208060315E-02  -0.6198655722744E-01
  153.724   0.2724358210171E+00  -0.2841546415608E-02  -0.6033854444457E-01
  151.489   0.2445775058677E+00   0.7250174082481E-02  -0.5601266339020E-01
  149.253   0.2190850678734E+00   0.1278587292050E-01  -0.5089241534665E-01
  147.017   0.1997174957501E+00   0.1307022423049E-01  -0.4623232848859E-01
  144.781   0.1848620516057E+00   0.1091010989620E-01  -0.4201043740579E-01
  142.545   0.1731182201442E+00   0.7756394866381E-02  -0.3813864150262E-01
  140.309   0.1636924428507E+00   0.4258818101851E-02  -0.3450725623634E-01
  138.073   0.1561084118094E+00   0.6363969221850E-03  -0.3100533254541E-01
  135.837   0.1500143035609E+00  -0.2951770397932E-02  -0.2755291808567E-01
  133.601   0.1451719427789E+00  -0.6472244868064E-02  -0.2408500522687E-01
  131.365   0.1414111000970E+00  -0.9907860425555E-02  -0.2054019094499E-01
  129.130   0.1386027926670E+00  -0.1323627136064E-01  -0.1687417449697E-01
  126.894   0.1366498986535E+00  -0.1649059883544E-01  -0.1303210363209E-01
  124.658   0.1354969898295E+00  -0.1965425491394E-01  -0.8976729005627E-02
  122.422   0.1350920128235E+00  -0.2275454873884E-01  -0.4652734062439E-02
  120.186   0.1354147837768E+00  -0.2578473148765E-01  -0.2303400137597E-04
  117.950   0.1364700580732E+00  -0.2878007056082E-01   0.4958513096967E-02
  115.714   0.1382476109371E+00  -0.3173344473777E-01   0.1036137692290E-01
  113.478   0.1407759879622E+00  -0.3466228986534E-01   0.1623132448350E-01
  111.242   0.1440919715276E+00  -0.3756883106271E-01   0.2264227737380E-01
  109.006   0.1482465182706E+00  -0.4048472363112E-01   0.2967302410681E-01
  106.770   0.1532951498341E+00  -0.4339259914567E-01   0.3743091854250E-01
  104.534   0.1592941035066E+00  -0.4630899220350E-01   0.4602829858959E-01
  102.298   0.1662384468089E+00  -0.4914685588278E-01   0.5559630147005E-01
  100.062   0.1740739035506E+00  -0.5174180905012E-01   0.6618318533803E-01
   97.826   0.1827376983559E+00  -0.5395226638721E-01   0.7777925726177E-01
   95.590   0.1924063328997E+00  -0.5580050053856E-01   0.9041670495128E-01
   93.354   0.2033853132919E+00  -0.5746849253829E-01   0.1042874142635E+00
   91.118   0.2159042442186E+00  -0.5902072226296E-01   0.1196518634052E+00
   90.000   0.2227744660015E+00  -0.5972420592390E-01   0.1279151387378E+00
   88.882   0.2300767766873E+00  -0.6038421443695E-01   0.1365938713997E+00
   86.646   0.2461537628877E+00  -0.6158043505580E-01   0.1553618226621E+00
   84.410   0.2643660006054E+00  -0.6261842328628E-01   0.1761877868752E+00
   82.174   0.2849677055269E+00  -0.6347346543527E-01   0.1993084545314E+00
   79.938   0.3082965974853E+00  -0.6415018659582E-01   0.2250646614195E+00
   77.702   0.3346428038206E+00  -0.6462835415743E-01   0.2537460815447E+00
   75.466   0.3644318914958E+00  -0.6489731656017E-01   0.2857795269662E+00
   73.230   0.3980943130916E+00  -0.6494251291760E-01   0.3215836904368E+00
   70.994   0.4361355883048E+00  -0.6476169942073E-01   0.3616780486661E+00
   68.758   0.4791135798429E+00  -0.6432428823695E-01   0.4066141831353E+00
   66.522   0.5277145152455E+00  -0.6363331715257E-01   0.4570796863808E+00
   64.286   0.5826714272374E+00  -0.6266739781381E-01   0.5138066510473E+00
   62.050   0.6448704768548E+00  -0.6142086593729E-01   0.5776761169025E+00
   59.814   0.7152654522026E+00  -0.5985675393899E-01   0.6496572838296E+00
   57.578   0.7950519834589E+00  -0.5800016079839E-01   0.7309338101842E+00
   55.342   0.8854940136426E+00  -0.5581914959239E-01   0.8227744481122E+00
   53.106   0.9881227379914E+00  -0.5328579648184E-01   0.9267256173659E+00
   50.870   0.1104693376617E+01  -0.5041155849571E-01   0.1044519182529E+01
   48.635   0.1237185038425E+01  -0.4722864470337E-01   0.1178149614088E+01
   46.399   0.1387906796039E+01  -0.4362368662843E-01   0.1329937818803E+01
   44.163   0.1559549182311E+01  -0.3974743742510E-01   0.1502548067911E+01
   41.927   0.1755099552895E+01  -0.3548103062101E-01   0.1698975705215E+01
   39.691   0.1978184218721E+01  -0.3094591280745E-01   0.1922845813839E+01
   37.455   0.2232766669119E+01  -0.2619493641147E-01   0.2178123806505E+01
   35.219   0.2523651309669E+01  -0.2115691847126E-01   0.2469560357027E+01
   32.983   0.2856369486092E+01  -0.1611286487781E-01   0.2802721852342E+01
   30.747   0.3237306922198E+01  -0.1099102538404E-01   0.3183976735368E+01
   28.511   0.3674515793307E+01  -0.5972045818967E-02   0.3621290639834E+01
   26.276   0.4177544580003E+01  -0.1251767374766E-02   0.4124268451123E+01
   24.040   0.4758718549101E+01   0.3085617824123E-02   0.4704919801013E+01
   21.804   0.5434717055092E+01   0.7153628384683E-02   0.5379592875567E+01
   19.568   0.6229068017596E+01   0.1067158457907E-01   0.6171157309772E+01
   17.333   0.7176907519958E+01   0.1403427740106E-01   0.7114373669514E+01
   15.097   0.8334099327418E+01   0.1718021865524E-01   0.8265321634261E+01
   12.862   0.9795813743953E+01   0.1984966185135E-01   0.9721448622597E+01
   10.627   0.1174106994332E+02   0.2126624186046E-01   0.1166662707255E+02
    8.393   0.1455353936348E+02   0.2176197774406E-01   0.1448411790357E+02
    6.159   0.1920082698270E+02   0.2089679694611E-01   0.1913955698401E+02
    3.929   0.2894043030992E+02   0.1972985968110E-01   0.2888907937384E+02
    1.712   0.6475551815247E+02   0.2334429048730E-01   0.6472104546033E+02
    0.000   0.2848383868246E+03  -0.2332029629660E-19   0.2848383868246E+03
  0.999999999  0.999999999
  1.  1.
  4.8017311


 Note: Inputs used to generate the scattering phase
 ----  function are given in the header. The output
       is formatted into 4 columns, respectively
       Theta, P(Theta), Q(Theta), U(Theta)

       with Theta  : scattering angle
            (P,Q,U): 3 Stokes parameters
                     not normalized to 4 PI.

       The last 5 values stand for, respectively:
        wo(l) ; wo(l_ref)  -> single scatt. albedo
        Qext(l)/Qext(l_ref) ; 1  -> extinct. coeff.
        Qext(l_ref)  -> extinction coeff. at l_ref
                        [mic^-1]

