'Wavelength (nm):                        ' 560.00
'Reference wavelength (nm):              ' 560.00
'Number of scattering angles:            '     83
'Number of particle size distributions:  '      1
'Refractive index (Re,Im)              1:'  1.440    0.000E+00
'Reference refractive index (Re,Im):   1:'  1.440    0.000E+00
'Min,max,step of particle size (mic.)  1:'    0.0010   20.0000    0.0010
'Size distrib. (ind) & param. (a,b)    1:'      1    0.0100    3.9000
'Volume percentage                     1:' 0.10000E+01

  180.000   0.4006024531916E+00   0.6499712468416E-22  -0.4006024531916E+00
  178.288   0.3721666633632E+00   0.2526524929359E-02  -0.2825784281894E+00
  176.071   0.3400048525449E+00   0.1878490546670E-01  -0.2045417734110E+00
  173.841   0.3174608251510E+00   0.3017933246941E-01  -0.1534787945499E+00
  171.607   0.3070826260795E+00   0.3583850179059E-01  -0.1207969253321E+00
  169.373   0.3072443831016E+00   0.3591983109490E-01  -0.1019447244615E+00
  167.138   0.3126011682909E+00   0.3328945671259E-01  -0.9112216814628E-01
  164.903   0.3162241684604E+00   0.2820233300316E-01  -0.8395979958182E-01
  162.667   0.3144354630667E+00   0.2131081241175E-01  -0.7975624573507E-01
  160.432   0.3077716243561E+00   0.1434452382270E-01  -0.7730775857902E-01
  158.196   0.2976574887221E+00   0.8052475923048E-02  -0.7554637803297E-01
  155.960   0.2851791441383E+00   0.2866951806473E-02  -0.7361284573495E-01
  153.724   0.2680263567031E+00   0.2954666286875E-02  -0.7081596658314E-01
  151.489   0.2439693938178E+00   0.9531100784083E-02  -0.6607750514873E-01
  149.253   0.2218606241309E+00   0.1258716378752E-01  -0.6079391705508E-01
  147.017   0.2045283765190E+00   0.1169320211387E-01  -0.5590215071877E-01
  144.781   0.1908767358769E+00   0.8912959334860E-02  -0.5138732528004E-01
  142.545   0.1798845581796E+00   0.5346429346275E-02  -0.4718159031751E-01
  140.309   0.1709414221760E+00   0.1508083391287E-02  -0.4319040548928E-01
  138.073   0.1636651576578E+00  -0.2425067466491E-02  -0.3931319061618E-01
  135.837   0.1577642585407E+00  -0.6321368368602E-02  -0.3547399611334E-01
  133.601   0.1530373780887E+00  -0.1015274813560E-01  -0.3160952786400E-01
  131.365   0.1493387111103E+00  -0.1390506041828E-01  -0.2765946615707E-01
  129.130   0.1465568072474E+00  -0.1755980650834E-01  -0.2357771066998E-01
  126.894   0.1446085977401E+00  -0.2114507181752E-01  -0.1930997789188E-01
  124.658   0.1434464042710E+00  -0.2464783982501E-01  -0.1481602872126E-01
  122.422   0.1430268255177E+00  -0.2809085604381E-01  -0.1004088684691E-01
  120.186   0.1433346535355E+00  -0.3146902529344E-01  -0.4944305286627E-02
  117.950   0.1443765370524E+00  -0.3481133677542E-01   0.5222405044973E-03
  115.714   0.1461481705306E+00  -0.3811157505954E-01   0.6426433808714E-02
  113.478   0.1486784629756E+00  -0.4138300875197E-01   0.1281757748385E-01
  111.242   0.1520041824758E+00  -0.4462585524603E-01   0.1976902513950E-01
  109.006   0.1561750253510E+00  -0.4786368638425E-01   0.2735817866511E-01
  106.770   0.1612455394006E+00  -0.5107874855798E-01   0.3568600292362E-01
  104.534   0.1672744980675E+00  -0.5428237120020E-01   0.4485769586226E-01
  102.298   0.1742795943266E+00  -0.5740728296170E-01   0.5499678021262E-01
  100.062   0.1822485118146E+00  -0.6033097751109E-01   0.6616812621630E-01
   97.826   0.1911636299092E+00  -0.6294840985206E-01   0.7839994268221E-01
   95.590   0.2011839521464E+00  -0.6526531431951E-01   0.9175088072580E-01
   93.354   0.2125617358365E+00  -0.6740247621671E-01   0.1063913463496E+00
   91.118   0.2255111434845E+00  -0.6940628735170E-01   0.1225539812392E+00
   90.000   0.2326171547211E+00  -0.7033765313803E-01   0.1312368512918E+00
   88.882   0.2401707797581E+00  -0.7122536620709E-01   0.1403506240158E+00
   86.646   0.2567810014029E+00  -0.7287021625128E-01   0.1600204631221E+00
   84.410   0.2755746733262E+00  -0.7434510530970E-01   0.1817930867830E+00
   82.174   0.2968128100840E+00  -0.7562908915651E-01   0.2059166498087E+00
   79.938   0.3208270410287E+00  -0.7672045123873E-01   0.2327221873117E+00
   77.702   0.3479217847156E+00  -0.7760018809439E-01   0.2625138616099E+00
   75.466   0.3785174640961E+00  -0.7825447550957E-01   0.2957112845792E+00
   73.230   0.4130520335223E+00  -0.7866729128093E-01   0.3327426011013E+00
   70.994   0.4520338904106E+00  -0.7883135096736E-01   0.3741259100663E+00
   68.758   0.4960285542451E+00  -0.7871530426843E-01   0.4204215231041E+00
   66.522   0.5457228817590E+00  -0.7831519536819E-01   0.4723166634691E+00
   64.286   0.6018584467387E+00  -0.7760743200235E-01   0.5305517337120E+00
   62.050   0.6653219654356E+00  -0.7657913809789E-01   0.5960090744438E+00
   59.814   0.7370815854635E+00  -0.7519305677218E-01   0.6696697832475E+00
   57.578   0.8183267326686E+00  -0.7346029508142E-01   0.7527123541874E+00
   55.342   0.9103375715423E+00  -0.7134915748319E-01   0.8464222838989E+00
   53.106   0.1014640818068E+01  -0.6882461836676E-01   0.9523384258237E+00
   50.870   0.1132997854534E+01  -0.6589161553057E-01   0.1072204423613E+01
   48.635   0.1267383938171E+01  -0.6256477451481E-01   0.1208007878953E+01
   46.399   0.1420111802890E+01  -0.5874826163054E-01   0.1362074014425E+01
   44.163   0.1593846533519E+01  -0.5455640545122E-01   0.1537046015213E+01
   41.927   0.1791581868266E+01  -0.4989183910128E-01   0.1735926450472E+01
   39.691   0.2016882813141E+01  -0.4484942130523E-01   0.1962280679434E+01
   37.455   0.2273697256489E+01  -0.3947816350322E-01   0.2220059543696E+01
   35.219   0.2566731999903E+01  -0.3372380155638E-01   0.2513926828195E+01
   32.983   0.2901397084245E+01  -0.2783040285644E-01   0.2849324114299E+01
   30.747   0.3283934492138E+01  -0.2176193968158E-01   0.3232481348345E+01
   28.511   0.3722055347958E+01  -0.1568047012749E-01   0.3671036747130E+01
   26.276   0.4224886815769E+01  -0.9783465609009E-02   0.4174158805107E+01
   24.040   0.4804059464342E+01  -0.4176687761778E-02   0.4753199964824E+01
   21.804   0.5475054776559E+01   0.1199591326393E-02   0.5423334423333E+01
   19.568   0.6259404941431E+01   0.6080896182264E-02   0.6205520090004E+01
   17.333   0.7188812721702E+01   0.1075149187772E-01   0.7131156543968E+01
   15.097   0.8312977963234E+01   0.1510889155706E-01   0.8250225726655E+01
   12.862   0.9715416535189E+01   0.1883384809379E-01   0.9648389034749E+01
   10.627   0.1155097629593E+02   0.2118825330207E-01   0.1148477397245E+02
    8.393   0.1414597412919E+02   0.2233682851734E-01   0.1408544454356E+02
    6.159   0.1830584555387E+02   0.2178157334748E-01   0.1825399446800E+02
    3.929   0.2665870999160E+02   0.2021786165557E-01   0.2661717739794E+02
    1.712   0.5525645465515E+02   0.2072998898606E-01   0.5523061844548E+02
    0.000   0.2130767908832E+03  -0.1696068986650E-19   0.2130767908832E+03
  0.999999999  0.999999999
  1.  1.
  5.2553835


 Note: Inputs used to generate the scattering phase
 ----  function are given in the header. The output
       is formatted into 4 columns, respectively
       Theta, P(Theta), Q(Theta), U(Theta)

       with Theta  : scattering angle
            (P,Q,U): 3 Stokes parameters
                     not normalized to 4 PI.

       The last 5 values stand for, respectively:
        wo(l) ; wo(l_ref)  -> single scatt. albedo
        Qext(l)/Qext(l_ref) ; 1  -> extinct. coeff.
        Qext(l_ref)  -> extinction coeff. at l_ref
                        [mic^-1]

