'Wavelength (nm):                        ' 560.00
'Reference wavelength (nm):              ' 560.00
'Number of scattering angles:            '     83
'Number of particle size distributions:  '      1
'Refractive index (Re,Im)              1:'  1.440    0.000E+00
'Reference refractive index (Re,Im):   1:'  1.440    0.000E+00
'Min,max,step of particle size (mic.)  1:'    0.0010   20.0000    0.0010
'Size distrib. (ind) & param. (a,b)    1:'      1    0.0100    4.0000
'Volume percentage                     1:' 0.10000E+01

  180.000   0.3804491828770E+00   0.6382944611462E-22  -0.3804491828770E+00
  178.288   0.3571109586239E+00   0.1957765272405E-02  -0.2906475778977E+00
  176.071   0.3299131563029E+00   0.1636663847038E-01  -0.2216543652836E+00
  173.841   0.3105010407777E+00   0.2747986096839E-01  -0.1737974845271E+00
  171.607   0.3017985728917E+00   0.3367142579079E-01  -0.1418888040007E+00
  169.373   0.3025050872963E+00   0.3482334933448E-01  -0.1224567482990E+00
  167.138   0.3077552187924E+00   0.3327388542173E-01  -0.1104842749816E+00
  164.903   0.3112805784450E+00   0.2930252595691E-01  -0.1020896142469E+00
  162.667   0.3097107363517E+00   0.2352940085150E-01  -0.9650884154740E-01
  160.432   0.3034431910146E+00   0.1748457439324E-01  -0.9264720152206E-01
  158.196   0.2937408454175E+00   0.1197298443789E-01  -0.8952579344062E-01
  155.960   0.2816171102760E+00   0.7440824994905E-02  -0.8637016266190E-01
  153.724   0.2656389929599E+00   0.6857522134160E-02  -0.8259214220975E-01
  151.489   0.2447461588483E+00   0.1066016765084E-01  -0.7744214272450E-01
  149.253   0.2254517760613E+00   0.1174115604891E-01  -0.7194281044931E-01
  147.017   0.2098883952134E+00   0.9854264361053E-02  -0.6678594303644E-01
  144.781   0.1973317133117E+00   0.6512597126614E-02  -0.6195745433403E-01
  142.545   0.1870470711149E+00   0.2548130992705E-02  -0.5740193670328E-01
  140.309   0.1785700439196E+00  -0.1632814506728E-02  -0.5303602488574E-01
  138.073   0.1715973573205E+00  -0.5887296920262E-02  -0.4876770393370E-01
  135.837   0.1658902568310E+00  -0.1010667932786E-01  -0.4452447197375E-01
  133.601   0.1612807224843E+00  -0.1426715343605E-01  -0.4024452449992E-01
  131.365   0.1576457469517E+00  -0.1835682480330E-01  -0.3586851662441E-01
  129.130   0.1548907347586E+00  -0.2236021959938E-01  -0.3134887214235E-01
  126.894   0.1529461311049E+00  -0.2630065879666E-01  -0.2663171872876E-01
  124.658   0.1517723065599E+00  -0.3016778825611E-01  -0.2167423536510E-01
  122.422   0.1513345522518E+00  -0.3398010190540E-01  -0.1642162666657E-01
  120.186   0.1516229842599E+00  -0.3773352203068E-01  -0.1083081230479E-01
  117.950   0.1526469200269E+00  -0.4145135716301E-01  -0.4851171256351E-02
  115.714   0.1544081128978E+00  -0.4512790070220E-01   0.1583718398946E-02
  113.478   0.1569368280748E+00  -0.4877273642319E-01   0.8526328902849E-02
  111.242   0.1602709946897E+00  -0.5238438497060E-01   0.1604969112891E-01
  109.006   0.1644605300710E+00  -0.5597972954014E-01   0.2423050959996E-01
  106.770   0.1695606444100E+00  -0.5954117262674E-01   0.3316520218161E-01
  104.534   0.1756332202680E+00  -0.6307565118714E-01   0.4295420456509E-01
  102.298   0.1827137941782E+00  -0.6653053160085E-01   0.5371550081634E-01
  100.062   0.1908215126013E+00  -0.6981386212446E-01   0.6552648394260E-01
   97.826   0.1999733158565E+00  -0.7284706008697E-01   0.7844311860144E-01
   95.590   0.2103170992196E+00  -0.7562510834283E-01   0.9254451163816E-01
   93.354   0.2220687104424E+00  -0.7822510773827E-01   0.1079882466240E+00
   91.118   0.2354305531918E+00  -0.8067841327567E-01   0.1249873227839E+00
   90.000   0.2427631666813E+00  -0.8183516470156E-01   0.1341081059105E+00
   88.882   0.2505585559784E+00  -0.8294730344736E-01   0.1436742028093E+00
   86.646   0.2676859244225E+00  -0.8503392342704E-01   0.1642814758491E+00
   84.410   0.2870475716250E+00  -0.8693794839849E-01   0.1870380815423E+00
   82.174   0.3089094545817E+00  -0.8864020505556E-01   0.2122001554497E+00
   79.938   0.3335987485007E+00  -0.9013374917153E-01   0.2400918440612E+00
   77.702   0.3614310406135E+00  -0.9139956463801E-01   0.2710281555353E+00
   75.466   0.3928225409763E+00  -0.9242091190333E-01   0.3054230205789E+00
   73.230   0.4282164061006E+00  -0.9317981923578E-01   0.3437110811894E+00
   70.994   0.4681227978965E+00  -0.9366435199317E-01   0.3864088206694E+00
   68.758   0.5131122989361E+00  -0.9384220094506E-01   0.4340822394864E+00
   66.522   0.5638702414749E+00  -0.9370314266914E-01   0.4874161617051E+00
   64.286   0.6211430780103E+00  -0.9322114685998E-01   0.5471555360541E+00
   62.050   0.6858150268116E+00  -0.9237716486461E-01   0.6141807788186E+00
   59.814   0.7588616913747E+00  -0.9113306494862E-01   0.6894780940728E+00
   57.578   0.8414625673403E+00  -0.8948837836109E-01   0.7742172222998E+00
   55.342   0.9349038751213E+00  -0.8741039841623E-01   0.8696897110778E+00
   53.106   0.1040701790371E+01  -0.8485908176698E-01   0.9774214733791E+00
   50.870   0.1160610035453E+01  -0.8183239721852E-01   0.1099152871558E+01
   48.635   0.1296590279906E+01  -0.7833133284363E-01   0.1236855702238E+01
   46.399   0.1450939019044E+01  -0.7427338072973E-01   0.1392838921808E+01
   44.163   0.1626283005673E+01  -0.6974331994988E-01   0.1569711546739E+01
   41.927   0.1825591937894E+01  -0.6466066276281E-01   0.1770452499718E+01
   39.691   0.2052352194983E+01  -0.5909933688279E-01   0.1998550021341E+01
   37.455   0.2310454604260E+01  -0.5310397580102E-01   0.2257898726003E+01
   35.219   0.2604476672320E+01  -0.4663610187194E-01   0.2553042446203E+01
   32.983   0.2939663640135E+01  -0.3990851423416E-01   0.2889254755649E+01
   30.747   0.3322050434903E+01  -0.3291459537412E-01   0.3272562698133E+01
   28.511   0.3758962227072E+01  -0.2580498146182E-01   0.3710230613482E+01
   26.276   0.4259030554628E+01  -0.1877812426100E-01   0.4210918672318E+01
   24.040   0.4833107477006E+01  -0.1195941909150E-01   0.4785235010113E+01
   21.804   0.5495406685039E+01  -0.5339441372950E-02   0.5447111652198E+01
   19.568   0.6265407990445E+01   0.8251352229387E-03   0.6215531904964E+01
   17.333   0.7171377083283E+01   0.6717835350738E-02   0.7118522306337E+01
   15.097   0.8256997648148E+01   0.1219385922974E-01   0.8200094471010E+01
   12.862   0.9594680243879E+01   0.1688425456872E-01   0.9534649756890E+01
   10.627   0.1131680417687E+02   0.2008167604779E-01   0.1125830541185E+02
    8.393   0.1369779534382E+02   0.2180880498620E-01   0.1364534034559E+02
    6.159   0.1740086576802E+02   0.2153161847518E-01   0.1735724354035E+02
    3.929   0.2452439711384E+02   0.1966935609535E-01   0.2449101152604E+02
    1.712   0.4722639438594E+02   0.1798353675525E-01   0.4720717088247E+02
    0.000   0.1596280422950E+03  -0.1241302051229E-19   0.1596280422950E+03
  1.  1.
  1.  1.
  5.80484615


 Note: Inputs used to generate the scattering phase
 ----  function are given in the header. The output
       is formatted into 4 columns, respectively
       Theta, P(Theta), Q(Theta), U(Theta)

       with Theta  : scattering angle
            (P,Q,U): 3 Stokes parameters
                     not normalized to 4 PI.

       The last 5 values stand for, respectively:
        wo(l) ; wo(l_ref)  -> single scatt. albedo
        Qext(l)/Qext(l_ref) ; 1  -> extinct. coeff.
        Qext(l_ref)  -> extinction coeff. at l_ref
                        [mic^-1]

