'Wavelength (nm):                        ' 560.00
'Reference wavelength (nm):              ' 560.00
'Number of scattering angles:            '     83
'Number of particle size distributions:  '      1
'Refractive index (Re,Im)              1:'  1.440    0.000E+00
'Reference refractive index (Re,Im):   1:'  1.440    0.000E+00
'Min,max,step of particle size (mic.)  1:'    0.0010   20.0000    0.0010
'Size distrib. (ind) & param. (a,b)    1:'      1    0.0100    4.8000
'Volume percentage                     1:' 0.10000E+01

  180.000   0.3737290335870E+00   0.7892367168054E-22  -0.3737290335870E+00
  178.288   0.3686614393349E+00   0.7801052573346E-03  -0.3635748189052E+00
  176.071   0.3593550946390E+00   0.5639993630474E-02  -0.3438686065331E+00
  173.841   0.3514052470417E+00   0.1143441275281E-01  -0.3236465746757E+00
  171.607   0.3470221645611E+00   0.1619472859021E-01  -0.3058861591249E+00
  169.373   0.3460675677274E+00   0.1906041447759E-01  -0.2912500738225E+00
  167.138   0.3467171902325E+00   0.2007944191734E-01  -0.2789453126700E+00
  164.903   0.3466601330400E+00   0.1925383429777E-01  -0.2680547812450E+00
  162.667   0.3444916010388E+00   0.1679538135144E-01  -0.2582432650611E+00
  160.432   0.3400541546395E+00   0.1318268135508E-01  -0.2492215489941E+00
  158.196   0.3337461010267E+00   0.8826853914102E-02  -0.2407143756930E+00
  155.960   0.3260948634317E+00   0.3975801355568E-02  -0.2324990896558E+00
  153.724   0.3175070478120E+00  -0.1122539125705E-02  -0.2244259803618E+00
  151.489   0.3084769306163E+00  -0.6544230982443E-02  -0.2163976594887E+00
  149.253   0.2996793776811E+00  -0.1258921948380E-01  -0.2084354721007E+00
  147.017   0.2914332819758E+00  -0.1916588670466E-01  -0.2005522002025E+00
  144.781   0.2838192147115E+00  -0.2611258600541E-01  -0.1927056289139E+00
  142.545   0.2768515412616E+00  -0.3331475423519E-01  -0.1848521482136E+00
  140.309   0.2705265557212E+00  -0.4069303165897E-01  -0.1769401365110E+00
  138.073   0.2648367824609E+00  -0.4820429453304E-01  -0.1689131302063E+00
  135.837   0.2597712487737E+00  -0.5581153697763E-01  -0.1607171657918E+00
  133.601   0.2553249324915E+00  -0.6349328260319E-01  -0.1523003667890E+00
  131.365   0.2514990924122E+00  -0.7123194786729E-01  -0.1436108961101E+00
  129.130   0.2483004582219E+00  -0.7901005728506E-01  -0.1345985434111E+00
  126.894   0.2457433445650E+00  -0.8681752414484E-01  -0.1252116494135E+00
  124.658   0.2438500318696E+00  -0.9463901723772E-01  -0.1153986390407E+00
  122.422   0.2426478085485E+00  -0.1024630777636E+00  -0.1051047414523E+00
  120.186   0.2421728957019E+00  -0.1102747733549E+00  -0.9427493807297E-01
  117.950   0.2424694757333E+00  -0.1180625545315E+00  -0.8285001988384E-01
  115.714   0.2435856923204E+00  -0.1258096252613E+00  -0.7076548969846E-01
  113.478   0.2455798722913E+00  -0.1335004015035E+00  -0.5795509143074E-01
  111.242   0.2485174502721E+00  -0.1411167826411E+00  -0.4434499976621E-01
  109.006   0.2524722147959E+00  -0.1486422505527E+00  -0.2985633072011E-01
  106.770   0.2575256005511E+00  -0.1560537107520E+00  -0.1440189977125E-01
  104.534   0.2637688573181E+00  -0.1633317667796E+00   0.2111954776279E-02
  102.298   0.2713010777621E+00  -0.1704500136397E+00   0.1978971000020E-01
  100.062   0.2802317316593E+00  -0.1773787780739E+00   0.3874120910415E-01
   97.826   0.2906803096497E+00  -0.1840894003014E+00   0.5908661936030E-01
   95.590   0.3027876235177E+00  -0.1905528209437E+00   0.8095830696464E-01
   93.354   0.3167098550350E+00  -0.1967434890271E+00   0.1045026787854E+00
   91.118   0.3326230496915E+00  -0.2026363772406E+00   0.1298877981513E+00
   90.000   0.3413855779339E+00  -0.2054618084551E+00   0.1433255587589E+00
   88.882   0.3507190263625E+00  -0.2082019263451E+00   0.1572928631330E+00
   86.646   0.3712138572854E+00  -0.2134101458728E+00   0.1869253541065E+00
   84.410   0.3943452422579E+00  -0.2182315396638E+00   0.2190108952389E+00
   82.174   0.4203795254610E+00  -0.2226341284827E+00   0.2538053589728E+00
   79.938   0.4496160338967E+00  -0.2265848960524E+00   0.2915967631648E+00
   77.702   0.4823821337096E+00  -0.2300492897993E+00   0.3327028385260E+00
   75.466   0.5190509907622E+00  -0.2329911157132E+00   0.3774865633680E+00
   73.230   0.5600381596087E+00  -0.2353734815607E+00   0.4263531557834E+00
   70.994   0.6058086193801E+00  -0.2371588908238E+00   0.4797594653887E+00
   68.758   0.6568830151189E+00  -0.2383051056437E+00   0.5382178071274E+00
   66.522   0.7138528176379E+00  -0.2387726845751E+00   0.6023122741168E+00
   64.286   0.7773767577105E+00  -0.2385194905446E+00   0.6726949021651E+00
   62.050   0.8482004367047E+00  -0.2375025778625E+00   0.7501057097967E+00
   59.814   0.9271601604740E+00  -0.2356765208299E+00   0.8353784952787E+00
   57.578   0.1015205706154E+01  -0.2330016146444E+00   0.9294578484588E+00
   55.342   0.1113397990015E+01  -0.2294354235767E+00   0.1033404356186E+01
   53.106   0.1222934990391E+01  -0.2249330183454E+00   0.1148416814756E+01
   50.870   0.1345170977011E+01  -0.2194621712315E+00   0.1275848513875E+01
   48.635   0.1481612419560E+01  -0.2129920598928E+00   0.1417209577290E+01
   46.399   0.1633960731846E+01  -0.2054884904225E+00   0.1574208353244E+01
   44.163   0.1804108758613E+01  -0.1969491106268E+00   0.1748739366842E+01
   41.927   0.1994164490415E+01  -0.1873601915965E+00   0.1942919221346E+01
   39.691   0.2206466828656E+01  -0.1767445570226E+00   0.2159095522421E+01
   37.455   0.2443588613442E+01  -0.1651404482188E+00   0.2399849967715E+01
   35.219   0.2708356236138E+01  -0.1525950286873E+00   0.2668013220221E+01
   32.983   0.3003845602168E+01  -0.1392229276430E+00   0.2966676542429E+01
   30.747   0.3333383078376E+01  -0.1251372377460E+00   0.3299173840756E+01
   28.511   0.3700578352452E+01  -0.1105011978970E+00   0.3669107842683E+01
   26.276   0.4109309088389E+01  -0.9553077070601E-01   0.4080351621079E+01
   24.040   0.4563822562141E+01  -0.8045998441761E-01   0.4537083532484E+01
   21.804   0.5068877782809E+01  -0.6553145840133E-01   0.5043967979408E+01
   19.568   0.5630016143028E+01  -0.5105707362226E-01   0.5606435791471E+01
   17.333   0.6254115893680E+01  -0.3731578535208E-01   0.6231379677287E+01
   15.097   0.6950433303868E+01  -0.2468454753728E-01   0.6928333105446E+01
   12.862   0.7732701221303E+01  -0.1365543361426E-01   0.7711774503112E+01
   10.627   0.8623907368831E+01  -0.4764886019406E-02   0.8605655281847E+01
    8.393   0.9667502270377E+01   0.1601086885116E-02   0.9653378793263E+01
    6.159   0.1095563876848E+02   0.5061516759428E-02   0.1094625657837E+02
    3.929   0.1272419164374E+02   0.5567348789812E-02   0.1271919260453E+02
    1.712   0.1590158191564E+02   0.3361159066125E-02   0.1590007256655E+02
    0.000   0.2229928078421E+02  -0.2424744300313E-20   0.2229928078421E+02
  1.  1.
  1.  1.
  16.6443424


 Note: Inputs used to generate the scattering phase
 ----  function are given in the header. The output
       is formatted into 4 columns, respectively
       Theta, P(Theta), Q(Theta), U(Theta)

       with Theta  : scattering angle
            (P,Q,U): 3 Stokes parameters
                     not normalized to 4 PI.

       The last 5 values stand for, respectively:
        wo(l) ; wo(l_ref)  -> single scatt. albedo
        Qext(l)/Qext(l_ref) ; 1  -> extinct. coeff.
        Qext(l_ref)  -> extinction coeff. at l_ref
                        [mic^-1]

