'Wavelength (nm):                        ' 560.00
'Reference wavelength (nm):              ' 560.00
'Number of scattering angles:            '     83
'Number of particle size distributions:  '      1
'Refractive index (Re,Im)              1:'  1.440    0.000E+00
'Reference refractive index (Re,Im):   1:'  1.440    0.000E+00
'Min,max,step of particle size (mic.)  1:'    0.0010   20.0000    0.0010
'Size distrib. (ind) & param. (a,b)    1:'      1    0.0100    3.7000
'Volume percentage                     1:' 0.10000E+01

  180.000   0.4604981318181E+00   0.7225655875040E-22  -0.4604981318181E+00
  178.288   0.4180726819200E+00   0.4689470539587E-02  -0.2589641678126E+00
  176.071   0.3713957671592E+00   0.2496913498142E-01  -0.1633321739413E+00
  173.841   0.3401352878568E+00   0.3617689390866E-01  -0.1081745483763E+00
  171.607   0.3247903774184E+00   0.3994203209025E-01  -0.7597264410479E-01
  169.373   0.3226855254674E+00   0.3708075717556E-01  -0.5984756100859E-01
  167.138   0.3274372876389E+00   0.3164566832943E-01  -0.5249168184948E-01
  164.903   0.3307230103086E+00   0.2371378572962E-01  -0.4862651445299E-01
  162.667   0.3282289995308E+00   0.1395632151764E-01  -0.4787664229099E-01
  160.432   0.3207979311385E+00   0.4555115162286E-02  -0.4886542395385E-01
  158.196   0.3102595545271E+00  -0.4158508282537E-02  -0.5040463532387E-01
  155.960   0.2979583350638E+00  -0.1194228023680E-01  -0.5148458221786E-01
  153.724   0.2789204915092E+00  -0.1088764224280E-01  -0.5118315789102E-01
  151.489   0.2465056303488E+00   0.3635254830525E-02  -0.4726361956896E-01
  149.253   0.2169537366715E+00   0.1227571684346E-01  -0.4223750356840E-01
  147.017   0.1952581145371E+00   0.1396055704752E-01  -0.3776725564592E-01
  144.781   0.1790967534312E+00   0.1248910024590E-01  -0.3381402180522E-01
  142.545   0.1665716919500E+00   0.9766772473372E-02  -0.3025861561724E-01
  140.309   0.1566616152623E+00   0.6610489160713E-02  -0.2697113513534E-01
  138.073   0.1487788960483E+00   0.3290226491698E-02  -0.2382815808533E-01
  135.837   0.1425034830795E+00  -0.2851960080075E-05  -0.2074509096024E-01
  133.601   0.1375569804624E+00  -0.3228831124673E-02  -0.1765494760607E-01
  131.365   0.1337433604012E+00  -0.6366779755293E-02  -0.1449511454576E-01
  129.130   0.1309157132088E+00  -0.9389721815653E-02  -0.1122345260364E-01
  126.894   0.1289625062021E+00  -0.1233609128116E-01  -0.7784359703015E-02
  124.658   0.1278210685902E+00  -0.1518481160605E-01  -0.4144003359579E-02
  122.422   0.1274309146038E+00  -0.1796810604483E-01  -0.2465500110803E-03
  120.186   0.1277673530386E+00  -0.2067692157372E-01   0.3941583567627E-02
  117.950   0.1288341907829E+00  -0.2335347018167E-01   0.8463827260805E-02
  115.714   0.1306155561666E+00  -0.2598937580739E-01   0.1339205455775E-01
  113.478   0.1331408571663E+00  -0.2860687253256E-01   0.1876810643961E-01
  111.242   0.1364484018331E+00  -0.3121073402664E-01   0.2466672395883E-01
  109.006   0.1405923518297E+00  -0.3384248610173E-01   0.3116896502504E-01
  106.770   0.1456314439917E+00  -0.3648619706543E-01   0.3839092582920E-01
  104.534   0.1516202462146E+00  -0.3916472717139E-01   0.4645523623055E-01
  102.298   0.1585250647710E+00  -0.4176479132209E-01   0.5550328962396E-01
  100.062   0.1662358317311E+00  -0.4406543586418E-01   0.6556134566230E-01
   97.826   0.1746309930754E+00  -0.4587548322196E-01   0.7656838879251E-01
   95.590   0.1839134312017E+00  -0.4724216078477E-01   0.8852271938648E-01
   93.354   0.1944647164439E+00  -0.4843223740879E-01   0.1016502296113E+00
   91.118   0.2065340659157E+00  -0.4953151345488E-01   0.1162501056602E+00
   90.000   0.2131586648577E+00  -0.5000491382277E-01   0.1241097189351E+00
   88.882   0.2201993950307E+00  -0.5043420254195E-01   0.1323680919795E+00
   86.646   0.2357266937057E+00  -0.5117638392024E-01   0.1502653189752E+00
   84.410   0.2533448331950E+00  -0.5177196681956E-01   0.1701791927619E+00
   82.174   0.2732988285994E+00  -0.5218974638623E-01   0.1923302720196E+00
   79.938   0.2959348928276E+00  -0.5244225110133E-01   0.2170734551132E+00
   77.702   0.3215252355909E+00  -0.5250631057596E-01   0.2446794767332E+00
   75.466   0.3505020863217E+00  -0.5237485369598E-01   0.2755847527460E+00
   73.230   0.3832859002535E+00  -0.5203408152995E-01   0.3101951588726E+00
   70.994   0.4203785513707E+00  -0.5148723113567E-01   0.3490319206551E+00
   68.758   0.4623276778933E+00  -0.5070427258039E-01   0.3926347552133E+00
   66.522   0.5098168036229E+00  -0.4969602943476E-01   0.4416897399447E+00
   64.286   0.5635668680488E+00  -0.4844294009973E-01   0.4969169735622E+00
   62.050   0.6244607015188E+00  -0.4694779067920E-01   0.5591933060843E+00
   59.814   0.6934304083444E+00  -0.4517301744758E-01   0.6294687372003E+00
   57.578   0.7716746405371E+00  -0.4316064281575E-01   0.7089292854814E+00
   55.342   0.8604300001813E+00  -0.4087651981781E-01   0.7988150786901E+00
   53.106   0.9612271500847E+00  -0.3830269452260E-01   0.9006760307858E+00
   50.870   0.1075799341289E+01  -0.3545583729064E-01   0.1016214887276E+01
   48.635   0.1206121250197E+01  -0.3239075243669E-01   0.1147425819162E+01
   46.399   0.1354475386079E+01  -0.2897100368968E-01   0.1296601500796E+01
   44.163   0.1523566441201E+01  -0.2539193199086E-01   0.1466416069604E+01
   41.927   0.1716340090617E+01  -0.2150717556856E-01   0.1659821688889E+01
   39.691   0.1936468085620E+01  -0.1747175521915E-01   0.1880487387457E+01
   37.455   0.2187881304710E+01  -0.1334074369929E-01   0.2132344645677E+01
   35.219   0.2475447828549E+01  -0.9025466310242E-02   0.2420195784155E+01
   32.983   0.2804770786436E+01  -0.4849723904945E-02   0.2749682724319E+01
   30.747   0.3182303058996E+01  -0.6982932056060E-03   0.3127234496154E+01
   28.511   0.3616385304522E+01   0.3219982383400E-02   0.3561090159196E+01
   26.276   0.4116892215715E+01   0.6712332393579E-02   0.4061198186233E+01
   24.040   0.4696727665051E+01   0.9718528429498E-02   0.4640106107122E+01
   21.804   0.5373658779544E+01   0.1240828166810E-01   0.5315228949705E+01
   19.568   0.6173089015008E+01   0.1447416339809E-01   0.6111222820552E+01
   17.333   0.7133485017024E+01   0.1643010407155E-01   0.7066098854023E+01
   15.097   0.8316865438567E+01   0.1825157859877E-01   0.8242003179425E+01
   12.862   0.9830353388981E+01   0.1974767493915E-01   0.9748433238216E+01
   10.627   0.1187843946617E+02   0.2009277197276E-01   0.1179532593993E+02
    8.393   0.1490700567491E+02   0.1980846095303E-01   0.1482793038251E+02
    6.159   0.2006539105612E+02   0.1853353051901E-01   0.1999347525834E+02
    3.929   0.3134715667428E+02   0.1778080329717E-01   0.3128411426349E+02
    1.712   0.7589225763827E+02   0.2551535893191E-01   0.7584664132950E+02
    0.000   0.3803704385629E+03  -0.3211802396396E-19   0.3803704385629E+03
  0.999999999  0.999999999
  1.  1.
  4.43195627


 Note: Inputs used to generate the scattering phase
 ----  function are given in the header. The output
       is formatted into 4 columns, respectively
       Theta, P(Theta), Q(Theta), U(Theta)

       with Theta  : scattering angle
            (P,Q,U): 3 Stokes parameters
                     not normalized to 4 PI.

       The last 5 values stand for, respectively:
        wo(l) ; wo(l_ref)  -> single scatt. albedo
        Qext(l)/Qext(l_ref) ; 1  -> extinct. coeff.
        Qext(l_ref)  -> extinction coeff. at l_ref
                        [mic^-1]

