'Wavelength (nm):                        ' 560.00
'Reference wavelength (nm):              ' 560.00
'Number of scattering angles:            '     83
'Number of particle size distributions:  '      1
'Refractive index (Re,Im)              1:'  1.440    0.000E+00
'Reference refractive index (Re,Im):   1:'  1.440    0.000E+00
'Min,max,step of particle size (mic.)  1:'    0.0010   20.0000    0.0010
'Size distrib. (ind) & param. (a,b)    1:'      1    0.0100    4.1000
'Volume percentage                     1:' 0.10000E+01

  180.000   0.3657428211043E+00   0.6387465914596E-22  -0.3657428211043E+00
  178.288   0.3465542040087E+00   0.1589917660580E-02  -0.2975600581186E+00
  176.071   0.3232862501116E+00   0.1430158183509E-01  -0.2372275639082E+00
  173.841   0.3063985721612E+00   0.2496518525449E-01  -0.1929766614073E+00
  171.607   0.2989599764768E+00   0.3146043120012E-01  -0.1623088998352E+00
  169.373   0.2999168822448E+00   0.3343874178978E-01  -0.1427164799989E+00
  167.138   0.3048615608716E+00   0.3276564966457E-01  -0.1299373700910E+00
  164.903   0.3081537037549E+00   0.2971633779426E-01  -0.1205724870465E+00
  162.667   0.3067194830258E+00   0.2486798625251E-01  -0.1138443253643E+00
  160.432   0.3008320102200E+00   0.1956753322517E-01  -0.1087734765465E+00
  158.196   0.2916093682729E+00   0.1461952622161E-01  -0.1044789380493E+00
  155.960   0.2800060261595E+00   0.1045831978260E-01  -0.1002717220192E+00
  153.724   0.2652321151433E+00   0.9182625830361E-02  -0.9565399634188E-01
  151.489   0.2469700389092E+00   0.1080114810345E-01  -0.9009921789501E-01
  149.253   0.2300140848450E+00   0.1030678466470E-01  -0.8434579656155E-01
  147.017   0.2159798200804E+00   0.7577677957203E-02  -0.7889769056515E-01
  144.781   0.2044068716880E+00   0.3722526844551E-02  -0.7373793416652E-01
  142.545   0.1947751763702E+00  -0.6295964657201E-03  -0.6881817161301E-01
  140.309   0.1867359294740E+00  -0.5157927822662E-02  -0.6406321082395E-01
  138.073   0.1800515327219E+00  -0.9746721325037E-02  -0.5938811074065E-01
  135.837   0.1745289862037E+00  -0.1430626858776E-01  -0.5472336048231E-01
  133.601   0.1700301584687E+00  -0.1881596124418E-01  -0.5000847341066E-01
  131.365   0.1664530961282E+00  -0.2326539839574E-01  -0.4518499827014E-01
  129.130   0.1637191982845E+00  -0.2764130801411E-01  -0.4020417523113E-01
  126.894   0.1617717740125E+00  -0.3196248855908E-01  -0.3501242002549E-01
  124.658   0.1605793737369E+00  -0.3622037782964E-01  -0.2956471172806E-01
  122.422   0.1601158901701E+00  -0.4042947466943E-01  -0.2380630557521E-01
  120.186   0.1603770075632E+00  -0.4458611058498E-01  -0.1769160404043E-01
  117.950   0.1613753332539E+00  -0.4870842203899E-01  -0.1116814191822E-01
  115.714   0.1631187204716E+00  -0.5279078842447E-01  -0.4170329478506E-02
  113.478   0.1656395791554E+00  -0.5683945429278E-01   0.3357130871524E-02
  111.242   0.1689778944330E+00  -0.6085137468058E-01   0.1148716373586E-01
  109.006   0.1731849119790E+00  -0.6483780206921E-01   0.2029628962796E-01
  106.770   0.1783176673024E+00  -0.6878146707010E-01   0.2987778633283E-01
  104.534   0.1844415114577E+00  -0.7268548229297E-01   0.4032907066739E-01
  102.298   0.1916061510500E+00  -0.7650781314768E-01   0.5176417963097E-01
  100.062   0.1998543538655E+00  -0.8017846176280E-01   0.6426994775399E-01
   97.826   0.2092295020073E+00  -0.8363764278657E-01   0.7792253034666E-01
   95.590   0.2198728790681E+00  -0.8687342651687E-01   0.9281670148536E-01
   93.354   0.2319760889203E+00  -0.8993196549330E-01   0.1091029915026E+00
   91.118   0.2457328707250E+00  -0.9283227107504E-01   0.1269807682418E+00
   90.000   0.2532832107394E+00  -0.9421171249082E-01   0.1365598082311E+00
   88.882   0.2613111616806E+00  -0.9554478632280E-01   0.1465976820517E+00
   86.646   0.2789393698553E+00  -0.9806513206793E-01   0.1681815542589E+00
   84.410   0.2988543016648E+00  -0.1003886107836E+00   0.1919617131349E+00
   82.174   0.3213253945361E+00  -0.1024963843197E+00   0.2181996457830E+00
   79.938   0.3466763986211E+00  -0.1043770665992E+00   0.2472144703868E+00
   77.702   0.3752313592480E+00  -0.1060107488790E+00   0.2793290081574E+00
   75.466   0.4074027163613E+00  -0.1073779367903E+00   0.3149523159561E+00
   73.230   0.4436366902807E+00  -0.1084583879258E+00   0.3545228934065E+00
   70.994   0.4844438370269E+00  -0.1092358701030E+00   0.3985548941253E+00
   68.758   0.5303972080005E+00  -0.1096769429214E+00   0.4476170571749E+00
   66.522   0.5821783957544E+00  -0.1097657805026E+00   0.5023896623039E+00
   64.286   0.6405350363526E+00  -0.1094738033123E+00   0.5636184255426E+00
   62.050   0.7063456136910E+00  -0.1087766726292E+00   0.6321784033261E+00
   59.814   0.7805867168727E+00  -0.1076350343197E+00   0.7090545945624E+00
   57.578   0.8644238345512E+00  -0.1060388490461E+00   0.7954038839651E+00
   55.342   0.9591399575057E+00  -0.1039536927049E+00   0.8925142287221E+00
   53.106   0.1066234070897E+01  -0.1013360232297E+00   0.1001892446835E+01
   50.870   0.1187440091783E+01  -0.9817698912947E-01   0.1125262479253E+01
   48.635   0.1324695680364E+01  -0.9446706775661E-01   0.1264570458667E+01
   46.399   0.1480263778270E+01  -0.9013394818655E-01   0.1422091325368E+01
   44.163   0.1656719319612E+01  -0.8523864263570E-01   0.1600386082360E+01
   41.927   0.1856981846988E+01  -0.7971404860118E-01   0.1802383594636E+01
   39.691   0.2084441576811E+01  -0.7361777115833E-01   0.2031477287739E+01
   37.455   0.2342897011833E+01  -0.6699025799485E-01   0.2291470152975E+01
   35.219   0.2636767762770E+01  -0.5980744262660E-01   0.2586756132502E+01
   32.983   0.2971097080037E+01  -0.5225617097538E-01   0.2922403922118E+01
   30.747   0.3351661772852E+01  -0.4435415444236E-01   0.3304185723021E+01
   28.511   0.3785364712438E+01  -0.3624585928259E-01   0.3738954103719E+01
   26.276   0.4280286737815E+01  -0.2813060069883E-01   0.4234808157280E+01
   24.040   0.4846446129086E+01  -0.2015177630903E-01   0.4801553186206E+01
   21.804   0.5496754305251E+01  -0.1234614542416E-01   0.5451845301499E+01
   19.568   0.6248635535047E+01  -0.4969013408394E-02   0.6202683173073E+01
   17.333   0.7126994324339E+01   0.2072716527291E-02   0.7078787751498E+01
   15.097   0.8169764855184E+01   0.8592730700645E-02   0.8118449172826E+01
   12.862   0.9438976952474E+01   0.1418196503455E-01   0.9385519855298E+01
   10.627   0.1104648783070E+02   0.1815901211730E-01   0.1099509331221E+02
    8.393   0.1322053042765E+02   0.2043015179794E-01   0.1317532177784E+02
    6.159   0.1650145200931E+02   0.2044561500513E-01   0.1646494366833E+02
    3.929   0.2254789560080E+02   0.1842652934657E-01   0.2252120247113E+02
    1.712   0.4048164060293E+02   0.1530820033712E-01   0.4046742799183E+02
    0.000   0.1200684121248E+03  -0.9191402555752E-20   0.1200684121248E+03
  1.  1.
  1.  1.
  6.46545426


 Note: Inputs used to generate the scattering phase
 ----  function are given in the header. The output
       is formatted into 4 columns, respectively
       Theta, P(Theta), Q(Theta), U(Theta)

       with Theta  : scattering angle
            (P,Q,U): 3 Stokes parameters
                     not normalized to 4 PI.

       The last 5 values stand for, respectively:
        wo(l) ; wo(l_ref)  -> single scatt. albedo
        Qext(l)/Qext(l_ref) ; 1  -> extinct. coeff.
        Qext(l_ref)  -> extinction coeff. at l_ref
                        [mic^-1]

