'Wavelength (nm):                        ' 560.00
'Reference wavelength (nm):              ' 560.00
'Number of scattering angles:            '     83
'Number of particle size distributions:  '      1
'Refractive index (Re,Im)              1:'  1.440    0.000E+00
'Reference refractive index (Re,Im):   1:'  1.440    0.000E+00
'Min,max,step of particle size (mic.)  1:'    0.0010   20.0000    0.0010
'Size distrib. (ind) & param. (a,b)    1:'      1    0.0100    3.1000
'Volume percentage                     1:' 0.10000E+01

  180.000   0.8579535472239E+00   0.1556392304839E-21  -0.8579535472239E+00
  178.288   0.7185657211860E+00   0.3243566656427E-01  -0.3927079841038E-01
  176.071   0.5519835678937E+00   0.5872884415453E-01   0.4401493773981E-01
  173.841   0.4645290199845E+00   0.5816664334482E-01   0.6832891474918E-01
  171.607   0.4169243402949E+00   0.4820971689575E-01   0.7328990918538E-01
  169.373   0.3952264437134E+00   0.3092861621356E-01   0.6634768896903E-01
  167.138   0.3887955990288E+00   0.1322393376688E-01   0.5475249869488E-01
  164.903   0.3854635561591E+00  -0.7073554280546E-02   0.4398127967763E-01
  162.667   0.3792378676589E+00  -0.2958258625138E-01   0.3121940568163E-01
  160.432   0.3713039875505E+00  -0.4996724690731E-01   0.1743201059761E-01
  158.196   0.3665742690110E+00  -0.7626878776342E-01   0.2943799865814E-02
  155.960   0.3707935498904E+00  -0.1129348210186E+00  -0.1136507741475E-01
  153.724   0.3627016223281E+00  -0.1254150284679E+00  -0.2504573902494E-01
  151.489   0.2806730642015E+00  -0.5504511564828E-01  -0.2292441327984E-01
  149.253   0.2066774300087E+00  -0.7638627519058E-02  -0.1594861898871E-01
  147.017   0.1643817865324E+00   0.8639664718160E-02  -0.1128127689429E-01
  144.781   0.1395349333909E+00   0.1283810977738E-01  -0.8265347405066E-02
  142.545   0.1231192954673E+00   0.1304286256721E-01  -0.6146473717811E-02
  140.309   0.1114583646183E+00   0.1192686220873E-01  -0.4509231551717E-02
  138.073   0.1029104713851E+00   0.1026656640886E-01  -0.3107371602729E-02
  135.837   0.9652477926506E-01   0.8515484503306E-02  -0.1816591638815E-02
  133.601   0.9175349038644E-01   0.6767305890529E-02  -0.5539598608987E-03
  131.365   0.8825443134515E-01   0.5073597672855E-02   0.7519481232683E-03
  129.130   0.8579488278337E-01   0.3496062392440E-02   0.2120560669993E-02
  126.894   0.8419036373886E-01   0.1963895345535E-02   0.3614102912915E-02
  124.658   0.8335986331478E-01   0.5371413372993E-03   0.5238806072779E-02
  122.422   0.8321260915443E-01  -0.8503705621175E-03   0.7055603295433E-02
  120.186   0.8371352770381E-01  -0.2165156631489E-02   0.9070671759371E-02
  117.950   0.8488849331201E-01  -0.3502389365730E-02   0.1130176682793E-01
  115.714   0.8670484793784E-01  -0.4845546991378E-02   0.1385069737225E-01
  113.478   0.8923581571971E-01  -0.6265754654095E-02   0.1672743113047E-01
  111.242   0.9258253201430E-01  -0.7812392571501E-02   0.2001239566993E-01
  109.006   0.9689347242080E-01  -0.9647912385462E-02   0.2382845274558E-01
  106.770   0.1023421553867E+00  -0.1183492139655E-01   0.2842686962138E-01
  104.534   0.1090206130277E+00  -0.1448325862261E-01   0.3411374943028E-01
  102.298   0.1164991946241E+00  -0.1709721021922E-01   0.4118396036982E-01
  100.062   0.1237885198995E+00  -0.1855724192064E-01   0.4931311358066E-01
   97.826   0.1299144169646E+00  -0.1788698132912E-01   0.5759422733601E-01
   95.590   0.1356462956824E+00  -0.1570474471713E-01   0.6558914940476E-01
   93.354   0.1427822102238E+00  -0.1376384602932E-01   0.7434508998782E-01
   91.118   0.1517499040575E+00  -0.1229030698339E-01   0.8480838509201E-01
   90.000   0.1566683956391E+00  -0.1140535524524E-01   0.9044336924655E-01
   88.882   0.1618884682972E+00  -0.1044315391372E-01   0.9632820302873E-01
   86.646   0.1737751508649E+00  -0.8529543196778E-02   0.1093978931262E+00
   84.410   0.1876417060895E+00  -0.6583217113216E-02   0.1244321157130E+00
   82.174   0.2035765843713E+00  -0.4418009351420E-02   0.1413418688173E+00
   79.938   0.2220919414413E+00  -0.2170393618995E-02   0.1607724946670E+00
   77.702   0.2432396944883E+00   0.2760196790911E-03   0.1827147870624E+00
   75.466   0.2675670822138E+00   0.2880388652466E-02   0.2077844047302E+00
   73.230   0.2953695237476E+00   0.5684192515840E-02   0.2362056605719E+00
   70.994   0.3271437544866E+00   0.8638048315405E-02   0.2685696242435E+00
   68.758   0.3633293107647E+00   0.1177086925700E-01   0.3052761980861E+00
   66.522   0.4045578699966E+00   0.1500588233419E-01   0.3469757857981E+00
   64.286   0.4514243290178E+00   0.1836987215417E-01   0.3942560091374E+00
   62.050   0.5047645234158E+00   0.2176808213237E-01   0.4479489595187E+00
   59.814   0.5652154266755E+00   0.2528662559401E-01   0.5087106699121E+00
   57.578   0.6339888894991E+00   0.2867996328180E-01   0.5777705056874E+00
   55.342   0.7118714744601E+00   0.3210097061986E-01   0.6558727241045E+00
   53.106   0.8004246459925E+00   0.3537247636590E-01   0.7446644471443E+00
   50.870   0.9007740038853E+00   0.3856464230406E-01   0.8451429437155E+00
   48.635   0.1014914712765E+01   0.4128960668777E-01   0.9593993936185E+00
   46.399   0.1144278797017E+01   0.4404128578185E-01   0.1088813436727E+01
   44.163   0.1291694603459E+01   0.4609648136634E-01   0.1236191643002E+01
   41.927   0.1458801049391E+01   0.4799987155952E-01   0.1403135527730E+01
   39.691   0.1649531861595E+01   0.4913657586541E-01   0.1593590853591E+01
   37.455   0.1866229082883E+01   0.4959630877413E-01   0.1809872984035E+01
   35.219   0.2113532465980E+01   0.4949070482991E-01   0.2056479070203E+01
   32.983   0.2396272584206E+01   0.4814875731223E-01   0.2338300708900E+01
   30.747   0.2718990850481E+01   0.4620755040389E-01   0.2659774919915E+01
   28.511   0.3090604006555E+01   0.4288818456589E-01   0.3029632857867E+01
   26.276   0.3519899966387E+01   0.3813085307908E-01   0.3456855499308E+01
   24.040   0.4018927498274E+01   0.3212538759406E-01   0.3952861640907E+01
   21.804   0.4607395316958E+01   0.2529360718686E-01   0.4537023309328E+01
   19.568   0.5315326613621E+01   0.1684738613323E-01   0.5238121571987E+01
   17.333   0.6191920483497E+01   0.8026044337480E-02   0.6104376299527E+01
   15.097   0.7323276158180E+01  -0.1252144122624E-02   0.7221096729368E+01
   12.862   0.8871291678439E+01  -0.1073348436733E-01   0.8751779012387E+01
   10.627   0.1117544362311E+02  -0.2203017328296E-01   0.1104402511208E+02
    8.393   0.1505997852098E+02  -0.3367474756349E-01   0.1491829374661E+02
    6.159   0.2295246454006E+02  -0.4576933136485E-01   0.2279858173461E+02
    3.929   0.4508642711716E+02  -0.5422556844294E-01   0.4491250497800E+02
    1.712   0.1774863162986E+03  -0.5398337185993E-02   0.1772951885371E+03
    0.000   0.1849274392486E+04  -0.1883334519562E-18   0.1849274392486E+04
  1.  1.
  1.  1.
  3.63973508


 Note: Inputs used to generate the scattering phase
 ----  function are given in the header. The output
       is formatted into 4 columns, respectively
       Theta, P(Theta), Q(Theta), U(Theta)

       with Theta  : scattering angle
            (P,Q,U): 3 Stokes parameters
                     not normalized to 4 PI.

       The last 5 values stand for, respectively:
        wo(l) ; wo(l_ref)  -> single scatt. albedo
        Qext(l)/Qext(l_ref) ; 1  -> extinct. coeff.
        Qext(l_ref)  -> extinction coeff. at l_ref
                        [mic^-1]

