'Wavelength (nm):                        ' 560.00
'Reference wavelength (nm):              ' 560.00
'Number of scattering angles:            '     83
'Number of particle size distributions:  '      1
'Refractive index (Re,Im)              1:'  1.440    0.000E+00
'Reference refractive index (Re,Im):   1:'  1.440    0.000E+00
'Min,max,step of particle size (mic.)  1:'    0.0010   20.0000    0.0010
'Size distrib. (ind) & param. (a,b)    1:'      1    0.0100    5.3000
'Volume percentage                     1:' 0.10000E+01

  180.000   0.4701777459929E+00   0.8667333037428E-22  -0.4701777459929E+00
  178.288   0.4681434471311E+00   0.3971112919863E-03  -0.4672322467605E+00
  176.071   0.4631194109306E+00   0.2381953204260E-02  -0.4589601588008E+00
  173.841   0.4579204736631E+00   0.4871613752676E-02  -0.4486492230927E+00
  171.607   0.4539070318199E+00   0.6813029184486E-02  -0.4380869808192E+00
  169.373   0.4512088336606E+00   0.7588333859538E-02  -0.4279648854403E+00
  167.138   0.4490863481204E+00   0.6983360061468E-02  -0.4182465997448E+00
  164.903   0.4465321841151E+00   0.4901890852675E-02  -0.4087250313525E+00
  162.667   0.4428773096231E+00   0.1399549322148E-02  -0.3993292770134E+00
  160.432   0.4379713905165E+00  -0.3326876566189E-02  -0.3900050757347E+00
  158.196   0.4319637552463E+00  -0.9069620785929E-02  -0.3806878499829E+00
  155.960   0.4251161841647E+00  -0.1566664367095E-01  -0.3713139109460E+00
  153.724   0.4176930780304E+00  -0.2298069186786E-01  -0.3618305653627E+00
  151.489   0.4099605494963E+00  -0.3094647851673E-01  -0.3521927638452E+00
  149.253   0.4021625770044E+00  -0.3952642449557E-01  -0.3423753719921E+00
  147.017   0.3944563270306E+00  -0.4863351711342E-01  -0.3323541783267E+00
  144.781   0.3869381392565E+00  -0.5818336480819E-01  -0.3220940423206E+00
  142.545   0.3796752289209E+00  -0.6810636274862E-01  -0.3115593793421E+00
  140.309   0.3727202306684E+00  -0.7834394158378E-01  -0.3007112456720E+00
  138.073   0.3661188715716E+00  -0.8884932794940E-01  -0.2895079380739E+00
  135.837   0.3599127301412E+00  -0.9957927060485E-01  -0.2779072628361E+00
  133.601   0.3541437919234E+00  -0.1104959500417E+00  -0.2658666648019E+00
  131.365   0.3488558803466E+00  -0.1215635565947E+00  -0.2533424605166E+00
  129.130   0.3440952985710E+00  -0.1327467250521E+00  -0.2402902757831E+00
  126.894   0.3399121972423E+00  -0.1440124336091E+00  -0.2266639417262E+00
  124.658   0.3363610154778E+00  -0.1553262485991E+00  -0.2124156857171E+00
  122.422   0.3335001122238E+00  -0.1666545207859E+00  -0.1974951165072E+00
  120.186   0.3313931749851E+00  -0.1779625358798E+00  -0.1818497035116E+00
  117.950   0.3301091769995E+00  -0.1892160826681E+00  -0.1654234013292E+00
  115.714   0.3297215371431E+00  -0.2003792336409E+00  -0.1481561051124E+00
  113.478   0.3303100917926E+00  -0.2114159321904E+00  -0.1299842428409E+00
  111.242   0.3319605328239E+00  -0.2222891054155E+00  -0.1108389065803E+00
  109.006   0.3347650318506E+00  -0.2329616742831E+00  -0.9064609578606E-01
  106.770   0.3388223791410E+00  -0.2433944660240E+00  -0.6932547620063E-01
  104.534   0.3442390214247E+00  -0.2535489858558E+00  -0.4679038811071E-01
  102.298   0.3511291179798E+00  -0.2633847927288E+00  -0.2294607022623E-01
  100.062   0.3596156219706E+00  -0.2728605056692E+00   0.2309575070961E-02
   97.826   0.3698306325036E+00  -0.2819348212946E+00   0.2908802578930E-01
   95.590   0.3819182955938E+00  -0.2905655080722E+00   0.5751109102379E-01
   93.354   0.3960340493144E+00  -0.2987105346220E+00   0.8771158975503E-01
   91.118   0.4123473664650E+00  -0.3063282686750E+00   0.1198366113830E+00
   90.000   0.4213848779494E+00  -0.3099261233830E+00   0.1366701855017E+00
   88.882   0.4310416916328E+00  -0.3133762480608E+00   0.1540463374041E+00
   86.646   0.4523170905857E+00  -0.3198117272755E+00   0.1905190104427E+00
   84.410   0.4763909674258E+00  -0.3255923559454E+00   0.2294496664436E+00
   82.174   0.5035012203127E+00  -0.3306754607659E+00   0.2710549823992E+00
   79.938   0.5339086453814E+00  -0.3350182982291E+00   0.3155749811700E+00
   77.702   0.5678973299193E+00  -0.3385781807567E+00   0.3632743339727E+00
   75.466   0.6057809352712E+00  -0.3413124517308E+00   0.4144481306153E+00
   73.230   0.6479041416327E+00  -0.3431789372844E+00   0.4694235443113E+00
   70.994   0.6946462681518E+00  -0.3441360364446E+00   0.5285641938535E+00
   68.758   0.7464255134365E+00  -0.3441417615342E+00   0.5922739414766E+00
   66.522   0.8037058014767E+00  -0.3431560889033E+00   0.6610040524780E+00
   64.286   0.8669984560169E+00  -0.3411398093952E+00   0.7352549253227E+00
   62.050   0.9368702778530E+00  -0.3380551059916E+00   0.8155844916425E+00
   59.814   0.1013948389468E+01  -0.3338657780246E+00   0.9026135200158E+00
   57.578   0.1098929154501E+01  -0.3285399575155E+00   0.9970331405854E+00
   55.342   0.1192580784236E+01  -0.3220484443012E+00   0.1099609648421E+01
   53.106   0.1295753505373E+01  -0.3143653682843E+00   0.1211193606957E+01
   50.870   0.1409387557023E+01  -0.3054737453517E+00   0.1332727146475E+01
   48.635   0.1534513595918E+01  -0.2953631362919E+00   0.1465246167120E+01
   46.399   0.1672265739441E+01  -0.2840301898284E+00   0.1609893126334E+01
   44.163   0.1823878505402E+01  -0.2714894776352E+00   0.1767911304700E+01
   41.927   0.1990690715607E+01  -0.2577643089556E+00   0.1940652254480E+01
   39.691   0.2174141769782E+01  -0.2429014687472E+00   0.2129570053266E+01
   37.455   0.2375762217943E+01  -0.2269680704621E+00   0.2336211365139E+01
   35.219   0.2597158741824E+01  -0.2100530310187E+00   0.2562199298446E+01
   32.983   0.2839989050816E+01  -0.1922849015358E+00   0.2809212028211E+01
   30.747   0.3105925317226E+01  -0.1738166375973E+00   0.3078940023319E+01
   28.511   0.3396616814834E+01  -0.1548401346582E+00   0.3373045531878E+01
   26.276   0.3713624306704E+01  -0.1355899092231E+00   0.3693099247191E+01
   24.040   0.4058371309102E+01  -0.1163322482936E+00   0.4040512513404E+01
   21.804   0.4432092748705E+01  -0.9736194505518E-01   0.4416498799893E+01
   19.568   0.4835786467007E+01  -0.7901618247228E-01   0.4822040109047E+01
   17.333   0.5270223825507E+01  -0.6164649818476E-01   0.5257954061284E+01
   15.097   0.5736037982069E+01  -0.4565148649863E-01   0.5725037177222E+01
   12.862   0.6234021243645E+01  -0.3147657329893E-01   0.6224407623794E+01
   10.627   0.6765972861271E+01  -0.1956310791483E-01   0.6758210635433E+01
    8.393   0.7336647949228E+01  -0.1026702598514E-01   0.7331154387119E+01
    6.159   0.7958116850345E+01  -0.3853683395897E-02   0.7954906533907E+01
    3.929   0.8662369308004E+01  -0.3548321759298E-03   0.8660988077996E+01
    1.712   0.9561151773796E+01   0.5096447155254E-03   0.9560875646366E+01
    0.000   0.1057112037887E+02  -0.1980258325412E-20   0.1057112037887E+02
  1.  1.
  1.  1.
  39.1351426


 Note: Inputs used to generate the scattering phase
 ----  function are given in the header. The output
       is formatted into 4 columns, respectively
       Theta, P(Theta), Q(Theta), U(Theta)

       with Theta  : scattering angle
            (P,Q,U): 3 Stokes parameters
                     not normalized to 4 PI.

       The last 5 values stand for, respectively:
        wo(l) ; wo(l_ref)  -> single scatt. albedo
        Qext(l)/Qext(l_ref) ; 1  -> extinct. coeff.
        Qext(l_ref)  -> extinction coeff. at l_ref
                        [mic^-1]

