**************************************************************
***  MERIS LUT-169: Fourier series terms (s0,..,s5)[TERM]] ***
***                 of polynomial coefficients (k0,..,k3)  ***
***                 for each of 81 aerosol models [IAER],  ***
***                 & for each of 78 geometries [SVZA]     ***
***  - - - - - - - - - - - - - - - - - - - - - - - - - - - ***
***  => useful for multiplicative aer.scat.fct. retrieval  ***
**************************************************************

12 Gaussian angles (deg): SZA/VZA
------------------------         

 2.84 17.64 28.77 36.19 43.61 51.03 58.46 65.88 69.59 73.30 77.01 80.72

Coefficients: [SVZA x (k0,k1,k2,k3)]
------------                        

 Aerosol model #10
 - - - - - - -  

Fourier series term #0
 1.00923 1.06934 0.595735 -0.0409183
 1.01125 1.17878 0.710217 -0.0590548
 1.01451 1.32805 0.888599 -0.0969305
 1.01738 1.44536 1.03646 -0.139498
 1.02287 1.76395 1.32991 -0.222895
 1.029 2.20705 1.64712 -0.34519
 1.03151 2.71104 1.77746 -0.471363
 1.02564 3.38572 1.51301 -0.533922
 1.01752 3.7841 1.09625 -0.485035
 1.00678 4.20309 0.409899 -0.335333
 1.00022 4.58808 -0.55477 -0.0542402
 1.01972 4.74611 -1.61564 0.326732
 1.01304 1.24283 0.806233 -0.080668
 1.01685 1.43721 1.02095 -0.129191
 1.02087 1.6636 1.24342 -0.189461
 1.0251 1.94113 1.47231 -0.273249
 1.02878 2.31264 1.66678 -0.38021
 1.02944 2.82647 1.72346 -0.491599
 1.02187 3.49537 1.39666 -0.531844
 1.01329 3.88376 0.964457 -0.472704
 1.00254 4.29995 0.281214 -0.317783
 0.996259 4.68425 -0.666072 -0.0368025
 1.01596 4.83462 -1.70076 0.33967
 1.02118 1.67479 1.25306 -0.188239
 1.02474 1.90507 1.44737 -0.256125
 1.02798 2.19621 1.62641 -0.343004
 1.02971 2.5666 1.73186 -0.440202
 1.02736 3.03257 1.65456 -0.520383
 1.01687 3.64072 1.21317 -0.517618
 1.00738 4.01603 0.760413 -0.442436
 0.996199 4.4241 0.0801154 -0.277752
 0.9901 4.79408 -0.843648 0.00538326
 1.01051 4.93232 -1.83741 0.37457
 1.02733 2.1356 1.57957 -0.320595
 1.02962 2.43562 1.69726 -0.402524
 1.03005 2.79801 1.71733 -0.484545
 1.02647 3.26333 1.55917 -0.542988
 1.01493 3.83139 1.0354 -0.508129
 1.00536 4.17143 0.551524 -0.415706
 0.994658 4.53714 -0.140387 -0.237538
 0.989485 4.89659 -1.05371 0.0506665
 1.0108 5.05114 -2.03349 0.421625
 1.0308 2.70263 1.75088 -0.48025
 1.02935 3.06129 1.69875 -0.546769
 1.02356 3.50107 1.46212 -0.580226
 1.01017 4.05369 0.881849 -0.518011
 1.00008 4.38123 0.375742 -0.410998
 0.989495 4.71807 -0.325787 -0.220041
 0.985465 5.02641 -1.22319 0.0736089
 1.00888 5.13118 -2.15897 0.437836
 1.0257 3.38952 1.55382 -0.585321
 1.01788 3.82193 1.24203 -0.588608
 1.00273 4.35365 0.59453 -0.49041
 0.992222 4.67349 0.0670378 -0.366599
 0.981956 5.01418 -0.648603 -0.16113
 0.979497 5.30591 -1.5453 0.14316
 1.00614 5.36013 -2.44846 0.50717
 1.0076 4.21202 0.842627 -0.550137
 0.990925 4.75385 0.134157 -0.41401
 0.980386 5.05638 -0.414801 -0.270395
 0.970931 5.38363 -1.14039 -0.0483029
 0.971268 5.66732 -2.0313 0.266539
 1.00361 5.69824 -2.89571 0.627424
 0.973765 5.25273 -0.62478 -0.2346
 0.963993 5.57517 -1.20009 -0.0688664
 0.957978 5.85642 -1.92016 0.169829
 0.963671 6.10167 -2.76865 0.485163
 1.00409 6.09099 -3.56244 0.833829
 0.957097 5.82466 -1.75733 0.103845
 0.953191 6.13111 -2.47035 0.346238
 0.963658 6.36053 -3.29089 0.660035
 1.01174 6.25639 -3.98124 0.98131
 0.953383 6.3923 -3.1518 0.588719
 0.971063 6.57 -3.90137 0.886981
 1.02829 6.39329 -4.47281 1.17183
 0.999422 6.60741 -4.49423 1.14115
 1.06818 6.36928 -4.91283 1.37032
 1.14753 5.95122 -5.04837 1.49668

Fourier series term #1
 -0.000447092 -0.0489226 -0.0288334 0.00200245
 -0.000286843 -0.0173759 -0.0166458 0.00148266
 -0.000273358 -0.00686263 -0.0137097 0.00181685
 -0.000446656 -0.0163292 -0.0226478 0.0036564
 -0.00105812 -0.0587795 -0.0558015 0.0104771
 -0.000884455 -0.0499762 -0.0407687 0.0105275
 -0.000630247 -0.0495965 -0.0194515 0.00845715
 -0.000303106 -0.0495778 0.0121528 0.00179664
 -0.000209777 -0.0477017 0.0299294 -0.00347208
 -0.000293432 -0.0407805 0.0459847 -0.00951194
 -0.000735025 -0.0259153 0.0545875 -0.0144416
 -0.00163312 -0.00225849 0.04815 -0.0149352
 -0.00128248 -0.0526504 -0.0694409 0.00779092
 -0.00264154 -0.117799 -0.140777 0.0203739
 -0.00378318 -0.178678 -0.196332 0.0346387
 -0.00465386 -0.24441 -0.230692 0.0506751
 -0.00488053 -0.310663 -0.218371 0.0623692
 -0.00369636 -0.329781 -0.105921 0.0509399
 -0.00185602 -0.301002 0.0880808 0.0060019
 -0.00151845 -0.275302 0.189455 -0.0259734
 -0.00232215 -0.225457 0.276161 -0.0604045
 -0.00521633 -0.13587 0.31782 -0.0869106
 -0.0106298 8.31967e-05 0.273702 -0.0874132
 -0.00487033 -0.233267 -0.251235 0.0441593
 -0.00601874 -0.306342 -0.296985 0.0628671
 -0.00658896 -0.382379 -0.301072 0.0793378
 -0.0061386 -0.44603 -0.231859 0.0828032
 -0.00477479 -0.499264 -0.07863 0.0620396
 -0.00308868 -0.486968 0.169421 -0.000431267
 -0.00311031 -0.425447 0.310134 -0.0483622
 -0.00500881 -0.321101 0.42266 -0.0972524
 -0.0099755 -0.173684 0.46199 -0.130056
 -0.0181937 0.02682 0.381396 -0.124615
 -0.00700232 -0.395197 -0.323879 0.0813665
 -0.00716599 -0.471954 -0.29285 0.0923886
 -0.00638479 -0.538613 -0.187935 0.086725
 -0.00475153 -0.568905 0.00700051 0.0505815
 -0.00351665 -0.544691 0.265069 -0.0224597
 -0.00407376 -0.484656 0.398253 -0.0719143
 -0.00668154 -0.374795 0.499287 -0.120737
 -0.012677 -0.197978 0.522102 -0.151875
 -0.0221796 0.0571297 0.405552 -0.137754
 -0.00697165 -0.555708 -0.229994 0.0953844
 -0.00580882 -0.607977 -0.085063 0.0747496
 -0.00435176 -0.622172 0.132193 0.0238126
 -0.00407783 -0.555215 0.395752 -0.0624213
 -0.00558034 -0.485753 0.513172 -0.112018
 -0.00927873 -0.367374 0.58806 -0.156394
 -0.016264 -0.182095 0.578415 -0.179151
 -0.0262587 0.0764386 0.433648 -0.155874
 -0.00496842 -0.649418 0.075593 0.0414828
 -0.00430369 -0.632472 0.296247 -0.0220517
 -0.00579657 -0.527786 0.526596 -0.110502
 -0.00851484 -0.427342 0.612376 -0.155753
 -0.0135796 -0.283335 0.645611 -0.190209
 -0.0216113 -0.0806796 0.584928 -0.196886
 -0.0313644 0.175735 0.394319 -0.155608
 -0.00537502 -0.585614 0.481317 -0.0876558
 -0.0094688 -0.439672 0.645627 -0.166919
 -0.0136798 -0.318368 0.682334 -0.200028
 -0.0200183 -0.150819 0.658266 -0.217604
 -0.0289229 0.0743139 0.536159 -0.202718
 -0.0375206 0.336203 0.29406 -0.139748
 -0.0165213 -0.25868 0.707022 -0.22052
 -0.0225132 -0.114903 0.677679 -0.233034
 -0.0298254 0.0561742 0.58538 -0.225261
 -0.0383367 0.287354 0.3969 -0.183314
 -0.0449105 0.546186 0.10471 -0.095656
 -0.0280304 0.0175665 0.616258 -0.232288
 -0.0358764 0.214837 0.477432 -0.207133
 -0.0437514 0.430223 0.262276 -0.150543
 -0.0477912 0.66338 -0.0351981 -0.0561023
 -0.0436856 0.387978 0.312652 -0.167764
 -0.0500646 0.605376 0.0667331 -0.0955897
 -0.0503576 0.798155 -0.225189 0.00441822
 -0.0527033 0.768423 -0.169833 -0.0181802
 -0.0480874 0.910452 -0.429996 0.0769102
 -0.0376314 0.958513 -0.608741 0.14987

Fourier series term #2
 -0.000101682 -0.0117668 -0.0065944 0.000454482
 -2.64454e-05 -0.00274198 -0.00167499 0.000132364
 6.84305e-06 0.000837418 0.000516392 -7.92522e-05
 -8.58183e-06 -0.000306607 -0.000330462 3.10138e-06
 7.96965e-07 0.000793224 0.000259942 -0.000135705
 -2.64204e-05 0.000342979 -0.0010388 8.06154e-05
 -0.000128393 -0.00644546 -0.00631962 0.00149701
 -1.98347e-05 0.00593139 0.000574016 -0.000441827
 -2.95911e-05 0.00812574 0.000265906 -0.000486111
 -6.60678e-05 0.000202151 -0.00200095 0.00058207
 -6.60743e-05 -0.0108857 -0.000270059 0.000645008
 -0.000130474 -0.0121017 0.00327957 -0.000539469
 -0.000121936 -0.0134379 -0.00928713 0.000624058
 0.000305616 0.0195032 0.0133376 -0.00273588
 0.000482103 0.0359622 0.0191706 -0.00477208
 0.00011378 0.0173158 -0.0110883 -0.00100052
 -0.000447785 -0.0132854 -0.0583908 0.00843623
 -0.000634842 -0.0288863 -0.0907937 0.0188843
 -0.000117531 -0.0320697 -0.0927539 0.0248532
 0.00039723 -0.0411735 -0.0849809 0.0258842
 0.00110337 -0.0527957 -0.0665862 0.0233573
 0.00180636 -0.0645688 -0.0366485 0.0158979
 0.00190039 -0.0716983 -0.00140512 0.004531
 0.000385087 0.0299259 0.00763406 -0.00425182
 0.000170109 0.0291752 -0.0185479 -0.00199393
 -0.00027652 0.0203836 -0.0667741 0.00584521
 -0.000830473 -0.00282043 -0.135486 0.0223737
 -0.00101972 -0.0500656 -0.208787 0.0474224
 0.000202028 -0.111778 -0.236288 0.068799
 0.00164191 -0.137785 -0.211164 0.0694632
 0.00348336 -0.161478 -0.158029 0.0599417
 0.00520987 -0.187966 -0.0818148 0.0396943
 0.00537034 -0.202587 0.00360706 0.0111657
 -0.000161368 0.0214162 -0.0657566 0.00439422
 -0.000715644 0.00488602 -0.137009 0.0190628
 -0.00104941 -0.0207233 -0.219084 0.0421851
 -0.000669425 -0.0707862 -0.294956 0.0729278
 0.00143377 -0.172867 -0.323058 0.10104
 0.0036292 -0.230374 -0.289807 0.102767
 0.00650329 -0.287646 -0.214958 0.08956
 0.00917223 -0.330407 -0.0986755 0.0572691
 0.00927655 -0.339595 0.0289012 0.0125367
 -0.00120434 -0.0163535 -0.228254 0.042276
 -0.00112073 -0.0533974 -0.324831 0.0744587
 0.000108538 -0.130884 -0.405225 0.113357
 0.00385364 -0.240338 -0.408408 0.139614
 0.0070337 -0.316143 -0.358989 0.138727
 0.0109932 -0.405622 -0.258997 0.119807
 0.014644 -0.490064 -0.10383 0.0761855
 0.0146924 -0.53021 0.0731975 0.013679
 -0.000457836 -0.124671 -0.430757 0.116024
 0.00216716 -0.218836 -0.494808 0.156376
 0.00779157 -0.361479 -0.465057 0.177661
 0.0120617 -0.451492 -0.388092 0.169231
 0.0170653 -0.550437 -0.256129 0.139519
 0.0214438 -0.65185 -0.0657218 0.0828767
 0.0211757 -0.718944 0.151902 0.0046088
 0.00671121 -0.356271 -0.533331 0.194851
 0.0145775 -0.527932 -0.452565 0.202022
 0.0198556 -0.643663 -0.349033 0.185434
 0.025824 -0.75847 -0.180241 0.141913
 0.0304663 -0.861876 0.0461373 0.0686908
 0.0288189 -0.933939 0.28967 -0.0224999
 0.0245821 -0.762801 -0.318169 0.192773
 0.0306555 -0.882527 -0.176676 0.159611
 0.0366119 -1.00502 0.021795 0.101143
 0.0407714 -1.14586 0.281039 0.0145708
 0.0363118 -1.20468 0.539984 -0.0888277
 0.0372299 -1.01877 -0.0181503 0.119227
 0.0429204 -1.1561 0.194138 0.0542095
 0.045547 -1.30139 0.461692 -0.0380738
 0.0383814 -1.32951 0.698284 -0.138156
 0.0472762 -1.32581 0.421759 -0.0164749
 0.0477956 -1.4264 0.669334 -0.108745
 0.037977 -1.44443 0.890492 -0.20618
 0.044956 -1.52722 0.901219 -0.196721
 0.0309523 -1.51457 1.07461 -0.278343
 0.0121173 -1.49041 1.20052 -0.341533

Fourier series term #3
 2.81575e-05 0.00323875 0.00181274 -0.000124507
 2.19893e-05 0.00223834 0.00139898 -0.000117027
 -2.79977e-05 -0.00249551 -0.001718 0.000187884
 -4.05561e-06 -0.000294378 -0.000209353 2.91395e-05
 4.59303e-05 0.00348835 0.00273786 -0.00045729
 -7.79335e-05 -0.0056963 -0.0043302 0.000904518
 2.37425e-05 0.00236195 0.00161726 -0.000432216
 4.03698e-05 0.00631812 0.0029046 -0.00102248
 -3.0974e-05 -0.00421785 -0.00130482 0.000560115
 -3.50523e-05 -0.012386 -0.00137626 0.00103219
 -2.02519e-05 -0.00780657 0.000880496 9.92509e-05
 -4.43657e-06 0.00594099 -0.00188971 0.00034595
 -2.82661e-05 -0.00342051 -0.00182424 0.000190989
 -0.000239863 -0.0199264 -0.0141304 0.00187405
 0.000105831 0.00737169 0.008086 -0.00102387
 0.000358213 0.0242828 0.024258 -0.00421089
 0.00010466 0.00535198 0.0098398 -0.0021973
 -0.000139564 -0.00903242 -0.00442687 0.000694363
 -0.000121694 0.00366091 -0.00346754 -1.31471e-05
 -0.000153583 0.00287601 -0.00700229 0.00109895
 -0.000137713 0.000639966 -0.00962563 0.00223163
 -5.11908e-05 0.00130707 -0.0104968 0.00278474
 0.000121555 0.00357019 -0.0108742 0.00310345
 0.000100627 0.00307121 0.00858395 -0.000982378
 0.00034213 0.0179075 0.0260288 -0.00409258
 0.0004219 0.0233932 0.0352164 -0.00690423
 0.000369456 0.0305121 0.0371796 -0.00951329
 -0.000104759 0.0159005 0.0116873 -0.00553402
 -0.000547712 -0.004406 -0.0233959 0.00372741
 -0.000534028 -0.000513369 -0.0332506 0.00695584
 -0.000366436 0.00894383 -0.0398169 0.00947053
 3.20742e-05 0.00978524 -0.0438681 0.0119403
 0.000711833 0.00144808 -0.0395907 0.0120818
 0.000403958 0.0204106 0.03569 -0.00660512
 0.000499654 0.0338028 0.0487439 -0.0113048
 0.000208278 0.0340055 0.0404173 -0.0123825
 -0.000282231 0.0398286 0.0178474 -0.0099156
 -0.000844015 0.0321896 -0.0302904 0.00227212
 -0.000873904 0.0177312 -0.0564073 0.0115074
 -0.000479534 -0.00489615 -0.0718305 0.0193588
 0.000350607 -0.00740176 -0.0732622 0.0220227
 0.00159331 -0.00602883 -0.0659773 0.0211681
 0.000306116 0.0365785 0.0495884 -0.0143172
 -0.000145124 0.0435277 0.0364063 -0.0146255
 -0.000743401 0.064067 0.00495281 -0.0103088
 -0.001313 0.0640627 -0.0542346 0.00635723
 -0.00120191 0.054368 -0.0878389 0.0185955
 -0.000476553 0.0286592 -0.112666 0.0306828
 0.00106679 -0.00304576 -0.116913 0.0371306
 0.00319941 -0.0346676 -0.0955948 0.0340747
 -0.000632677 0.0629125 0.0163243 -0.0137571
 -0.00137377 0.080822 -0.0293862 -0.00390218
 -0.0016616 0.0834555 -0.0988293 0.0181474
 -0.00122004 0.0802056 -0.133666 0.0318271
 -6.75869e-06 0.0642318 -0.160055 0.0451055
 0.00231699 0.0275951 -0.163871 0.0528316
 0.00547811 -0.0264639 -0.13227 0.0483591
 -0.00203224 0.0885036 -0.0911173 0.0140287
 -0.00161167 0.101224 -0.16021 0.0383045
 -0.000438433 0.0822279 -0.192691 0.053486
 0.00117831 0.077891 -0.214655 0.0664564
 0.00456206 0.038237 -0.207313 0.0707911
 0.00861594 -0.0168826 -0.165545 0.0628285
 -4.80849e-05 0.0813304 -0.227264 0.0679526
 0.00162345 0.0861941 -0.24911 0.0791951
 0.00439668 0.0676857 -0.255992 0.0878683
 0.00869459 0.0179265 -0.231646 0.0874774
 0.0136399 -0.0349333 -0.173931 0.072482
 0.00417067 0.0615194 -0.254885 0.0868702
 0.00754611 0.0437534 -0.250958 0.0911099
 0.0117812 0.00425409 -0.225719 0.0892301
 0.0163073 -0.0609845 -0.157352 0.0712216
 0.0110765 0.0107165 -0.24328 0.0966286
 0.0161304 -0.0345956 -0.193436 0.0835509
 0.0206498 -0.089131 -0.115548 0.0581788
 0.0204881 -0.0896982 -0.132196 0.0665314
 0.0241632 -0.102128 -0.0820664 0.0482096
 0.0262504 -0.134436 -0.0150488 0.0239697

Fourier series term #4
 1.53523e-05 0.00178963 0.000988638 -6.77253e-05
 1.13104e-05 0.00118489 0.000718447 -5.98066e-05
 -9.50192e-06 -0.000897325 -0.000599378 6.49421e-05
 2.56906e-05 0.00205439 0.0015098 -0.000203385
 -2.07936e-05 -0.00165739 -0.00129541 0.000218589
 -8.35663e-06 -0.000961282 -0.000709073 0.000144494
 6.43065e-05 0.00470708 0.00318962 -0.000839745
 -2.19597e-05 -0.00506475 -0.00227339 0.00080556
 -9.2649e-06 -0.00680944 -0.0020493 0.000891528
 2.89322e-05 -0.00100979 -0.000127413 8.11611e-05
 4.13478e-05 0.00706559 -0.000728924 -0.000132764
 8.38389e-05 0.00797035 -0.00252167 0.000482764
 8.2644e-06 0.000265225 0.000498051 -5.05796e-05
 -6.3528e-05 -0.00629384 -0.00425768 0.000501869
 -0.000152122 -0.0113451 -0.00940955 0.00141401
 5.6231e-05 0.00507283 0.00378299 -0.000561298
 0.000163259 0.0115704 0.0101836 -0.00208317
 -8.68149e-06 -0.00358767 -0.000662047 0.000297293
 -9.11297e-06 -0.00403154 0.000188282 0.00018468
 -3.68957e-06 -0.00292753 0.000681281 -3.71862e-05
 -2.64999e-06 -0.000446427 0.000700482 -0.000216972
 -1.21985e-05 0.00242764 8.52193e-05 -0.000190933
 -1.25487e-05 0.00315091 -0.000681185 5.22528e-05
 -0.000244328 -0.0187386 -0.0151891 0.00224845
 -0.000106809 -0.00795075 -0.00659115 0.00129801
 0.000123026 0.00645844 0.00779503 -0.00115927
 0.000301718 0.018105 0.0210264 -0.00415706
 0.000234193 0.0121414 0.0196658 -0.00459467
 1.50035e-05 -0.00812823 0.00702145 -0.00149628
 -4.2731e-05 -0.0119863 0.0053867 -0.00104449
 -0.000108016 -0.00723753 0.00628482 -0.00169907
 -0.000193991 -0.00282137 0.00472812 -0.00158415
 -0.000219875 -0.000484633 0.00155982 -0.000701944
 5.89648e-05 0.00127428 0.00358421 -0.000266194
 0.00021353 0.00889134 0.0149201 -0.00230317
 0.000341274 0.0138133 0.0263803 -0.00521245
 0.000381706 0.0222026 0.036346 -0.00912378
 4.33657e-05 0.00739484 0.0286762 -0.00822382
 -0.000157083 -0.00842546 0.0196203 -0.00554495
 -0.000290203 -0.0113895 0.0133324 -0.00400187
 -0.000427353 -0.0059552 0.00865463 -0.00304477
 -0.000507174 -0.00696864 0.00593006 -0.0020938
 0.000307655 0.0069677 0.023738 -0.00421408
 0.000477891 0.0179563 0.0418655 -0.00953991
 0.000323977 0.0141275 0.0508893 -0.0133158
 -9.23303e-05 0.0282801 0.0527343 -0.0172972
 -0.000480514 0.0198841 0.0431387 -0.0151766
 -0.000842265 0.0135581 0.0297436 -0.0114892
 -0.00104472 0.0026816 0.016919 -0.006938
 -0.00107198 -0.0156624 0.0131624 -0.00450293
 0.000417565 0.00823456 0.0537011 -0.0132776
 0.000231317 0.0199234 0.0706213 -0.0208611
 -0.000557794 0.0340334 0.0703018 -0.0249784
 -0.00110226 0.0401937 0.0612774 -0.0241236
 -0.00178074 0.0412478 0.0458521 -0.0202952
 -0.00223037 0.0359741 0.0247459 -0.0131324
 -0.00214764 0.0211745 0.00945508 -0.00642886
 -0.000428953 0.0259184 0.0818688 -0.0274009
 -0.00167269 0.0376155 0.0809744 -0.0314162
 -0.00242527 0.0440687 0.0709688 -0.03043
 -0.00359958 0.0689168 0.049423 -0.0259028
 -0.00416635 0.0593336 0.025429 -0.0168926
 -0.00438304 0.0687004 -0.00271566 -0.00693273
 -0.00340679 0.0494773 0.0747938 -0.0335768
 -0.00466572 0.0736818 0.0600435 -0.0317515
 -0.00582722 0.0759186 0.0404282 -0.0255657
 -0.007054 0.0909302 0.0103218 -0.0158676
 -0.00725922 0.0863651 -0.0146001 -0.00515121
 -0.00589674 0.0640398 0.0521384 -0.0294041
 -0.00759148 0.0957893 0.0256162 -0.0231728
 -0.00891897 0.112619 -0.00737968 -0.011958
 -0.00873406 0.0913185 -0.0241882 -0.00218311
 -0.00885657 0.101335 0.00623741 -0.0160195
 -0.00995153 0.116177 -0.0217966 -0.00661304
 -0.0102292 0.104551 -0.0413056 0.00287877
 -0.0102955 0.0988076 -0.0282408 -0.00210054
 -0.0108389 0.100603 -0.0495067 0.0069415
 -0.011018 0.0873673 -0.0555101 0.0121976

Fourier series term #5
 1.94072e-06 0.000231042 0.000125415 -8.55558e-06
 -5.2474e-06 -0.000532623 -0.000332096 2.77978e-05
 7.57095e-06 0.000668509 0.000463158 -5.08024e-05
 -3.04325e-07 4.18871e-08 -1.4789e-05 2.76393e-06
 -1.13939e-05 -0.000881935 -0.000671284 0.000111371
 2.28705e-05 0.00168991 0.0012939 -0.000270976
 -8.20246e-06 -0.000720057 -0.000472496 0.000129749
 -1.3866e-05 -0.00191507 -0.000925785 0.000317003
 7.66923e-06 0.00125432 0.000323142 -0.000153528
 9.23745e-06 0.0037775 0.000407994 -0.000313509
 4.06833e-06 0.00246874 -0.000219779 -5.045e-05
 -1.51228e-06 -0.00175963 0.000619296 -0.00012278
 -3.12179e-05 -0.00334226 -0.00197057 0.000195749
 4.29964e-05 0.00297389 0.00257852 -0.000328539
 -6.51634e-05 -0.00545906 -0.00412509 0.000593937
 -6.34805e-05 -0.00445713 -0.0040001 0.000693423
 7.85833e-05 0.00680077 0.00503665 -0.0010592
 -1.50832e-05 -0.00176955 -0.000738702 0.000243355
 1.04388e-05 0.00133579 0.000272844 -0.000146948
 1.60726e-06 -0.000256244 -0.000304172 9.44415e-05
 -1.50078e-06 -0.00269448 -5.6496e-05 0.000173657
 -7.56476e-06 -0.00204048 0.000833248 -0.000139689
 -1.57374e-05 0.00129754 0.000106876 -8.60276e-05
 -7.25767e-05 -0.00663641 -0.00478234 0.000640776
 -0.000162347 -0.0120383 -0.0105175 0.00168496
 -0.000175266 -0.0126205 -0.0111625 0.00219114
 8.38969e-05 0.00815739 0.00513971 -0.00115838
 0.0001609 0.015332 0.0109869 -0.00293098
 2.76661e-05 -0.00231473 0.00159122 -0.000181474
 2.93304e-05 -0.00710468 -0.000184003 0.000514677
 4.45427e-05 -0.00328332 0.00108938 -6.234e-05
 3.24351e-05 -0.00106623 0.0014437 -0.000329346
 6.04508e-06 -0.00226756 0.00198604 -0.000495393
 -0.000234886 -0.0173306 -0.0150585 0.00280271
 -0.00012909 -0.00876107 -0.00904662 0.00195464
 6.60044e-05 0.00544297 0.00296279 -0.000672873
 0.000178471 0.0150225 0.0122011 -0.00314906
 0.000153439 0.0163192 0.0119144 -0.00375029
 8.97977e-05 0.00477902 0.00707208 -0.00204269
 6.04914e-05 -0.00573297 0.00559654 -0.00118522
 4.9915e-05 -0.011057 0.00658191 -0.00133096
 -8.801e-06 -0.00927821 0.00669892 -0.00164516
 -6.60078e-05 -0.00591091 -0.00624669 0.0015868
 7.84312e-05 0.00288005 0.00300974 -0.000415262
 0.000224692 0.013575 0.0129555 -0.00347719
 0.000219419 0.0215433 0.0207632 -0.0066144
 0.000119925 0.0233012 0.0192009 -0.00682253
 -3.26333e-06 0.015898 0.0153614 -0.00560059
 -6.84432e-05 -0.000282345 0.0133842 -0.00422124
 -7.54246e-05 -0.0140516 0.013599 -0.00370834
 0.000152692 0.0039026 0.00650769 -0.00123621
 0.000306885 0.0107701 0.0163556 -0.00421869
 0.000155023 0.0150085 0.0260905 -0.00813121
 5.4318e-05 0.0245604 0.0278773 -0.00991531
 -0.000127415 0.0340569 0.0235953 -0.00994253
 -0.000463444 0.0300282 0.0158496 -0.00738467
 -0.000424678 0.0188933 0.0114672 -0.00529063
 0.000266452 0.00446065 0.0250155 -0.00684517
 0.000144341 0.0144141 0.0309717 -0.0102764
 -0.000205154 0.0267276 0.0347103 -0.0131106
 -0.000539029 0.0319445 0.0316123 -0.0134023
 -0.00100076 0.0397151 0.020763 -0.0106
 -0.0012712 0.0559168 0.00158074 -0.00495957
 -0.000288353 0.0188565 0.0402993 -0.0150863
 -0.000604533 0.0271964 0.0389195 -0.0159872
 -0.00111746 0.0392689 0.0312107 -0.0150566
 -0.00175805 0.0517124 0.0176641 -0.0116962
 -0.00205335 0.0618691 -0.00176835 -0.00514759
 -0.001023 0.0245411 0.0355716 -0.01518
 -0.00169916 0.0511637 0.022155 -0.0132772
 -0.00216864 0.0652781 0.00765789 -0.00960128
 -0.0020225 0.0722036 -0.0113302 -0.00288361
 -0.00213154 0.0454682 0.0221276 -0.0136851
 -0.00310201 0.0852721 -0.0108363 -0.00480776
 -0.00309037 0.0916831 -0.0334999 0.00403346
 -0.00252691 0.0742018 -0.0104719 -0.00435251
 -0.00228629 0.0883018 -0.0370889 0.00514328
 -0.00198512 0.0715037 -0.0385255 0.00803912


