**************************************************************
***  MERIS LUT-169: Fourier series terms (s0,..,s5)[TERM]] ***
***                 of polynomial coefficients (k0,..,k3)  ***
***                 for each of 81 aerosol models [IAER],  ***
***                 & for each of 78 geometries [SVZA]     ***
***  - - - - - - - - - - - - - - - - - - - - - - - - - - - ***
***  => useful for multiplicative aer.scat.fct. retrieval  ***
**************************************************************

12 Gaussian angles (deg): SZA/VZA
------------------------         

 2.84 17.64 28.77 36.19 43.61 51.03 58.46 65.88 69.59 73.30 77.01 80.72

Coefficients: [SVZA x (k0,k1,k2,k3)]
------------                        

 Aerosol model #68
 - - - - - - -  

Fourier series term #0
 1.01358 1.0133 0.473025 -0.0844568
 1.02009 1.44607 0.685916 -0.131552
 1.02521 1.73943 0.819761 -0.176711
 1.0295 1.98149 0.903693 -0.216498
 1.03421 2.25883 0.955546 -0.260758
 1.03864 2.56114 0.933432 -0.300543
 1.04146 2.87647 0.776604 -0.317197
 1.04059 3.18436 0.39521 -0.27217
 1.03841 3.32359 0.0826043 -0.205216
 1.03611 3.43684 -0.32803 -0.0931869
 1.03768 3.48577 -0.820002 0.0697956
 1.05412 3.36317 -1.2778 0.255455
 1.02215 1.55428 0.730749 -0.150526
 1.02721 1.85332 0.840309 -0.193707
 1.03126 2.09256 0.89665 -0.229393
 1.03547 2.35546 0.911441 -0.266106
 1.03929 2.64175 0.853601 -0.296559
 1.0414 2.93564 0.670324 -0.303468
 1.03989 3.21807 0.282963 -0.251728
 1.0375 3.34717 -0.0219462 -0.184225
 1.03507 3.45478 -0.41832 -0.0741195
 1.03643 3.50462 -0.892851 0.0849516
 1.05228 3.39281 -1.33796 0.267125
 1.02727 2.06755 0.799917 -0.197242
 1.03056 2.28748 0.799588 -0.220288
 1.03394 2.54131 0.758369 -0.242169
 1.03643 2.79961 0.641382 -0.253099
 1.03682 3.06275 0.411166 -0.239092
 1.03331 3.3242 -0.000214151 -0.169052
 1.02986 3.44906 -0.30714 -0.094749
 1.02638 3.55817 -0.69905 0.0197032
 1.02673 3.61656 -1.16406 0.180155
 1.0416 3.52164 -1.59857 0.361215
 1.03762 2.4077 0.777384 -0.240144
 1.0408 2.62005 0.698862 -0.252267
 1.04313 2.85329 0.558069 -0.254697
 1.04319 3.08465 0.313003 -0.231637
 1.03953 3.31983 -0.0970268 -0.154898
 1.03625 3.43679 -0.39574 -0.0792721
 1.03319 3.54086 -0.773981 0.0344784
 1.0343 3.59721 -1.22006 0.191666
 1.05027 3.50371 -1.63276 0.367184
 1.03997 2.75954 0.567853 -0.248438
 1.04081 2.95114 0.394746 -0.237569
 1.03968 3.166 0.134371 -0.204212
 1.03518 3.38526 -0.279875 -0.118199
 1.03179 3.49695 -0.574836 -0.0393512
 1.02897 3.59863 -0.944178 0.0757203
 1.03072 3.65524 -1.37569 0.231541
 1.04763 3.56533 -1.77024 0.403097
 1.04029 3.06583 0.188194 -0.209664
 1.03825 3.24691 -0.0881497 -0.163557
 1.03338 3.46363 -0.506598 -0.0677229
 1.03009 3.57343 -0.799621 0.0153954
 1.02776 3.67269 -1.16193 0.133098
 1.03054 3.72653 -1.57881 0.288375
 1.049 3.634 -1.9507 0.455201
 1.03526 3.36 -0.382606 -0.0998604
 1.03027 3.55603 -0.808769 0.00992785
 1.02749 3.66946 -1.10148 0.0983892
 1.02626 3.76998 -1.45719 0.219458
 1.03102 3.81811 -1.85574 0.373754
 1.05235 3.71294 -2.19365 0.532709
 1.02605 3.68594 -1.23428 0.136409
 1.02459 3.7787 -1.51986 0.230768
 1.02567 3.8691 -1.86053 0.353919
 1.03404 3.90597 -2.22832 0.503457
 1.06038 3.77687 -2.51037 0.646873
 1.0243 3.84577 -1.79387 0.326859
 1.02741 3.91092 -2.11294 0.447637
 1.03871 3.92629 -2.44889 0.589652
 1.06869 3.7757 -2.68584 0.718747
 1.03338 3.93685 -2.39467 0.560854
 1.04856 3.90989 -2.67723 0.688194
 1.083 3.71949 -2.84539 0.79425
 1.06879 3.82044 -2.87808 0.790175
 1.10824 3.5685 -2.94562 0.860634
 1.15159 3.24106 -2.8824 0.881576

Fourier series term #1
 -0.000383168 -0.027455 -0.0132234 0.00235238
 -0.000523135 -0.0304664 -0.0156446 0.00297373
 -0.000626129 -0.0315727 -0.0142267 0.00310305
 -0.000740186 -0.0347658 -0.0121803 0.00309942
 -0.000821608 -0.0353721 -0.00640082 0.00227278
 -0.00087078 -0.0335479 0.00297152 0.000359705
 -0.000872904 -0.0274478 0.0153079 -0.00295395
 -0.000865356 -0.0153684 0.027279 -0.00731219
 -0.000900322 -0.00660417 0.0309219 -0.00932669
 -0.000999663 0.00409914 0.0310883 -0.0105373
 -0.00117152 0.0166676 0.0260184 -0.0101076
 -0.0013057 0.029701 0.0149156 -0.00728547
 -0.00314589 -0.179901 -0.0863857 0.0177545
 -0.00393919 -0.197502 -0.0783469 0.0185612
 -0.00448942 -0.207114 -0.0581822 0.0165232
 -0.00499746 -0.211572 -0.0223813 0.0107391
 -0.00526717 -0.196539 0.0332738 -0.00154927
 -0.00526729 -0.154169 0.102007 -0.0212411
 -0.00526502 -0.0779486 0.163337 -0.0453773
 -0.00551433 -0.0253601 0.179284 -0.0558689
 -0.00613986 0.0376165 0.175293 -0.0614946
 -0.00717618 0.110146 0.141993 -0.0576502
 -0.00796702 0.185376 0.0750728 -0.0402181
 -0.00591396 -0.312199 -0.0857647 0.023011
 -0.00687393 -0.328954 -0.0501219 0.018144
 -0.00757975 -0.317413 0.0113869 0.00618208
 -0.00808205 -0.281978 0.0896857 -0.012831
 -0.00835104 -0.205708 0.174615 -0.0393383
 -0.00888856 -0.0799261 0.237128 -0.0679222
 -0.00965464 0.00303559 0.243722 -0.0780975
 -0.0110385 0.0999608 0.220581 -0.0802209
 -0.0130193 0.209416 0.155903 -0.0682142
 -0.0144871 0.321331 0.045886 -0.0372199
 -0.008871 -0.375809 -0.0196335 0.0146816
 -0.00959463 -0.363217 0.0514815 -0.000862009
 -0.00979036 -0.306029 0.141085 -0.0253382
 -0.00976477 -0.21041 0.227859 -0.0555391
 -0.0100886 -0.0640913 0.282342 -0.085155
 -0.0108031 0.0308877 0.280674 -0.0943616
 -0.0121553 0.140744 0.245621 -0.0939691
 -0.0140189 0.263386 0.165201 -0.077533
 -0.0149549 0.386799 0.0371725 -0.0404135
 -0.0106747 -0.371164 0.11588 -0.0163004
 -0.0111558 -0.304936 0.199647 -0.0422739
 -0.0114542 -0.184228 0.275056 -0.0731839
 -0.0124002 -0.0187171 0.306648 -0.099174
 -0.0134957 0.0850644 0.289886 -0.104751
 -0.0151952 0.204746 0.237504 -0.0994274
 -0.0172338 0.337733 0.138004 -0.07675
 -0.0178706 0.468829 -0.00812528 -0.0328318
 -0.0121973 -0.257872 0.259136 -0.0637334
 -0.0129224 -0.132782 0.308816 -0.0902026
 -0.0143432 0.0514188 0.308743 -0.10927
 -0.015704 0.161692 0.273081 -0.109344
 -0.0175873 0.285726 0.201081 -0.0973502
 -0.0195344 0.421434 0.0829492 -0.0674267
 -0.0194783 0.551593 -0.0770153 -0.0171274
 -0.0143988 -0.0368704 0.320536 -0.105687
 -0.0165212 0.14304 0.27949 -0.112114
 -0.0181253 0.259247 0.221573 -0.104736
 -0.0200571 0.386706 0.127665 -0.0843709
 -0.0216146 0.519682 -0.00810794 -0.0463425
 -0.0203728 0.639233 -0.175709 0.00938359
 -0.0193671 0.280162 0.195921 -0.100317
 -0.0210611 0.381565 0.117347 -0.0832156
 -0.0227012 0.502224 0.00376423 -0.0533346
 -0.0233396 0.628326 -0.146387 -0.00714326
 -0.0200919 0.729438 -0.31282 0.0519251
 -0.0226852 0.465806 0.0313347 -0.0608781
 -0.0238814 0.569464 -0.0857429 -0.026913
 -0.023605 0.680947 -0.235205 0.021677
 -0.018918 0.768141 -0.394624 0.0804417
 -0.0243172 0.647379 -0.19926 0.00951171
 -0.0227104 0.732007 -0.337666 0.0576771
 -0.0161579 0.793031 -0.47772 0.112291
 -0.0192164 0.778076 -0.451714 0.101254
 -0.0103973 0.797994 -0.554887 0.145634
 0.000683482 0.765691 -0.603157 0.172712

Fourier series term #2
 -1.92206e-05 -0.00145573 -0.000676619 0.000120867
 -2.94506e-05 -0.00220928 -0.00113421 0.000215417
 -8.58761e-07 -0.000247643 -0.000338031 6.62442e-05
 -6.60614e-06 -0.00072565 -0.000707219 0.000155209
 -4.84606e-07 -0.00042762 -0.000736076 0.000172744
 -8.25051e-07 -0.000625283 -0.000943073 0.000249891
 -6.6482e-06 -0.00129395 -0.00112067 0.000356083
 3.32253e-06 -0.00102084 -0.000780738 0.000291573
 5.93583e-06 -0.0010835 -0.000556594 0.000243213
 3.75303e-06 -0.00151657 -0.000223222 0.000171944
 -1.96882e-06 -0.00189894 0.000260229 3.34312e-05
 -1.5373e-05 -0.0017415 0.000637377 -0.000120257
 -0.000575114 -0.0453768 -0.0244751 0.0049551
 -0.000223732 -0.0238427 -0.0199202 0.00427154
 -9.67164e-05 -0.0188383 -0.022715 0.00515928
 -7.92109e-05 -0.0233959 -0.0298706 0.00745319
 -5.75699e-05 -0.0300608 -0.0354662 0.0099458
 -2.17629e-05 -0.0396839 -0.0360348 0.0117743
 7.72641e-05 -0.0509673 -0.0269881 0.0111848
 0.000163046 -0.0557171 -0.0176723 0.00920445
 0.000239219 -0.0586892 -0.00534317 0.00578095
 0.000199565 -0.0585566 0.00847575 0.00110238
 -0.000186666 -0.052863 0.0196971 -0.00361074
 -0.000434929 -0.0659275 -0.0500369 0.0112812
 -0.00024611 -0.066151 -0.060702 0.0146
 -4.15322e-05 -0.0691946 -0.0704397 0.0184642
 5.41643e-05 -0.0887112 -0.0786469 0.023294
 0.000217504 -0.114268 -0.0740242 0.0259623
 0.000593708 -0.138556 -0.0477062 0.0225627
 0.000858565 -0.148144 -0.0249067 0.0172357
 0.00108035 -0.153953 0.003665 0.00895084
 0.0010031 -0.153017 0.0347508 -0.00185032
 6.29646e-05 -0.139584 0.0594642 -0.0124924
 -0.000713091 -0.102977 -0.0917512 0.0239918
 -0.000640904 -0.121612 -0.107536 0.0307208
 -0.000486447 -0.143588 -0.112081 0.0359996
 -0.000260327 -0.178368 -0.100111 0.0382853
 0.000311844 -0.21208 -0.0596295 0.0320825
 0.0007318 -0.224371 -0.0267926 0.0239538
 0.00109124 -0.231602 0.0134692 0.0118444
 0.00101498 -0.230089 0.0570185 -0.00368012
 -0.000313441 -0.211567 0.0918192 -0.0189918
 -0.000635838 -0.182787 -0.133838 0.0425077
 -0.000402015 -0.222891 -0.134805 0.0486504
 0.000130914 -0.260365 -0.109972 0.0483761
 0.00101877 -0.300541 -0.0536024 0.0380979
 0.00157749 -0.316408 -0.0109955 0.0269464
 0.0020142 -0.325938 0.0404184 0.010888
 0.00183673 -0.32415 0.0955415 -0.0093682
 -3.32914e-05 -0.300529 0.139334 -0.0292557
 -0.000313345 -0.305673 -0.134962 0.0572073
 0.000415768 -0.358636 -0.0989859 0.054806
 0.00165531 -0.398511 -0.0263067 0.0390822
 0.00235007 -0.416517 0.025234 0.0246376
 0.00284504 -0.428776 0.0863788 0.00471275
 0.00252617 -0.428153 0.151436 -0.0199639
 4.41608e-05 -0.401046 0.202636 -0.0440149
 0.00120464 -0.455044 -0.0535741 0.0515421
 0.00266344 -0.510966 0.0334913 0.0309217
 0.0034387 -0.528021 0.0923882 0.0129416
 0.00387275 -0.539452 0.160539 -0.0106636
 0.00323281 -0.538478 0.231938 -0.0389643
 -7.56438e-05 -0.508192 0.286711 -0.0659482
 0.0040851 -0.615712 0.137232 0.00599975
 0.00470037 -0.64657 0.203475 -0.0148525
 0.00481821 -0.659921 0.276069 -0.0414825
 0.00347327 -0.653753 0.34726 -0.0717187
 -0.00111269 -0.613943 0.395761 -0.0984431
 0.00513196 -0.69228 0.275407 -0.0373848
 0.00485299 -0.715416 0.35102 -0.0651011
 0.00292192 -0.710128 0.420527 -0.0953789
 -0.00256092 -0.662579 0.460379 -0.119965
 0.00398276 -0.752177 0.429913 -0.09354
 0.00122104 -0.753146 0.497847 -0.123218
 -0.00539742 -0.70172 0.527991 -0.144671
 -0.00280654 -0.763114 0.562719 -0.151072
 -0.0107924 -0.713896 0.58332 -0.168472
 -0.0202137 -0.66938 0.592308 -0.179904

Fourier series term #3
 5.89536e-07 4.23232e-05 2.03164e-05 -3.62722e-06
 -7.70476e-07 -6.39297e-05 -2.96189e-05 5.6743e-06
 -2.74967e-06 -0.00018739 -8.76035e-05 1.88916e-05
 4.30504e-07 2.99028e-05 1.52479e-05 -3.66866e-06
 3.1104e-06 0.000208132 8.87344e-05 -2.43122e-05
 -5.03615e-06 -0.000327477 -0.000123985 3.9319e-05
 1.73828e-06 0.000123694 2.17632e-05 -1.08187e-05
 3.73982e-06 0.000288769 1.66501e-05 -1.92459e-05
 -1.90837e-06 -0.000178574 -2.77242e-05 1.81074e-05
 -4.68667e-06 -0.000478716 1.98331e-05 2.13555e-05
 -2.57481e-06 -0.000296557 4.55718e-05 2.25082e-06
 3.86623e-06 0.000186041 -8.95638e-05 2.07206e-05
 -0.000349644 -0.0259809 -0.0121055 0.00249342
 -0.0001255 -0.00917568 -0.0040353 0.000921972
 -2.65531e-05 -0.00181814 -0.000589492 0.000137291
 -1.60029e-05 -0.00107843 -0.00064189 0.000136545
 -1.47167e-06 -0.000352834 -0.00136303 0.000300995
 3.03762e-05 0.000760276 -0.00269476 0.000655033
 6.9935e-05 0.00052806 -0.0045999 0.00133005
 9.63916e-05 -0.000434429 -0.00525935 0.00167927
 0.000134329 -0.00179781 -0.00526189 0.00186664
 0.000183306 -0.00328275 -0.00435772 0.00174454
 0.000219007 -0.00460315 -0.00259058 0.00124691
 -0.000355294 -0.0312056 -0.0124796 0.00299371
 -0.000220077 -0.019668 -0.00798367 0.00202412
 -4.76468e-05 -0.00561251 -0.00432591 0.000997048
 5.20121e-05 -0.000873885 -0.00666628 0.00152072
 0.000163135 -0.000139721 -0.0119748 0.00312642
 0.000343422 -0.00272799 -0.0170469 0.00519415
 0.000482185 -0.00584871 -0.0180251 0.00599697
 0.000666413 -0.0103126 -0.0167678 0.00619097
 0.000882516 -0.0157485 -0.0124359 0.0053188
 0.00103535 -0.0208237 -0.00525946 0.003179
 -0.000402399 -0.031456 -0.0145689 0.00394804
 -0.000199292 -0.0187376 -0.0136871 0.00366196
 5.53364e-05 -0.0049913 -0.0159906 0.00411066
 0.000250561 -0.00343188 -0.0241862 0.00682979
 0.000543298 -0.00948475 -0.0313188 0.0101897
 0.00077448 -0.0150678 -0.03178 0.0112511
 0.00107897 -0.0224222 -0.0284305 0.0111771
 0.00143279 -0.0303706 -0.0204508 0.00935874
 0.00166406 -0.0375008 -0.00841249 0.00561058
 -0.000200033 -0.0314576 -0.0250978 0.00730852
 0.000102222 -0.0223739 -0.0319524 0.00947441
 0.000534099 -0.0147463 -0.0403145 0.0125554
 0.00107922 -0.0242207 -0.0465948 0.016519
 0.00148315 -0.0329204 -0.0450509 0.017441
 0.00199266 -0.0433514 -0.0381346 0.016609
 0.00254555 -0.0543353 -0.0248637 0.0132443
 0.00287252 -0.0634149 -0.00657977 0.00727337
 0.000285015 -0.043079 -0.0485584 0.0160931
 0.0008745 -0.044612 -0.0578546 0.0206199
 0.00179863 -0.0500656 -0.0594646 0.0236123
 0.00242007 -0.0598015 -0.0543009 0.0236743
 0.00316282 -0.0728631 -0.0423784 0.0214509
 0.00391968 -0.0868099 -0.0226095 0.0159492
 0.00429813 -0.0975735 0.00262155 0.00729553
 0.00156006 -0.0818176 -0.0675836 0.0280354
 0.00288255 -0.0971362 -0.0618934 0.0298227
 0.00377688 -0.104032 -0.0515724 0.027999
 0.00476116 -0.114735 -0.033984 0.0235117
 0.00567489 -0.128374 -0.00779902 0.0153621
 0.0059988 -0.138836 0.0235744 0.00391862
 0.0046155 -0.152827 -0.0416355 0.0296842
 0.00571055 -0.169141 -0.0230159 0.0254601
 0.00685956 -0.178965 0.00136512 0.0179692
 0.00778171 -0.185814 0.031648 0.00703287
 0.00777083 -0.187312 0.0633021 -0.00599271
 0.00690467 -0.19856 0.00316764 0.0193028
 0.00802886 -0.215678 0.033245 0.0099611
 0.00879281 -0.221395 0.0653382 -0.00219493
 0.00843588 -0.216244 0.09467 -0.0153849
 0.00902417 -0.244175 0.0707504 -0.0015862
 0.00945787 -0.255223 0.10694 -0.0152673
 0.00856991 -0.244948 0.132775 -0.027986
 0.00930308 -0.274478 0.147876 -0.0304785
 0.00761961 -0.264093 0.170786 -0.0422429
 0.0049177 -0.257448 0.191816 -0.0529311

Fourier series term #4
 8.48393e-07 6.44215e-05 2.98811e-05 -5.30718e-06
 7.63445e-07 5.40773e-05 2.59233e-05 -4.9841e-06
 -9.59417e-07 -6.73692e-05 -3.19388e-05 6.85991e-06
 2.38809e-06 0.000158497 7.29104e-05 -1.74704e-05
 -1.83404e-06 -0.000122898 -5.15958e-05 1.41127e-05
 -7.65426e-07 -6.18432e-05 -2.32032e-05 7.34038e-06
 3.75062e-06 0.00024527 6.80707e-05 -2.75252e-05
 -2.4899e-06 -0.000223666 -2.54595e-05 1.84164e-05
 -2.74497e-06 -0.000284033 -7.61959e-06 1.76764e-05
 2.94913e-07 -3.98123e-05 2.00824e-06 1.63506e-06
 3.56814e-06 0.000253173 -5.94414e-05 4.99549e-06
 5.19582e-06 0.000269007 -9.94327e-05 1.9392e-05
 -0.000187252 -0.0140578 -0.00654203 0.00134903
 -8.17908e-05 -0.00602725 -0.00278014 0.000638323
 -7.62115e-06 -0.000535309 -0.000152521 4.26518e-05
 -7.33269e-06 -0.000416737 3.8508e-05 1.43075e-06
 -1.04849e-05 -0.000491568 0.000145729 -2.24823e-05
 -9.09406e-06 -9.1878e-05 0.000384755 -0.000106578
 -1.07536e-05 0.000173324 0.000371067 -0.000129635
 -1.01858e-05 0.000338318 0.000230047 -0.000101567
 -7.57258e-06 0.000532554 6.78436e-06 -4.34755e-05
 -2.72866e-06 0.000606795 -0.000233995 3.63797e-05
 6.79721e-06 0.000480129 -0.00037423 0.000101725
 -0.000262555 -0.0232318 -0.00934848 0.00227866
 -0.00016995 -0.0147899 -0.00523065 0.00142685
 -6.29766e-05 -0.00426863 -0.000338159 0.000179737
 -5.38363e-05 -0.0018321 0.00130769 -0.000290776
 -6.30864e-05 -0.000704593 0.00188725 -0.000532167
 -6.35516e-05 0.00148907 0.00151026 -0.000590344
 -6.26725e-05 0.00238512 0.00075237 -0.000430756
 -5.51306e-05 0.00286674 -0.000289436 -0.000128605
 -2.9818e-05 0.00274943 -0.00131056 0.000243706
 2.54134e-05 0.00188042 -0.00178686 0.000503487
 -0.000347474 -0.0258666 -0.00865657 0.00261942
 -0.000250593 -0.0170824 -0.00344022 0.00132915
 -0.000133024 -0.00521343 0.00215946 -0.000436902
 -0.000116878 -0.000408143 0.00367174 -0.00113367
 -0.000126591 0.00266618 0.00248958 -0.00105486
 -0.000125574 0.00394218 0.000991537 -0.000690739
 -0.00010699 0.00515013 -0.000968934 -0.000117879
 -6.15677e-05 0.00519838 -0.00280701 0.000557476
 2.91587e-05 0.00332325 -0.0034417 0.000982993
 -0.000391192 -0.0287365 -0.00477708 0.00219744
 -0.000309216 -0.0171801 0.000953584 0.000335506
 -0.000230723 -0.00217294 0.00470399 -0.00149044
 -0.000228638 0.00477765 0.00270736 -0.00139983
 -0.000229848 0.0060824 0.000455798 -0.000782085
 -0.000202792 0.00683028 -0.00216786 7.77426e-05
 -0.00012671 0.00641695 -0.00444249 0.000988732
 2.00298e-05 0.00411359 -0.00515172 0.00152648
 -0.000465667 -0.0278401 0.000699884 0.00094349
 -0.000412933 -0.0135282 0.00351284 -0.000629389
 -0.000365933 0.00343435 0.001731 -0.00116628
 -0.000357448 0.00687207 -0.000964979 -0.000501006
 -0.00032132 0.00748518 -0.00378982 0.000495377
 -0.000217815 0.00629389 -0.00591866 0.00147473
 -2.49096e-05 0.00329483 -0.006175 0.00194984
 -0.000566259 -0.0250467 0.00262377 0.000393483
 -0.000530345 -0.0117084 0.00123489 3.39761e-05
 -0.00051225 -0.00240079 -0.00153811 0.000346675
 -0.000447627 0.00295972 -0.00460291 0.00112133
 -0.000319757 0.00334354 -0.00634378 0.00186704
 -0.000133989 0.000598176 -0.00590703 0.00209339
 -0.000606855 -0.0292976 0.00402304 0.000621623
 -0.000580807 -0.0269187 0.00429747 0.000432504
 -0.000536698 -0.0193241 0.00258466 0.000508942
 -0.000437965 -0.0116887 7.736e-05 0.000857442
 -0.000303049 -0.00895599 -0.000315949 0.000840006
 -0.000567684 -0.0360681 0.00902291 -0.00040026
 -0.000550279 -0.0347084 0.0107504 -0.00109618
 -0.000524422 -0.0271394 0.00948087 -0.00127847
 -0.000482977 -0.0199992 0.00776952 -0.0013023
 -0.000593391 -0.0449377 0.0189033 -0.00323574
 -0.000695905 -0.0438711 0.0221922 -0.00465802
 -0.000836418 -0.0352243 0.0204579 -0.00492705
 -0.00100264 -0.0539461 0.033344 -0.0082414
 -0.00150793 -0.0500472 0.0352193 -0.00954273
 -0.00253546 -0.0551442 0.0441564 -0.0129558

Fourier series term #5
 1.88398e-07 1.39727e-05 6.52784e-06 -1.17514e-06
 -6.69506e-07 -4.82606e-05 -2.28984e-05 4.36456e-06
 7.64685e-07 5.27659e-05 2.49301e-05 -5.37989e-06
 -7.88605e-08 -5.17904e-06 -1.9088e-06 4.28096e-07
 -1.03427e-06 -6.83463e-05 -2.96542e-05 8.07895e-06
 1.49583e-06 9.8811e-05 3.59013e-05 -1.15683e-05
 -5.10901e-07 -3.35325e-05 -7.66853e-06 3.35507e-06
 -1.06711e-06 -8.91487e-05 -1.27944e-05 8.10914e-06
 6.65153e-07 5.03594e-05 -8.77314e-07 -2.41301e-06
 1.58607e-06 0.000144953 -1.37783e-05 -3.9418e-06
 9.57441e-07 8.91611e-05 -1.89976e-05 1.09587e-06
 -9.54024e-07 -5.7428e-05 2.30264e-05 -4.75159e-06
 -8.64474e-05 -0.00656684 -0.00302478 0.000624635
 -5.16174e-05 -0.00383116 -0.00178317 0.000408749
 -6.45512e-06 -0.000455229 -0.000211739 5.33724e-05
 2.38533e-06 0.000139356 5.17496e-05 -1.50727e-05
 -1.90046e-06 -0.000161455 -5.47685e-05 1.91556e-05
 -1.8434e-06 -0.000130992 2.03181e-08 6.00943e-06
 -5.83984e-07 -9.92266e-06 4.96084e-05 -1.39186e-05
 -1.98118e-06 -7.03409e-05 6.59638e-05 -1.66797e-05
 -3.65223e-06 -0.000104539 9.73782e-05 -2.61343e-05
 -4.31859e-06 -1.0753e-05 9.1711e-05 -3.16534e-05
 -3.31922e-06 0.000126048 2.15791e-05 -1.62096e-05
 -0.000188869 -0.0169335 -0.00699179 0.00169673
 -0.000117419 -0.0107759 -0.0043003 0.00114639
 -2.53814e-05 -0.00245086 -0.000895294 0.000272058
 -4.65587e-06 -0.000542445 -5.75617e-05 3.63616e-05
 -1.22001e-05 -0.00100131 0.000107878 1.68785e-05
 -1.88595e-05 -0.000805308 0.000545722 -0.000121114
 -2.24681e-05 -0.000398064 0.000689818 -0.000195853
 -2.81978e-05 5.06941e-05 0.000671948 -0.000227593
 -3.49017e-05 0.000416701 0.000477825 -0.000193697
 -3.66174e-05 0.000662543 0.000163912 -0.00010025
 -0.000254547 -0.0199776 -0.00783937 0.00229632
 -0.000158452 -0.0128835 -0.00454815 0.00150676
 -4.43915e-05 -0.00371748 -0.000696101 0.000330948
 -3.46204e-05 -0.0021587 0.000639422 -7.44401e-05
 -4.76665e-05 -0.00175102 0.00147733 -0.000360679
 -5.79366e-05 -0.00118854 0.00175075 -0.000501373
 -7.0283e-05 -5.78673e-05 0.00169605 -0.00058046
 -8.36761e-05 0.00101541 0.00118038 -0.000493861
 -8.31596e-05 0.00168819 0.000368439 -0.000250323
 -0.000253488 -0.023727 -0.00713641 0.0027108
 -0.00016983 -0.0162596 -0.00300417 0.00153984
 -8.83535e-05 -0.00593638 0.00132975 -8.22112e-05
 -0.000105716 -0.00264544 0.00315356 -0.000863226
 -0.00012715 -0.00145626 0.00337616 -0.0010555
 -0.000155527 8.41029e-06 0.00308846 -0.00110463
 -0.000183679 0.00161764 0.00213698 -0.000917698
 -0.000182335 0.00310733 0.000574503 -0.000456689
 -0.000279673 -0.0286224 -0.00317022 0.00236203
 -0.000224398 -0.0194567 0.00195489 0.000517325
 -0.000205665 -0.00580142 0.00524757 -0.00140103
 -0.000237872 -0.00187034 0.00532471 -0.00176671
 -0.000281602 0.000900087 0.00446971 -0.00174067
 -0.000325147 0.00303763 0.00286611 -0.00136895
 -0.000329189 0.00481117 0.000666256 -0.000683467
 -0.000376425 -0.0319067 0.00495278 0.000469712
 -0.000328354 -0.0196699 0.00899289 -0.00174009
 -0.000415464 -0.00863861 0.00811859 -0.00232793
 -0.00047036 -0.000894568 0.00622095 -0.00235995
 -0.000503189 0.00413594 0.003432 -0.00179136
 -0.000547005 0.00767332 -0.000407051 -0.000605236
 -0.000515134 -0.0320794 0.0147583 -0.00280071
 -0.000589031 -0.0269553 0.015503 -0.0035641
 -0.000684166 -0.0150238 0.0124496 -0.00356358
 -0.000765585 -0.00223204 0.00644858 -0.0024928
 -0.000741387 0.00657826 4.85259e-05 -0.000793023
 -0.000689056 -0.0309867 0.0188011 -0.00448601
 -0.000806505 -0.0245501 0.0177164 -0.00474661
 -0.000915741 -0.0115492 0.0116462 -0.00369108
 -0.000888696 0.00161326 0.00278343 -0.00144889
 -0.000956188 -0.0285357 0.0212444 -0.00581186
 -0.00110286 -0.0210141 0.0179234 -0.00531375
 -0.00111325 -0.00730415 0.00872406 -0.00300517
 -0.00132836 -0.0242476 0.0210211 -0.00631068
 -0.00141953 -0.0158965 0.0153562 -0.00489611
 -0.0017084 -0.0174854 0.017074 -0.00549611


