**************************************************************
***  MERIS LUT-169: Fourier series terms (s0,..,s5)[TERM]] ***
***                 of polynomial coefficients (k0,..,k3)  ***
***                 for each of 81 aerosol models [IAER],  ***
***                 & for each of 78 geometries [SVZA]     ***
***  - - - - - - - - - - - - - - - - - - - - - - - - - - - ***
***  => useful for multiplicative aer.scat.fct. retrieval  ***
**************************************************************

12 Gaussian angles (deg): SZA/VZA
------------------------         

 2.84 17.64 28.77 36.19 43.61 51.03 58.46 65.88 69.59 73.30 77.01 80.72

Coefficients: [SVZA x (k0,k1,k2,k3)]
------------                        

 Aerosol model #41
 - - - - - - -  

Fourier series term #0
 1.01535 1.23151 0.632728 -0.0899009
 1.01688 1.31483 0.693923 -0.107683
 1.02107 1.57511 0.852992 -0.151909
 1.02541 1.85612 1.00115 -0.200836
 1.02984 2.16761 1.11756 -0.257914
 1.03366 2.51412 1.1513 -0.314008
 1.03542 2.9005 1.02262 -0.347019
 1.03269 3.32006 0.606089 -0.307507
 1.02906 3.5304 0.235443 -0.232155
 1.02509 3.72142 -0.269063 -0.0987821
 1.02559 3.84602 -0.890217 0.101585
 1.04419 3.7717 -1.48751 0.335473
 1.01741 1.50273 0.777645 -0.125518
 1.02082 1.76236 0.90859 -0.168116
 1.02358 1.98967 0.992783 -0.207122
 1.02666 2.28738 1.05586 -0.254218
 1.0292 2.63853 1.04288 -0.299109
 1.02964 3.02065 0.872451 -0.318471
 1.02575 3.42159 0.433856 -0.266537
 1.02175 3.62197 0.0657201 -0.188077
 1.01758 3.8058 -0.426199 -0.0550764
 1.01794 3.92745 -1.02713 0.141233
 1.03617 3.8567 -1.60375 0.369141
 1.02899 1.96025 1.06194 -0.243498
 1.03214 2.17608 1.11098 -0.28346
 1.03511 2.421 1.11182 -0.323772
 1.03754 2.7182 1.04116 -0.358919
 1.03813 3.06331 0.839503 -0.370343
 1.03461 3.43011 0.401759 -0.314579
 1.03094 3.61367 0.0487188 -0.237415
 1.02721 3.78311 -0.418097 -0.108873
 1.02799 3.89624 -0.987355 0.0800872
 1.04619 3.82897 -1.53659 0.301097
 1.03192 2.39572 1.03991 -0.280778
 1.03446 2.63559 0.989678 -0.307975
 1.03603 2.89338 0.855491 -0.322665
 1.03566 3.19667 0.600862 -0.311253
 1.03136 3.54353 0.135745 -0.235813
 1.02738 3.72411 -0.222046 -0.150572
 1.02341 3.89284 -0.687988 -0.0156126
 1.02413 4.00875 -1.25083 0.177228
 1.0425 3.94781 -1.78916 0.398945
 1.03556 2.82506 0.902626 -0.328139
 1.03574 3.0676 0.728903 -0.329282
 1.03364 3.32555 0.434304 -0.299416
 1.02797 3.63093 -0.0506043 -0.207526
 1.02372 3.80138 -0.406691 -0.117194
 1.01992 3.96631 -0.862461 0.0197147
 1.02135 4.08019 -1.4064 0.210666
 1.04102 4.01818 -1.91856 0.426351
 1.03476 3.26446 0.511728 -0.3118
 1.03173 3.51023 0.192016 -0.266477
 1.02529 3.77765 -0.313525 -0.155864
 1.02102 3.9281 -0.671626 -0.0576133
 1.01772 4.07888 -1.12058 0.0840759
 1.02028 4.18452 -1.64708 0.275073
 1.04172 4.11865 -2.1323 0.485513
 1.02781 3.71602 -0.155483 -0.200567
 1.02114 3.98645 -0.677508 -0.0723761
 1.01729 4.12429 -1.03887 0.0349728
 1.01513 4.25137 -1.48029 0.183092
 1.01995 4.32979 -1.9823 0.373972
 1.04473 4.23577 -2.42321 0.574981
 1.01497 4.22547 -1.21378 0.0778867
 1.01249 4.36504 -1.57623 0.194072
 1.01306 4.48338 -2.00431 0.346543
 1.0221 4.53003 -2.46863 0.53372
 1.05265 4.3807 -2.83608 0.716762
 1.01148 4.48096 -1.928 0.313087
 1.01413 4.59085 -2.34267 0.465993
 1.02678 4.6227 -2.77611 0.646465
 1.06211 4.43685 -3.08324 0.8112
 1.02035 4.66297 -2.71911 0.612108
 1.03771 4.66133 -3.09836 0.777516
 1.07886 4.43815 -3.32975 0.916614
 1.06112 4.59237 -3.38455 0.914048
 1.1087 4.31289 -3.50747 1.01425
 1.16193 3.94642 -3.47218 1.05425

Fourier series term #1
 -0.000310027 -0.0237983 -0.0127328 0.00181321
 -0.000176382 -0.00755775 -0.00634092 0.00102492
 -0.000673223 -0.0396708 -0.0241233 0.00442224
 -0.000726943 -0.0399132 -0.0219447 0.0046845
 -0.000746126 -0.0390324 -0.0153769 0.00415502
 -0.000747986 -0.0381662 -0.00454323 0.0025105
 -0.000720728 -0.0345706 0.0109721 -0.000929999
 -0.000722759 -0.0253718 0.0281683 -0.00618903
 -0.000794855 -0.0175557 0.0348509 -0.00897745
 -0.000973228 -0.00687672 0.0377543 -0.0110656
 -0.00129412 0.00683185 0.0343107 -0.0113481
 -0.00166957 0.0225009 0.0227019 -0.00865243
 -0.00176867 -0.108142 -0.0680164 0.0114121
 -0.00311936 -0.190549 -0.105343 0.0206525
 -0.00388476 -0.234826 -0.108286 0.0248026
 -0.0042636 -0.246682 -0.0747959 0.0223684
 -0.00439859 -0.235666 -0.00861797 0.0113704
 -0.00447221 -0.204136 0.080143 -0.00943756
 -0.00487425 -0.138816 0.170655 -0.0386778
 -0.00554808 -0.0886779 0.202364 -0.0532035
 -0.00685556 -0.0234574 0.21184 -0.0632062
 -0.00896021 0.0583844 0.185392 -0.0626919
 -0.0112831 0.151948 0.112954 -0.0452042
 -0.00541168 -0.276863 -0.135592 0.0338906
 -0.00637724 -0.323623 -0.11761 0.0353512
 -0.00715096 -0.363148 -0.0686084 0.0301278
 -0.00733658 -0.360563 0.0271911 0.0107465
 -0.00708715 -0.304625 0.158506 -0.0255203
 -0.00724016 -0.195187 0.28456 -0.0726396
 -0.00799491 -0.115994 0.32468 -0.0947878
 -0.00964251 -0.0169694 0.331454 -0.109421
 -0.012358 0.103282 0.286747 -0.108139
 -0.0151972 0.237836 0.177848 -0.0821354
 -0.00728452 -0.381313 -0.0788892 0.030593
 -0.0080957 -0.406523 -0.00817989 0.0192206
 -0.00865448 -0.405772 0.0927523 -0.00308885
 -0.00887137 -0.342091 0.220167 -0.0405617
 -0.00957543 -0.200901 0.334062 -0.087206
 -0.0107634 -0.100025 0.361237 -0.106914
 -0.0129903 0.0226922 0.348221 -0.116422
 -0.0163505 0.167865 0.276242 -0.106649
 -0.0195168 0.326812 0.134154 -0.0689207
 -0.00899992 -0.428329 0.0731397 0.00265691
 -0.0096546 -0.40351 0.182812 -0.0265255
 -0.0104351 -0.335089 0.297189 -0.0651364
 -0.0120084 -0.184479 0.386148 -0.108818
 -0.0137096 -0.071912 0.397495 -0.125571
 -0.0164457 0.0676819 0.365204 -0.130547
 -0.0201523 0.231143 0.2703 -0.114148
 -0.0230831 0.404165 0.105386 -0.0685739
 -0.0107848 -0.36684 0.279166 -0.056924
 -0.0120933 -0.270232 0.371349 -0.0950468
 -0.0145891 -0.115904 0.41744 -0.129157
 -0.0167718 -0.00302853 0.403579 -0.138534
 -0.0198928 0.139505 0.345625 -0.135044
 -0.023682 0.309975 0.22534 -0.109431
 -0.025982 0.489239 0.0388315 -0.05504
 -0.0141471 -0.164763 0.422904 -0.125425
 -0.017636 0.0133293 0.415242 -0.145982
 -0.0202894 0.126204 0.369812 -0.144736
 -0.0236364 0.260536 0.281605 -0.12918
 -0.0271078 0.418467 0.137294 -0.0922126
 -0.0281178 0.581776 -0.0613169 -0.0299668
 -0.0220872 0.191358 0.342597 -0.144755
 -0.0250527 0.310888 0.260928 -0.130021
 -0.0282059 0.444715 0.138935 -0.100041
 -0.0305844 0.584453 -0.0273962 -0.0504389
 -0.0293055 0.709158 -0.224938 0.0177717
 -0.0279039 0.421345 0.163915 -0.107699
 -0.0306566 0.551909 0.0262589 -0.0698629
 -0.0319941 0.683029 -0.148348 -0.014424
 -0.0286972 0.784552 -0.336321 0.0537675
 -0.0324583 0.662254 -0.115355 -0.0267949
 -0.032179 0.776382 -0.288774 0.0316945
 -0.0263625 0.853687 -0.462073 0.0980004
 -0.0295239 0.853569 -0.441735 0.0874422
 -0.0206735 0.89385 -0.582737 0.145612
 -0.00842629 0.876995 -0.66364 0.185211

Fourier series term #2
 -4.82621e-05 -0.00388177 -0.00199503 0.00028325
 2.84308e-05 0.00216738 0.0011268 -0.00017672
 -4.62303e-07 -0.000218352 -0.00026309 3.67066e-05
 -1.65937e-05 -0.00133135 -0.00110965 0.000202471
 -3.89932e-06 -0.000376449 -0.000864827 0.000164541
 -3.38424e-06 -0.000439414 -0.0011471 0.000253082
 -1.212e-05 -0.00149905 -0.00162364 0.000447931
 9.12459e-06 -0.000452162 -0.00108298 0.000328231
 1.45229e-05 -0.000467274 -0.000889723 0.000295583
 1.31527e-05 -0.0014153 -0.000548567 0.000253552
 8.12839e-06 -0.00242527 0.000166142 7.68627e-05
 -7.99282e-06 -0.00233874 0.000774417 -0.000150859
 0.000250854 0.0184326 0.00805929 -0.00140778
 0.000125839 0.00366217 -0.00572656 0.00066664
 -0.000109589 -0.020893 -0.025786 0.00457859
 -0.000134238 -0.0292781 -0.0386904 0.00787878
 4.64111e-06 -0.0290915 -0.045441 0.0105862
 0.000198712 -0.0351307 -0.0482915 0.0132452
 0.000512009 -0.0472799 -0.0404022 0.0136902
 0.000727503 -0.0538498 -0.0300911 0.0119189
 0.000933983 -0.0594878 -0.0151709 0.00822456
 0.000990029 -0.0625134 0.00291743 0.0026261
 0.000576814 -0.0596068 0.0192893 -0.00353915
 -5.63162e-05 -0.0118448 -0.032931 0.00610112
 -0.000186859 -0.0257115 -0.0590548 0.0123152
 -0.000445908 -0.0561283 -0.0948005 0.0225976
 -0.000456992 -0.0825728 -0.120668 0.032861
 -4.88224e-05 -0.102554 -0.124514 0.0393621
 0.000765295 -0.127274 -0.0996983 0.0386494
 0.00130928 -0.141195 -0.0732359 0.0335022
 0.00183442 -0.153679 -0.0367401 0.0239012
 0.00201826 -0.160718 0.0067651 0.00984179
 0.00110348 -0.154173 0.0465015 -0.00574323
 -0.000182659 -0.0503611 -0.0923353 0.0202259
 -0.000209888 -0.0793752 -0.128435 0.0316217
 -0.00017984 -0.128824 -0.160658 0.0454126
 0.000348848 -0.176363 -0.163871 0.0544278
 0.00159121 -0.216354 -0.12186 0.0510174
 0.00242892 -0.234395 -0.0813996 0.0422319
 0.00321716 -0.250054 -0.0281503 0.0274775
 0.00346632 -0.258176 0.0337679 0.00685149
 0.00205548 -0.246853 0.0890906 -0.0153902
 -0.000108818 -0.123267 -0.171821 0.0474151
 0.00032398 -0.176647 -0.197562 0.0617925
 0.00119233 -0.253114 -0.19528 0.0721949
 0.00295594 -0.321822 -0.136758 0.066307
 0.00410494 -0.348422 -0.0819694 0.0535498
 0.00513127 -0.368074 -0.0111402 0.0328685
 0.00535678 -0.376554 0.0695622 0.00490538
 0.00328213 -0.359273 0.140408 -0.024662
 0.00105586 -0.252212 -0.216352 0.0769446
 0.00249432 -0.333684 -0.195867 0.0834029
 0.00476965 -0.431964 -0.118706 0.0733506
 0.00617437 -0.475413 -0.0507766 0.0568524
 0.0073846 -0.507444 0.0363806 0.030547
 0.00750429 -0.520528 0.134627 -0.00465067
 0.00460514 -0.497678 0.218943 -0.0413039
 0.0044929 -0.437906 -0.15698 0.0854589
 0.007375 -0.54078 -0.0564607 0.0667535
 0.00895419 -0.596922 0.0233491 0.0458828
 0.0101786 -0.646819 0.124598 0.0144156
 0.00995338 -0.674303 0.237974 -0.0269977
 0.00589117 -0.654903 0.333429 -0.0695985
 0.0106986 -0.669069 0.0674176 0.0391529
 0.0122424 -0.724993 0.156652 0.0128851
 0.0130218 -0.77307 0.262827 -0.0225973
 0.0119555 -0.809679 0.382806 -0.0678833
 0.00620885 -0.798662 0.482105 -0.113344
 0.0135215 -0.789386 0.250189 -0.0152794
 0.0139164 -0.838498 0.357914 -0.0525445
 0.0120099 -0.867492 0.47186 -0.0973315
 0.0050613 -0.849612 0.561245 -0.140265
 0.0135093 -0.894629 0.466529 -0.090729
 0.0105385 -0.91659 0.570698 -0.133266
 0.00212923 -0.885682 0.642197 -0.170831
 0.00601582 -0.93901 0.665333 -0.172589
 -0.00417303 -0.894768 0.712502 -0.201716
 -0.0162831 -0.844365 0.734253 -0.220172

Fourier series term #3
 1.19193e-06 9.41054e-05 4.9148e-05 -6.96682e-06
 6.69478e-06 0.000529631 0.000278579 -4.30999e-05
 -1.6091e-06 -0.000125062 -6.0423e-05 1.08363e-05
 4.48219e-07 2.7303e-05 2.28361e-05 -4.57056e-06
 5.7658e-06 0.000422909 0.000224418 -5.1899e-05
 -9.91963e-06 -0.000718904 -0.000331803 8.9732e-05
 2.92905e-06 0.000274708 8.78966e-05 -3.16299e-05
 5.94525e-06 0.00066765 0.000103402 -5.76342e-05
 -3.97064e-06 -0.000408793 -5.35349e-05 3.36542e-05
 -8.32807e-06 -0.00115754 5.15648e-05 3.98054e-05
 -4.96082e-06 -0.000701964 0.00013334 -1.00378e-05
 5.66598e-06 0.000495345 -0.000214646 4.95744e-05
 3.31299e-05 0.00298914 0.00185171 -0.000289097
 0.000178122 0.0155462 0.00913155 -0.00165567
 2.26752e-05 0.00158226 0.0021912 -0.00045002
 -5.87125e-05 -0.00513097 -0.0016363 0.000333245
 -4.64845e-05 -0.00298385 -0.00172553 0.000320324
 -1.6344e-05 6.22241e-05 -0.00256082 0.000459315
 2.53264e-05 0.00131019 -0.00487711 0.00113378
 5.90651e-05 0.000573788 -0.00599291 0.001594
 0.00011523 -0.000587641 -0.0064223 0.00191348
 0.000196397 -0.00176691 -0.00586484 0.00192107
 0.000282927 -0.00287459 -0.00429482 0.001529
 0.000217219 0.0147267 0.0112941 -0.00250248
 0.000190481 0.0142083 0.0110331 -0.0027558
 -4.26227e-05 -0.000681293 0.000833633 -0.000481025
 -0.00016919 -0.00754416 -0.00831136 0.00183966
 -0.000123219 -0.00335726 -0.0149165 0.00367015
 3.20122e-05 0.000336883 -0.0224694 0.00632348
 0.000176758 -1.85069e-06 -0.0256144 0.00781025
 0.00039389 -0.00234053 -0.0267531 0.00888706
 0.000688249 -0.00676407 -0.0243684 0.00889085
 0.000986498 -0.0122823 -0.0177369 0.00724153
 9.25128e-05 0.0102479 0.00771084 -0.00223026
 6.01451e-05 0.0114794 0.003214 -0.00168841
 -0.000119131 -0.00195927 -0.0126964 0.00234682
 -0.000122362 -0.00862088 -0.0287261 0.00727282
 0.000201181 -0.00687235 -0.0405025 0.0118229
 0.000503742 -0.00813052 -0.0437355 0.0137471
 0.000928544 -0.0128843 -0.0429734 0.0146806
 0.00148372 -0.0194307 -0.0366634 0.0137047
 0.00202466 -0.0274295 -0.0242006 0.0101981
 -3.47799e-06 0.010008 -0.00659505 0.000327788
 4.47655e-06 0.0104206 -0.0221927 0.00428078
 8.25179e-05 -0.00494711 -0.047044 0.0126344
 0.000611981 -0.0204584 -0.0649167 0.0208303
 0.0011486 -0.0263268 -0.0673202 0.0232929
 0.00187852 -0.0329639 -0.0632819 0.0237086
 0.00275608 -0.0419649 -0.0512416 0.0211845
 0.00352708 -0.0517913 -0.031317 0.0151408
 0.000126418 0.00759352 -0.043742 0.0106592
 0.000517749 0.00118034 -0.0682415 0.0195264
 0.00141318 -0.0302431 -0.0876832 0.0302104
 0.00223335 -0.0480338 -0.0877222 0.0331573
 0.00332889 -0.0647158 -0.0779423 0.0326539
 0.00457534 -0.0798402 -0.0571998 0.0275801
 0.00554508 -0.0911952 -0.0279001 0.0179815
 0.00125173 -0.0149504 -0.0932462 0.0303553
 0.00280995 -0.0383374 -0.105487 0.0392615
 0.00398323 -0.06377 -0.100525 0.0413818
 0.00547552 -0.0939725 -0.0824457 0.0390947
 0.00708378 -0.122723 -0.050167 0.0307205
 0.00812358 -0.142579 -0.0086813 0.0167144
 0.00513412 -0.0761022 -0.105258 0.0456779
 0.00674041 -0.0954489 -0.0929042 0.0446191
 0.00854999 -0.121237 -0.068314 0.0393068
 0.0103529 -0.156336 -0.0264453 0.0273357
 0.0112962 -0.18654 0.0267254 0.00892141
 0.00851168 -0.123072 -0.0741161 0.041774
 0.01044 -0.147147 -0.045254 0.0342822
 0.0121802 -0.173593 -0.00368074 0.0211338
 0.0127909 -0.200733 0.0492432 0.00213546
 0.012261 -0.175729 -0.0112197 0.024786
 0.0138221 -0.198811 0.0317982 0.0101959
 0.0140479 -0.214539 0.0789185 -0.00814286
 0.0148043 -0.222503 0.0761628 -0.00541057
 0.014322 -0.225799 0.113097 -0.0213113
 0.0125949 -0.224883 0.142465 -0.0347594

Fourier series term #4
 2.72776e-06 0.000219974 0.000112755 -1.6004e-05
 2.15057e-06 0.000170844 8.93883e-05 -1.38072e-05
 -7.57051e-07 -5.9359e-05 -3.187e-05 5.62154e-06
 4.28697e-06 0.000307714 0.000167551 -3.3557e-05
 -3.4234e-06 -0.000257488 -0.000132456 3.0613e-05
 -1.35364e-06 -0.000131228 -6.15964e-05 1.65438e-05
 7.39046e-06 0.000548054 0.000198819 -6.6973e-05
 -3.99198e-06 -0.000522436 -9.01656e-05 4.69482e-05
 -3.93492e-06 -0.000673478 -4.67241e-05 4.46845e-05
 1.51906e-06 -9.73595e-05 3.2042e-06 3.50936e-06
 6.7602e-06 0.00062503 -0.00014256 1.55683e-05
 1.06996e-05 0.000669963 -0.000255628 5.65711e-05
 -9.65724e-05 -0.00851514 -0.00440114 0.000707533
 9.87096e-05 0.00903191 0.0047172 -0.000854247
 5.16152e-05 0.0044323 0.00257577 -0.000514318
 -1.29682e-05 -0.00147955 -0.000294098 8.98475e-05
 -1.35679e-05 -0.00135334 -0.000104999 6.01455e-05
 -1.08895e-05 -0.000597162 0.000401943 -8.03673e-05
 -1.59345e-05 -0.000235791 0.000551292 -0.000152746
 -1.73944e-05 4.39614e-05 0.000430868 -0.000142689
 -1.77388e-05 0.000333169 0.000189313 -9.08645e-05
 -1.5838e-05 0.000509403 -9.47259e-05 -8.40271e-06
 -8.38325e-06 0.000422134 -0.000274809 6.36553e-05
 0.000153127 0.0106915 0.00674826 -0.00147305
 0.00022678 0.0160665 0.0103307 -0.00246175
 8.22745e-05 0.00527523 0.00536485 -0.00132479
 -6.04218e-05 -0.00485627 0.00122255 -0.000123758
 -8.5696e-05 -0.00490297 0.00191576 -0.000336612
 -8.99907e-05 -0.00122269 0.00277559 -0.000847344
 -0.000103731 0.00022097 0.00229432 -0.0008331
 -0.000116987 0.00122663 0.00122138 -0.000579526
 -0.000113355 0.00171045 -0.000174811 -0.000132339
 -7.10762e-05 0.00152539 -0.0013097 0.00032169
 0.000165574 0.0130903 0.00956289 -0.00226562
 0.000155022 0.0138343 0.0116125 -0.00298632
 -2.40746e-05 0.000613529 0.0073886 -0.00187434
 -0.000163672 -0.00757446 0.00504029 -0.00116576
 -0.000225434 -0.0046658 0.00501456 -0.00146914
 -0.000250426 -0.00196856 0.00399739 -0.00137877
 -0.000260463 0.00144894 0.00189066 -0.000941704
 -0.00024422 0.00357032 -0.000776909 -0.000150457
 -0.000164733 0.00272675 -0.00243285 0.000563817
 7.43422e-05 0.00988381 0.0131343 -0.00356298
 2.20716e-06 0.0114948 0.0158495 -0.00477625
 -0.000244585 -0.00134869 0.0118289 -0.00360629
 -0.000418762 -0.00660524 0.00782451 -0.00246896
 -0.000472966 -0.00539551 0.00579491 -0.00197917
 -0.000492565 -0.00136191 0.00285628 -0.0012881
 -0.000461364 0.00183545 -0.000739028 -0.000203774
 -0.000336079 0.00229847 -0.00329934 0.00081098
 -0.000167828 0.00935506 0.018105 -0.00585701
 -0.000368595 0.013562 0.0181493 -0.00679265
 -0.000666018 0.00245666 0.0109889 -0.00444066
 -0.000767192 -0.00247979 0.00733472 -0.00300671
 -0.000807644 -0.00471835 0.00407158 -0.0017173
 -0.000762878 -0.00417984 0.000812101 -0.000495697
 -0.000604625 -0.0026107 -0.00197617 0.000567655
 -0.000674572 0.0152742 0.0167122 -0.00715558
 -0.00104404 0.0204627 0.00978781 -0.00582382
 -0.00117865 0.0140746 0.00526373 -0.00390681
 -0.00124243 0.00465746 0.00190782 -0.00192147
 -0.00119228 -0.00427366 0.000821603 -0.000621444
 -0.00102766 -0.00963901 0.00146401 -0.000225632
 -0.00147644 0.0214379 0.00350964 -0.00413147
 -0.00166395 0.0249758 -0.00191877 -0.00252006
 -0.0017613 0.0224579 -0.00622251 -0.000636471
 -0.00172562 0.0115869 -0.00651075 0.000686832
 -0.00159038 -0.00461362 -0.00039596 6.39877e-05
 -0.00185235 0.020955 -0.00428929 -0.00131044
 -0.00198568 0.0228885 -0.00910062 0.000418977
 -0.00198072 0.0190203 -0.0113732 0.00189154
 -0.00185673 0.00401731 -0.00536759 0.00124605
 -0.00217511 0.0183229 -0.0100303 0.00133848
 -0.00219669 0.017139 -0.0119739 0.00240488
 -0.00206061 0.0102585 -0.00960178 0.00239414
 -0.00234426 0.0104559 -0.00935715 0.00219814
 -0.00229872 0.00664934 -0.00704751 0.00180904
 -0.00276654 0.000540244 -0.00205573 0.000471729

Fourier series term #5
 6.16055e-07 5.0161e-05 2.56422e-05 -3.64906e-06
 -8.89712e-07 -6.73082e-05 -3.62266e-05 5.68132e-06
 1.35632e-06 0.000101489 5.52073e-05 -9.78345e-06
 -2.08292e-07 -1.25733e-05 -7.09541e-06 1.48712e-06
 -1.92645e-06 -0.000141352 -7.38852e-05 1.69688e-05
 2.89492e-06 0.000214084 9.84487e-05 -2.6853e-05
 -9.52183e-07 -7.76426e-05 -2.41682e-05 8.60472e-06
 -1.8857e-06 -0.000205242 -4.22853e-05 2.02466e-05
 1.20132e-06 0.000120166 2.99786e-06 -6.49636e-06
 2.55054e-06 0.000352223 -2.51291e-05 -9.41977e-06
 1.50176e-06 0.000218597 -4.56935e-05 4.28201e-06
 -1.63756e-06 -0.0001448 6.02747e-05 -1.38139e-05
 -0.000100536 -0.00911823 -0.00463093 0.000742122
 2.71671e-05 0.00269405 0.00129533 -0.000235285
 3.05159e-05 0.00283666 0.00147111 -0.000298403
 3.77309e-06 0.000213432 0.000147743 -3.38343e-05
 -3.37044e-06 -0.000421943 -0.000159695 4.61035e-05
 -1.92153e-06 -0.000264419 -4.25462e-05 2.14607e-05
 6.85167e-07 -1.67074e-05 3.61607e-05 -7.17152e-06
 -6.89032e-07 -0.000139263 5.53382e-05 -7.82833e-06
 -2.5444e-06 -0.00019439 0.000115942 -2.47593e-05
 -4.40425e-06 -4.78224e-05 0.000129746 -3.87e-05
 -4.26477e-06 0.000158343 2.99818e-05 -1.63332e-05
 2.62649e-05 0.00201418 0.00111979 -0.000247456
 0.000156835 0.011694 0.00644772 -0.00158267
 9.78268e-05 0.00712126 0.0040636 -0.00110012
 9.00598e-06 2.84707e-05 0.000380279 -8.52841e-05
 -1.85246e-05 -0.00242085 -0.000439702 0.000241743
 -1.24276e-05 -0.00170372 0.000454513 -2.72879e-05
 -1.03816e-05 -0.0010013 0.000823241 -0.000188317
 -1.37002e-05 -0.000357888 0.000953396 -0.000287058
 -2.28392e-05 -2.72755e-05 0.00086547 -0.0002966
 -3.33981e-05 2.43817e-05 0.000685073 -0.00024774
 0.000115001 0.00953893 0.00503958 -0.00125961
 0.000175862 0.0150529 0.00752953 -0.0021013
 7.96496e-05 0.00626551 0.00364721 -0.00108703
 -2.02872e-05 -0.00361745 0.000548466 4.85705e-05
 -3.15746e-05 -0.00461783 0.00134546 -0.000123072
 -3.70184e-05 -0.00372101 0.00208068 -0.000413374
 -5.30883e-05 -0.00207462 0.00250963 -0.00068481
 -7.97294e-05 -0.00073298 0.00231208 -0.000741324
 -0.000100624 1.70391e-05 0.00163465 -0.000575279
 0.000140902 0.0119533 0.00656032 -0.00197066
 0.000148522 0.0144541 0.00797185 -0.00263031
 2.82448e-05 0.0028608 0.00467622 -0.00141654
 -6.9355e-05 -0.00718504 0.0040067 -0.000781793
 -9.41832e-05 -0.00788299 0.00476003 -0.0010239
 -0.000129704 -0.00594075 0.00537374 -0.00141999
 -0.000183405 -0.00353863 0.00509542 -0.00156168
 -0.000224107 -0.000918739 0.00356771 -0.00124337
 0.0001 0.0112245 0.00808741 -0.00273373
 4.50126e-05 0.0131766 0.00985912 -0.00365516
 -0.000125101 -0.000298289 0.00875723 -0.00282335
 -0.000199256 -0.00598938 0.00897314 -0.00263375
 -0.00026293 -0.00823396 0.00925943 -0.00268281
 -0.000342592 -0.00750108 0.00897609 -0.00274157
 -0.000427951 -0.00376756 0.00687724 -0.00233006
 -3.85428e-05 0.01038 0.0121745 -0.00457551
 -0.000302084 0.014614 0.0114036 -0.00506677
 -0.000383007 0.00978256 0.0112089 -0.00486278
 -0.000522342 0.00174861 0.0109402 -0.00428975
 -0.000653499 -0.00329013 0.0106377 -0.00387271
 -0.000687593 -0.0045369 0.0097186 -0.00346727
 -0.00056659 0.0154989 0.0117213 -0.00574381
 -0.00075475 0.0202758 0.00895822 -0.00537151
 -0.000929092 0.0230947 0.00480161 -0.00425366
 -0.00104424 0.0181703 0.002537 -0.00299007
 -0.00107802 0.00923768 0.00307057 -0.00230557
 -0.000950552 0.0200669 0.00717802 -0.00490436
 -0.00114831 0.0268197 0.00124955 -0.00341872
 -0.00125672 0.0293969 -0.00477974 -0.00133152
 -0.00117842 0.022911 -0.00632093 3.65669e-05
 -0.00132159 0.0261331 -0.00150888 -0.00238595
 -0.00140306 0.0334736 -0.0103178 0.000397951
 -0.00120694 0.0346203 -0.016742 0.00306291
 -0.00143777 0.0327053 -0.0140947 0.00204811
 -0.00103955 0.0362448 -0.0215671 0.00493772
 -0.000712946 0.0331487 -0.0232826 0.00615909


