**************************************************************
***  MERIS LUT-169: Fourier series terms (s0,..,s5)[TERM]] ***
***                 of polynomial coefficients (k0,..,k3)  ***
***                 for each of 81 aerosol models [IAER],  ***
***                 & for each of 78 geometries [SVZA]     ***
***  - - - - - - - - - - - - - - - - - - - - - - - - - - - ***
***  => useful for multiplicative aer.scat.fct. retrieval  ***
**************************************************************

12 Gaussian angles (deg): SZA/VZA
------------------------         

 2.84 17.64 28.77 36.19 43.61 51.03 58.46 65.88 69.59 73.30 77.01 80.72

Coefficients: [SVZA x (k0,k1,k2,k3)]
------------                        

 Aerosol model #58
 - - - - - - -  

Fourier series term #0
 1.00409 0.528654 0.207608 -0.0296649
 1.00914 0.939882 0.466419 -0.0702389
 1.01797 1.52524 0.883995 -0.149315
 1.0246 1.89608 1.15133 -0.217683
 1.03148 2.29981 1.38688 -0.301381
 1.03682 2.70526 1.50537 -0.386658
 1.03813 3.123 1.41885 -0.449291
 1.03174 3.60117 0.992047 -0.435445
 1.02453 3.84527 0.567368 -0.359683
 1.01607 4.07702 -0.0407368 -0.207432
 1.01257 4.26332 -0.825719 0.0383876
 1.03277 4.26093 -1.63674 0.346669
 1.01336 1.22836 0.671386 -0.10649
 1.01974 1.6437 0.94262 -0.168964
 1.02482 1.99103 1.13643 -0.228437
 1.02958 2.3761 1.29557 -0.299311
 1.03272 2.78316 1.35761 -0.371106
 1.0317 3.20886 1.23643 -0.42028
 1.02262 3.65896 0.787564 -0.390412
 1.0143 3.90539 0.369025 -0.31114
 1.00474 4.16159 -0.226507 -0.15887
 0.999795 4.38285 -1.00362 0.0868901
 1.01802 4.41152 -1.8169 0.397814
 1.02506 1.88623 1.06335 -0.216195
 1.02906 2.15139 1.15382 -0.262843
 1.03268 2.46298 1.21396 -0.317227
 1.03488 2.8291 1.2128 -0.374224
 1.03337 3.21691 1.06196 -0.409437
 1.02473 3.65056 0.631817 -0.373461
 1.017 3.89044 0.240686 -0.295684
 1.00838 4.1432 -0.317953 -0.148751
 1.00465 4.36979 -1.05414 0.0881052
 1.024 4.41903 -1.83415 0.389656
 1.0316 2.33317 1.15576 -0.294164
 1.03367 2.58714 1.14132 -0.33292
 1.03414 2.87745 1.0655 -0.368743
 1.03142 3.25205 0.886472 -0.390707
 1.02199 3.67316 0.452881 -0.344042
 1.01425 3.92264 0.0719851 -0.264495
 1.00585 4.18183 -0.469937 -0.117907
 1.00257 4.42459 -1.18576 0.11574
 1.02233 4.50449 -1.9504 0.413392
 1.03395 2.7462 1.04328 -0.349815
 1.03274 2.97988 0.908007 -0.365889
 1.02841 3.2897 0.677546 -0.364862
 1.01814 3.72068 0.231655 -0.304788
 1.01038 3.97783 -0.149091 -0.219559
 1.0023 4.24377 -0.680875 -0.0702974
 0.999691 4.49599 -1.37554 0.161209
 1.02045 4.59365 -2.11792 0.453929
 1.02983 3.13334 0.712613 -0.357871
 1.02407 3.40554 0.434976 -0.333894
 1.0129 3.7841 -0.0486351 -0.247685
 1.00515 4.04212 -0.433334 -0.154045
 0.997729 4.33301 -0.963493 0.000355952
 0.996622 4.59716 -1.64463 0.233094
 1.0197 4.68874 -2.3538 0.519302
 1.01692 3.59272 0.103387 -0.278624
 1.00527 3.95258 -0.42307 -0.163676
 0.99803 4.18704 -0.819777 -0.0560136
 0.992306 4.43342 -1.34487 0.108965
 0.994091 4.70109 -2.00904 0.34337
 1.02157 4.80328 -2.68362 0.621615
 0.994326 4.23077 -0.986713 -0.0128695
 0.988913 4.43735 -1.39861 0.112665
 0.986598 4.64542 -1.91275 0.28761
 0.993748 4.86269 -2.53385 0.51957
 1.02886 4.89717 -3.11853 0.775521
 0.985684 4.5808 -1.79097 0.242633
 0.986067 4.77674 -2.2892 0.41821
 0.997808 4.9689 -2.88066 0.645925
 1.03894 4.93776 -3.38635 0.879798
 0.991024 4.9287 -2.74815 0.587844
 1.00895 5.03672 -3.2617 0.79742
 1.05743 4.93133 -3.66285 0.998384
 1.03435 5.02769 -3.6477 0.970109
 1.0918 4.8308 -3.90614 1.12187
 1.15632 4.48998 -3.94879 1.19539

Fourier series term #1
 -0.00029791 -0.0324477 -0.0157976 0.00219889
 -0.000942862 -0.0713453 -0.0467808 0.00671377
 -0.00113248 -0.0600469 -0.046435 0.00742506
 -0.00122486 -0.0561403 -0.0403105 0.0073977
 -0.00123085 -0.0509938 -0.0271891 0.0061788
 -0.00115707 -0.0464261 -0.00889299 0.0035142
 -0.000927133 -0.0336174 0.0161887 -0.00205659
 -0.000768876 -0.0169002 0.0395615 -0.00939261
 -0.000817982 -0.00752324 0.0468035 -0.0127175
 -0.00101988 0.00434448 0.0485947 -0.0149105
 -0.00141922 0.0213807 0.0419455 -0.0146956
 -0.0018689 0.0403988 0.0247764 -0.0104592
 -0.00456547 -0.300087 -0.211916 0.0321643
 -0.00640672 -0.359429 -0.25167 0.0435976
 -0.00697034 -0.35046 -0.220097 0.0437756
 -0.00690905 -0.315212 -0.142107 0.0352333
 -0.00648577 -0.274848 -0.0348885 0.0178584
 -0.00560428 -0.199365 0.0987799 -0.013167
 -0.00520924 -0.0918384 0.218725 -0.0527655
 -0.0058256 -0.0261536 0.254596 -0.0707584
 -0.00746225 0.0555268 0.25899 -0.0819927
 -0.0103897 0.158755 0.213045 -0.078043
 -0.0135982 0.273434 0.104744 -0.0500044
 -0.00932995 -0.4909 -0.301629 0.0607011
 -0.0103411 -0.515814 -0.264782 0.0617448
 -0.0105169 -0.500411 -0.172073 0.0511132
 -0.00955128 -0.412659 -0.0151872 0.0207541
 -0.00824386 -0.297794 0.162122 -0.0248673
 -0.00757109 -0.130867 0.321568 -0.0820282
 -0.00830511 -0.0201507 0.367749 -0.108019
 -0.010493 0.107834 0.367205 -0.122914
 -0.0144375 0.252407 0.297604 -0.115538
 -0.0186193 0.406112 0.146199 -0.0754069
 -0.0116077 -0.576424 -0.228866 0.0631201
 -0.0117238 -0.561317 -0.127764 0.0486537
 -0.0110299 -0.492047 0.0212581 0.0174516
 -0.00974674 -0.338677 0.2073 -0.0355164
 -0.00944317 -0.139229 0.363553 -0.0969102
 -0.0105923 -0.00898363 0.406307 -0.124413
 -0.0133313 0.140902 0.396381 -0.138706
 -0.0179777 0.309457 0.310595 -0.127885
 -0.0227706 0.499862 0.130696 -0.0797465
 -0.0121712 -0.575995 -0.0393576 0.034306
 -0.0116839 -0.507429 0.0966014 0.00137635
 -0.0109821 -0.370695 0.25304 -0.0480875
 -0.0114414 -0.136175 0.391332 -0.110023
 -0.0131223 0.00294682 0.420663 -0.135122
 -0.016378 0.170689 0.394836 -0.145925
 -0.0215166 0.37322 0.286235 -0.129416
 -0.0264656 0.59189 0.0794717 -0.0726799
 -0.0117777 -0.470202 0.198568 -0.0274117
 -0.0119515 -0.346479 0.317626 -0.0714803
 -0.0134517 -0.133686 0.407116 -0.12145
 -0.0156496 0.0254847 0.412794 -0.141159
 -0.0194765 0.21407 0.363813 -0.145685
 -0.0249043 0.434272 0.230689 -0.121062
 -0.0293814 0.663941 0.0024315 -0.0558343
 -0.0131888 -0.26247 0.381444 -0.102252
 -0.0160432 -0.061273 0.410143 -0.135555
 -0.0187667 0.0844785 0.38251 -0.143575
 -0.022754 0.253222 0.30415 -0.135559
 -0.0281347 0.486082 0.143273 -0.100364
 -0.0314658 0.72432 -0.103524 -0.0269069
 -0.0201729 0.0916114 0.363819 -0.141355
 -0.0233213 0.212488 0.299575 -0.133663
 -0.0271996 0.368279 0.186367 -0.11001
 -0.0313329 0.568629 0.00310395 -0.0608695
 -0.0323568 0.774335 -0.242965 0.0180498
 -0.026241 0.30964 0.22077 -0.117446
 -0.0296279 0.456483 0.0901685 -0.0849067
 -0.0326537 0.633844 -0.0983738 -0.0296961
 -0.0316064 0.815973 -0.338731 0.0509626
 -0.0320081 0.564718 -0.0392578 -0.0473693
 -0.033298 0.711983 -0.225912 0.0121199
 -0.0292269 0.857624 -0.448948 0.0912907
 -0.0318371 0.804658 -0.388488 0.0695568
 -0.0241718 0.884037 -0.562298 0.136995
 -0.0125677 0.883033 -0.661775 0.18276

Fourier series term #2
 -2.54858e-05 -0.00344762 -0.00131122 0.000189888
 7.20177e-05 0.00604571 0.00347136 -0.000508066
 5.41402e-06 0.00018081 -0.000287461 3.59142e-05
 -9.28605e-05 -0.00649325 -0.00493647 0.00089239
 1.98153e-05 0.0028244 0.000524248 -0.000177457
 -1.06615e-05 0.0014043 -0.000800269 0.000105396
 -0.000184153 -0.0110298 -0.00667566 0.00197402
 9.61245e-06 0.0074661 0.00118721 -0.000662499
 5.65101e-06 0.00991187 0.000673543 -0.000689341
 -6.21063e-05 -0.000309228 -0.000817284 0.00028506
 -0.000106878 -0.012297 0.00178143 0.000104211
 -0.000194165 -0.0123129 0.00461178 -0.000951279
 -0.000214231 -0.0417712 -0.0231961 0.00375149
 -0.000451693 -0.0612708 -0.0509734 0.00852031
 -0.000571776 -0.0620861 -0.0669758 0.0119293
 -0.000613076 -0.0555506 -0.0756019 0.0148332
 -0.000550775 -0.0521496 -0.0787701 0.0176711
 -0.000391522 -0.0550495 -0.0727276 0.0194247
 1.54987e-06 -0.0647946 -0.0530492 0.0179571
 0.000338312 -0.0675351 -0.0364653 0.014677
 0.000679253 -0.0670588 -0.0158355 0.00918824
 0.000806816 -0.0633721 0.00629828 0.00194016
 0.000352365 -0.0541942 0.0236037 -0.00503894
 -0.00110052 -0.118053 -0.114226 0.020921
 -0.00143 -0.135113 -0.152561 0.0301904
 -0.00172521 -0.150941 -0.185688 0.0408224
 -0.00171436 -0.15028 -0.193234 0.048136
 -0.00127576 -0.158612 -0.178161 0.0520531
 -0.000143504 -0.167606 -0.127995 0.0463598
 0.000668902 -0.172533 -0.0875662 0.0376966
 0.00152085 -0.173618 -0.0387028 0.024306
 0.00199523 -0.166568 0.0125607 0.00714882
 0.001204 -0.14449 0.0530382 -0.00960842
 -0.00196559 -0.186061 -0.212377 0.0459382
 -0.00241052 -0.225435 -0.258644 0.0621873
 -0.00232731 -0.251255 -0.276845 0.0753362
 -0.00150155 -0.255729 -0.249657 0.0788081
 0.000221493 -0.276623 -0.179064 0.0703825
 0.00155044 -0.275243 -0.12218 0.0571623
 0.00293094 -0.271218 -0.0549454 0.0378996
 0.00371449 -0.260729 0.0185355 0.0127463
 0.00259647 -0.227885 0.0784716 -0.0125216
 -0.00274776 -0.294898 -0.314115 0.0837997
 -0.00249914 -0.346071 -0.335748 0.100975
 -0.00139479 -0.395509 -0.310997 0.109146
 0.00128381 -0.397987 -0.217553 0.0945665
 0.00311753 -0.399891 -0.146732 0.0774459
 0.00499902 -0.402473 -0.0591797 0.0518066
 0.00608281 -0.391698 0.0384759 0.0175408
 0.00457964 -0.348718 0.119265 -0.0173765
 -0.00200721 -0.449781 -0.361293 0.123185
 -0.000106591 -0.513802 -0.329142 0.130849
 0.0034735 -0.564439 -0.224386 0.115458
 0.00584741 -0.57001 -0.13833 0.0931524
 0.00823253 -0.566001 -0.0327706 0.0600058
 0.00962606 -0.553167 0.0856296 0.0167575
 0.00767052 -0.511421 0.189419 -0.0285559
 0.00261266 -0.638503 -0.29084 0.139558
 0.00714808 -0.715462 -0.169388 0.118436
 0.0101331 -0.757746 -0.0713537 0.0932205
 0.0130385 -0.784642 0.0552905 0.0531289
 0.0144953 -0.764377 0.188675 0.00138549
 0.0117131 -0.717116 0.308792 -0.0532415
 0.0128858 -0.88755 -0.0249673 0.0926149
 0.0162001 -0.943077 0.0860233 0.0611662
 0.0190463 -0.96853 0.217927 0.0158426
 0.0201878 -1.00719 0.380945 -0.0449718
 0.0154426 -0.97616 0.519052 -0.108445
 0.0193918 -1.01237 0.202132 0.0271046
 0.0221184 -1.07546 0.346991 -0.0214037
 0.0225403 -1.12142 0.513671 -0.0847299
 0.0164833 -1.06888 0.633189 -0.144426
 0.0242379 -1.17611 0.507003 -0.0739167
 0.0234351 -1.20693 0.65917 -0.134751
 0.0154605 -1.15048 0.764157 -0.190164
 0.0206505 -1.25083 0.807271 -0.193945
 0.00990511 -1.20294 0.898514 -0.243402
 -0.00407216 -1.16221 0.967542 -0.282427

Fourier series term #3
 3.9798e-06 0.000477383 0.000204128 -2.87817e-05
 4.87805e-05 0.0050171 0.00254807 -0.000384478
 -4.3138e-05 -0.00359062 -0.00215169 0.000363044
 1.13237e-05 0.000803949 0.000527784 -9.89794e-05
 8.03985e-05 0.00582233 0.00360428 -0.000780986
 -0.000134873 -0.00955916 -0.00550408 0.00140447
 4.10504e-05 0.00356121 0.00165322 -0.000525536
 7.21252e-05 0.00876204 0.00252091 -0.0010923
 -4.47587e-05 -0.00547372 -0.000943744 0.000551133
 -7.17335e-05 -0.0149371 -0.000127202 0.000844561
 -4.35854e-05 -0.00896425 0.00161142 -4.7698e-05
 1.83939e-05 0.0064184 -0.00229057 0.000445797
 4.72504e-05 -0.0022198 0.00227197 -0.000223399
 -3.77512e-05 -0.0122885 -0.00359294 0.000826865
 -0.000108793 -0.0178081 -0.00874881 0.00184503
 -5.5048e-06 -0.00655459 -0.0052231 0.00106322
 -5.70298e-05 -0.00844077 -0.00901034 0.00199276
 4.07845e-06 -0.00268498 -0.00902095 0.00204981
 8.28054e-05 -0.000422914 -0.0109084 0.00280347
 0.000121949 -0.00494127 -0.01167 0.00349984
 0.000204224 -0.00844591 -0.00996131 0.00343749
 0.000308524 -0.00698247 -0.00713531 0.00263936
 0.000399968 -0.00305782 -0.00535601 0.00191559
 -0.000105911 -0.031851 -0.0115758 0.0027032
 -0.000150867 -0.0359598 -0.0182606 0.00417096
 -0.0002677 -0.0451073 -0.0311061 0.00727355
 -0.000136753 -0.0240153 -0.0324234 0.00757216
 -8.937e-05 -0.0193486 -0.0405364 0.0103822
 0.000119298 -0.0179297 -0.0447488 0.0130994
 0.000362432 -0.0159877 -0.0435742 0.0136177
 0.000686444 -0.0183573 -0.0391112 0.0132911
 0.00107195 -0.0263934 -0.0289213 0.0111192
 0.00132075 -0.0344339 -0.0134484 0.00649125
 -0.000282978 -0.055718 -0.0328343 0.00776646
 -0.000218465 -0.0513776 -0.0440793 0.0105589
 -0.000361286 -0.0635964 -0.0667143 0.0173792
 -0.000146665 -0.0459647 -0.0749378 0.0208749
 0.00037599 -0.0377552 -0.080143 0.0248869
 0.00078884 -0.0441293 -0.0772637 0.0261036
 0.00135133 -0.0572831 -0.0647822 0.0245504
 0.00204779 -0.0582301 -0.0460724 0.0194248
 0.00260257 -0.0591833 -0.0243546 0.0121976
 -0.000322075 -0.0762853 -0.0708553 0.0183197
 -0.000363308 -0.0910573 -0.0976259 0.0274353
 3.67036e-05 -0.0925938 -0.118905 0.0365524
 0.000822603 -0.091002 -0.119695 0.0414321
 0.00159528 -0.0941652 -0.111628 0.0416503
 0.00263005 -0.104959 -0.0927656 0.0384659
 0.00380645 -0.111742 -0.0627267 0.0301152
 0.00459956 -0.11084 -0.0275064 0.0177386
 -9.58531e-05 -0.118534 -0.131316 0.0403273
 0.000463444 -0.143964 -0.154486 0.0528501
 0.0019408 -0.175284 -0.154055 0.0609544
 0.00320764 -0.176331 -0.13839 0.0592355
 0.00476311 -0.1764 -0.110422 0.0525644
 0.00646447 -0.183921 -0.0676035 0.0396976
 0.00750062 -0.189134 -0.014256 0.0205504
 0.00163965 -0.209945 -0.175893 0.068848
 0.00407363 -0.245019 -0.163812 0.0744996
 0.00597825 -0.279534 -0.137881 0.0720209
 0.008112 -0.293605 -0.0932408 0.0603002
 0.0103539 -0.306953 -0.0332077 0.0409536
 0.0112732 -0.300008 0.0323476 0.0149929
 0.00786758 -0.355159 -0.126122 0.0771475
 0.0102107 -0.381782 -0.0859252 0.0682906
 0.0127614 -0.403302 -0.0287085 0.0514965
 0.0152979 -0.444648 0.0556045 0.0240692
 0.0157764 -0.462081 0.146174 -0.0112802
 0.0127796 -0.430996 -0.0342347 0.0564281
 0.0155208 -0.471099 0.0342956 0.036215
 0.0178613 -0.504349 0.119648 0.00658793
 0.0174302 -0.52982 0.21988 -0.0328967
 0.0181601 -0.530154 0.114378 0.0123833
 0.0197997 -0.57867 0.213761 -0.0224511
 0.0181919 -0.584022 0.301416 -0.059976
 0.0201501 -0.632691 0.318632 -0.0601505
 0.0171141 -0.614756 0.382604 -0.0911669
 0.0114115 -0.605176 0.442089 -0.11974

Fourier series term #4
 2.49192e-06 0.000330049 0.000124544 -1.78591e-05
 1.35566e-06 0.00024886 7.7952e-05 -1.33056e-05
 -1.21394e-05 -0.00108678 -0.000628892 0.00010663
 4.98973e-05 0.0037263 0.00233041 -0.00043929
 -4.64556e-05 -0.00339269 -0.00209868 0.000454861
 -1.85653e-05 -0.00173789 -0.00101954 0.000257757
 0.000100299 0.00740402 0.00352927 -0.00110549
 -4.8474e-05 -0.00685293 -0.00191446 0.000838035
 -3.86056e-05 -0.0088491 -0.00145508 0.000870781
 2.03613e-05 -0.00136672 -5.51706e-05 8.6334e-05
 5.54286e-05 0.00795258 -0.00140049 1.93092e-05
 0.000105951 0.0086712 -0.00309363 0.000620039
 1.53122e-05 -0.000493397 0.000900844 -0.000105784
 5.47484e-05 0.00305028 0.00306667 -0.000490853
 -2.51389e-05 -0.00575109 -0.00199283 0.000478085
 -4.11123e-05 -0.00444059 -0.00157218 0.000428244
 -4.22996e-06 -0.00189408 -0.000506378 0.000171712
 1.89729e-05 0.00151719 0.000950435 -0.000292715
 -2.59018e-05 -0.00276437 -0.000351238 0.000210762
 -1.2187e-05 -0.00335237 -0.000781898 0.000376337
 1.27061e-05 -0.00106907 -0.000904066 0.000310771
 1.75976e-05 0.00192572 -0.00121251 0.00026662
 2.29659e-05 0.00336022 -0.00172793 0.000400538
 -1.16565e-05 -0.00960656 -0.00034089 0.000347415
 -2.45582e-05 -0.0115407 -0.000819111 0.000550221
 -8.36986e-05 -0.0196046 -0.00540302 0.00176018
 -7.04553e-05 -0.0124461 -0.00215938 0.00096938
 -5.49277e-05 -0.0086154 -0.00145464 0.000693617
 -2.6589e-05 -0.00278043 -0.00157944 0.000476662
 -3.38253e-05 -0.0014626 -0.00194845 0.000541125
 -1.95928e-05 -0.000197317 -0.00287069 0.000802047
 4.29885e-05 5.12727e-05 -0.00414351 0.00128119
 0.00015663 -0.0015836 -0.00407724 0.00143828
 1.58218e-05 -0.0174731 -0.000255376 0.00070062
 -5.99879e-05 -0.0240309 -0.00205924 0.00137755
 -0.00014799 -0.033325 -0.00690142 0.00297289
 -7.29585e-05 -0.0182801 -0.00367167 0.00170037
 -8.12625e-05 -0.0127309 -0.0037125 0.00156163
 -4.37524e-05 -0.0144169 -0.00600714 0.00247971
 5.67693e-05 -0.00181107 -0.00791882 0.00245643
 0.000146813 0.00593207 -0.0102201 0.00291209
 0.000301362 -0.00777542 -0.0053297 0.0022421
 -0.000120575 -0.0403259 -0.00479477 0.00272533
 -5.75255e-05 -0.0366823 -0.00379564 0.00249847
 -0.000185599 -0.0501549 -0.00877246 0.00477164
 -2.54847e-05 -0.0221385 -0.00822669 0.00344072
 -3.24088e-06 -0.0228559 -0.00920461 0.00403408
 0.000124406 -0.0194922 -0.0104622 0.00449897
 0.000330011 -0.0173021 -0.0101841 0.00452185
 0.00051891 -0.0233399 -0.0039286 0.00284415
 -0.000173248 -0.0607657 -0.00701938 0.00473658
 -7.40021e-05 -0.0573788 -0.00824501 0.00529255
 5.31128e-05 -0.062071 -0.0119445 0.00745368
 0.000144251 -0.0565006 -0.0109667 0.00721929
 0.000285427 -0.0502748 -0.00762655 0.00601767
 0.000551072 -0.0492561 -0.00380288 0.00491799
 0.000867392 -0.0492085 0.00378625 0.00217139
 1.73735e-05 -0.0784669 -0.0095689 0.00756246
 0.000180765 -0.0964797 -0.00577572 0.00855494
 0.000423876 -0.105129 -0.000664965 0.00806288
 0.000697474 -0.103317 0.00692753 0.00567713
 0.00115398 -0.116137 0.0217736 0.00160562
 0.00113612 -0.087316 0.0237503 -0.00180807
 0.00064445 -0.138988 0.0109149 0.00714647
 0.000901378 -0.146262 0.0219514 0.00432162
 0.00119941 -0.160682 0.0402634 -0.000769771
 0.00142029 -0.167161 0.0600717 -0.0077361
 0.00108252 -0.187457 0.0927539 -0.0192021
 0.0012325 -0.18195 0.0458638 -0.000862536
 0.00137066 -0.187001 0.0642673 -0.00716412
 0.00135213 -0.190321 0.0852448 -0.0151669
 0.00070089 -0.217022 0.124208 -0.0287921
 0.00129523 -0.20946 0.0926717 -0.0159597
 0.00100256 -0.227655 0.124209 -0.0269667
 -0.000251758 -0.241073 0.157157 -0.0398422
 3.97638e-05 -0.261212 0.168275 -0.0418274
 -0.00261262 -0.27121 0.20144 -0.0555492
 -0.00653397 -0.272863 0.22581 -0.0666363

Fourier series term #5
 3.18592e-07 4.60945e-05 1.57438e-05 -2.26915e-06
 -7.04008e-06 -0.000703774 -0.000364844 5.47442e-05
 1.29349e-05 0.00105287 0.000637797 -0.000107156
 -3.77003e-06 -0.000221763 -0.000150216 2.79951e-05
 -2.45604e-05 -0.00180699 -0.00112567 0.000243343
 4.05292e-05 0.00288435 0.00164846 -0.000421726
 -1.34789e-05 -0.00102685 -0.000429589 0.000140733
 -2.28878e-05 -0.00274104 -0.000865258 0.000360923
 1.27264e-05 0.00148146 0.000162212 -0.000123748
 2.12449e-05 0.00453761 1.77304e-05 -0.000251189
 1.11e-05 0.00291954 -0.000464044 -5.40534e-06
 -8.33113e-06 -0.00180246 0.000706109 -0.000147479
 -7.16747e-05 -0.00818239 -0.00390237 0.000642779
 7.59233e-05 0.00745865 0.00437393 -0.000785685
 -5.92723e-05 -0.0060121 -0.0029753 0.000623264
 3.69715e-05 0.00220573 0.00133698 -0.000299913
 -2.07971e-05 -0.00211075 -0.000956655 0.000270478
 -1.33717e-05 -0.00070888 0.000169147 -4.69577e-06
 1.89802e-05 0.00210378 0.000228572 -0.000164852
 4.26237e-06 -0.000902225 -0.000477272 0.000184058
 -6.46459e-06 -0.00318234 0.000120683 0.000138243
 -2.17624e-05 -0.00142192 0.000714961 -0.000155701
 -2.95701e-05 0.00193249 -0.000319435 8.6073e-06
 4.02694e-05 0.000159359 0.00232058 -0.000369919
 7.0312e-05 0.00262178 0.00356613 -0.000681718
 -8.93102e-05 -0.0123782 -0.00414936 0.00124258
 5.32306e-06 -0.00284321 -0.000167345 0.000174002
 -7.73299e-06 -0.00324791 -0.00020515 0.000221203
 -2.88573e-05 -0.00360511 0.000722146 2.0532e-06
 -2.12751e-05 -0.000775533 0.00130845 -0.00033964
 -3.10832e-05 0.000452355 0.00117023 -0.000394424
 -3.69754e-05 -0.000941505 0.000891479 -0.000240764
 -3.96511e-05 -0.00274036 0.00120007 -0.000260385
 -3.44089e-05 -0.00940214 -0.000474103 0.000425484
 -2.80091e-05 -0.0103559 -0.000657871 0.000569002
 -1.01758e-05 -0.0133886 -0.00186124 0.00104324
 -5.53778e-05 -0.0115478 7.09703e-05 0.000599067
 -3.30577e-05 -0.00832732 0.00149055 6.5894e-05
 -5.0565e-05 -0.0111537 0.00187489 0.000114117
 -8.84409e-05 -0.00298958 0.00334734 -0.000905667
 -0.000134022 0.00182093 0.00226759 -0.000906843
 -8.17655e-05 -0.000977552 0.0011858 -0.000361934
 -2.03937e-05 -0.0185575 -0.0010737 0.00106761
 -2.48065e-05 -0.0188392 0.00146872 0.000594086
 -4.24283e-05 -0.0273768 8.62e-05 0.00149585
 -9.21766e-05 -0.0191158 0.00555354 -0.000479348
 -7.91945e-05 -0.0125717 0.00592728 -0.00107742
 -0.000121514 -0.00898981 0.00603849 -0.00143304
 -0.000178433 -0.00784541 0.00598503 -0.00157463
 -0.000131347 -0.00471191 0.00336728 -0.000905758
 -1.65488e-05 -0.030657 0.00313038 0.000836442
 -6.30454e-05 -0.0342298 0.00758175 -0.000134752
 -7.21382e-05 -0.0450167 0.0108231 -0.000423091
 -0.000130314 -0.0336199 0.0128549 -0.00190913
 -0.000160832 -0.0171934 0.0107509 -0.00251873
 -0.00024149 -0.0134707 0.00972677 -0.00252754
 -0.000314825 -0.0117052 0.00900485 -0.00249542
 -0.000111779 -0.0472723 0.016045 -0.0019094
 -8.69721e-05 -0.0519456 0.0194091 -0.00273672
 -0.000234301 -0.0435071 0.0231033 -0.00480816
 -0.000270995 -0.0559456 0.0279275 -0.00563069
 -0.000405717 -0.047687 0.0279333 -0.00651359
 -0.00063207 -0.0180702 0.0157161 -0.00461455
 -0.000338146 -0.061991 0.0337607 -0.00720148
 -0.000452648 -0.0705896 0.0400519 -0.00887081
 -0.0006512 -0.06745 0.0428026 -0.0103889
 -0.000968374 -0.0653856 0.0462721 -0.0122106
 -0.00140767 -0.0724977 0.0540955 -0.0149555
 -0.000609923 -0.0837608 0.0499018 -0.0115255
 -0.000965643 -0.0784859 0.0534403 -0.0136275
 -0.00150639 -0.0705425 0.0548192 -0.0152637
 -0.00194876 -0.0705786 0.0573129 -0.0165818
 -0.00154245 -0.0892628 0.0659787 -0.0177831
 -0.00217814 -0.0744146 0.061897 -0.0179913
 -0.00287899 -0.0734288 0.0642486 -0.0193543
 -0.00315504 -0.0842336 0.0731796 -0.0218748
 -0.00410488 -0.0837964 0.0762189 -0.0234825
 -0.00597493 -0.0913834 0.0868521 -0.0274732


