**************************************************************
***  MERIS LUT-169: Fourier series terms (s0,..,s5)[TERM]] ***
***                 of polynomial coefficients (k0,..,k3)  ***
***                 for each of 81 aerosol models [IAER],  ***
***                 & for each of 78 geometries [SVZA]     ***
***  - - - - - - - - - - - - - - - - - - - - - - - - - - - ***
***  => useful for multiplicative aer.scat.fct. retrieval  ***
**************************************************************

12 Gaussian angles (deg): SZA/VZA
------------------------         

 2.84 17.64 28.77 36.19 43.61 51.03 58.46 65.88 69.59 73.30 77.01 80.72

Coefficients: [SVZA x (k0,k1,k2,k3)]
------------                        

 Aerosol model #28
 - - - - - - -  

Fourier series term #0
 1.00271 0.638054 0.210236 -0.0230538
 1.00459 0.816937 0.337333 -0.0384287
 1.0085 1.05095 0.577907 -0.0727083
 1.01822 1.70593 1.172 -0.166153
 1.02872 2.25872 1.74892 -0.291878
 1.03697 2.72587 2.1494 -0.436956
 1.03897 3.16317 2.24575 -0.572815
 1.02899 3.81706 1.95344 -0.658094
 1.01477 4.15095 1.46052 -0.604325
 0.995302 4.44702 0.652037 -0.428842
 0.978466 4.73876 -0.455531 -0.106387
 0.989285 4.97681 -1.73136 0.346504
 1.00797 1.03273 0.543558 -0.0635564
 1.01566 1.48188 0.983951 -0.131011
 1.02202 1.79299 1.30173 -0.199993
 1.02858 2.16092 1.62651 -0.297219
 1.03553 2.70745 1.99175 -0.441199
 1.03684 3.20899 2.10967 -0.577898
 1.02566 3.7529 1.78441 -0.638493
 1.01227 4.11692 1.34448 -0.592608
 0.993445 4.55389 0.609851 -0.439812
 0.975824 5.02708 -0.487085 -0.126131
 0.986823 5.32307 -1.81108 0.344683
 1.02218 1.77272 1.28533 -0.199916
 1.0272 2.04846 1.50211 -0.26941
 1.03137 2.34669 1.68212 -0.35458
 1.03315 2.65495 1.7755 -0.446529
 1.0321 3.17961 1.8272 -0.562158
 1.02016 3.86866 1.56356 -0.628303
 1.00618 4.26219 1.15736 -0.583387
 0.98681 4.7078 0.458507 -0.431955
 0.968826 5.17895 -0.603991 -0.120782
 0.979183 5.49396 -1.90302 0.346641
 1.03054 2.25921 1.61838 -0.330455
 1.03248 2.50844 1.70059 -0.402502
 1.03271 2.80266 1.71561 -0.47987
 1.0293 3.23618 1.64065 -0.559512
 1.01549 3.88536 1.31426 -0.595471
 1.00118 4.32489 0.930227 -0.55111
 0.981881 4.77442 0.257135 -0.399021
 0.96418 5.2825 -0.772318 -0.0932974
 0.974079 5.69363 -2.05555 0.368631
 1.03268 2.7123 1.68568 -0.455867
 1.0311 3.02556 1.64347 -0.520639
 1.02516 3.42021 1.4848 -0.573298
 1.00894 3.9368 1.04417 -0.558957
 0.994431 4.33199 0.620466 -0.491328
 0.975032 4.82263 -0.03713 -0.336854
 0.957132 5.37338 -1.02154 -0.0403713
 0.966845 5.83306 -2.26939 0.411424
 1.02721 3.28112 1.51421 -0.558333
 1.01865 3.66612 1.27684 -0.581635
 1.00032 4.15876 0.756474 -0.528245
 0.985382 4.49339 0.296673 -0.435388
 0.967189 4.92399 -0.391109 -0.255668
 0.952241 5.41549 -1.36043 0.0510446
 0.96517 5.86919 -2.55651 0.492497
 1.00764 3.95998 0.943436 -0.560152
 0.987379 4.4889 0.330376 -0.461704
 0.971618 4.86312 -0.158403 -0.350577
 0.955027 5.22871 -0.888793 -0.137445
 0.943656 5.6952 -1.86666 0.187856
 0.964465 6.02766 -2.99405 0.624084
 0.965864 5.01008 -0.353256 -0.315639
 0.951958 5.36148 -0.927269 -0.158121
 0.940283 5.6479 -1.66828 0.0836839
 0.934062 6.1605 -2.64727 0.420251
 0.965694 6.48718 -3.73411 0.853852
 0.941406 5.56715 -1.48122 0.0150562
 0.930963 5.94209 -2.21613 0.255336
 0.930056 6.47162 -3.20793 0.603533
 0.97223 6.6457 -4.17581 1.01173
 0.924307 6.35635 -2.95963 0.503594
 0.93403 6.70276 -3.84735 0.838361
 0.98821 6.74433 -4.66075 1.20279
 0.956713 6.82293 -4.53653 1.12298
 1.02627 6.7861 -5.19146 1.43285
 1.11075 6.48034 -5.48378 1.61683

Fourier series term #1
 -0.000314398 -0.0579133 -0.0255998 0.00273299
 -0.000117953 0.00171761 -0.00522461 0.000129428
 -0.00153423 -0.129346 -0.100043 0.0116959
 -0.00168219 -0.0868226 -0.0933923 0.0119987
 -0.00159426 -0.0634911 -0.0715395 0.0113426
 -0.00130617 -0.0549325 -0.0427349 0.00967442
 -0.000543441 -0.029877 0.00707514 0.00146653
 0.000102433 -0.00767653 0.0525912 -0.010257
 0.0001541 0.00160503 0.0659633 -0.0156011
 -0.000123641 0.02102 0.0701943 -0.0197762
 -0.000798105 0.0365667 0.0587674 -0.0189696
 -0.00154382 0.0220883 0.0456202 -0.0151484
 -0.00298509 -0.197867 -0.181589 0.0179781
 -0.00689388 -0.380507 -0.382518 0.0462269
 -0.00900469 -0.453516 -0.455099 0.0660817
 -0.00946227 -0.444098 -0.415615 0.0750208
 -0.00780066 -0.333574 -0.230176 0.0569272
 -0.00431687 -0.201075 0.0317457 0.0103362
 -0.00113553 -0.0712412 0.271926 -0.0547524
 -0.0011077 -0.0402757 0.346862 -0.0831544
 -0.00267723 0.00777519 0.392519 -0.108493
 -0.00674764 0.100037 0.380752 -0.120351
 -0.0129968 0.235361 0.269611 -0.0982254
 -0.0103341 -0.505539 -0.505738 0.0745977
 -0.0119427 -0.550829 -0.517507 0.0908099
 -0.0123887 -0.58398 -0.461603 0.100339
 -0.0106689 -0.529635 -0.285835 0.0837046
 -0.00776279 -0.404765 -0.00332998 0.0305723
 -0.00452583 -0.23271 0.33259 -0.0629446
 -0.00455855 -0.117497 0.475667 -0.117576
 -0.00743269 0.0227959 0.559127 -0.163678
 -0.0143059 0.188749 0.537231 -0.180827
 -0.0243563 0.388959 0.370834 -0.145972
 -0.0130743 -0.615372 -0.500135 0.103829
 -0.0125284 -0.59991 -0.388325 0.0994869
 -0.0114836 -0.599451 -0.229924 0.0830771
 -0.00930938 -0.556735 0.00543389 0.0380518
 -0.00634788 -0.360358 0.340366 -0.0616349
 -0.00678732 -0.18334 0.511384 -0.12999
 -0.0105293 0.00757288 0.604048 -0.184146
 -0.0188464 0.210824 0.580148 -0.204345
 -0.0315437 0.507871 0.383295 -0.165235
 -0.012523 -0.65066 -0.294201 0.0956696
 -0.0115225 -0.633402 -0.12116 0.06849
 -0.00971733 -0.599493 0.0947363 0.0201302
 -0.00765365 -0.447268 0.372374 -0.0696265
 -0.00866741 -0.320812 0.509618 -0.127311
 -0.0133645 -0.0729048 0.597783 -0.185188
 -0.0235699 0.248696 0.555391 -0.208002
 -0.0381887 0.624144 0.318556 -0.159783
 -0.010882 -0.647883 0.0256933 0.0395402
 -0.00970869 -0.573717 0.231044 -0.0181385
 -0.00900648 -0.406117 0.449035 -0.101241
 -0.0107385 -0.28488 0.53798 -0.146862
 -0.0157963 -0.113893 0.582624 -0.186217
 -0.0260093 0.1746 0.517039 -0.198233
 -0.0407523 0.602954 0.24596 -0.14057
 -0.00949839 -0.492261 0.381993 -0.0718709
 -0.0107845 -0.314729 0.522063 -0.14023
 -0.0140204 -0.146577 0.562648 -0.176329
 -0.0196661 0.0037657 0.536052 -0.190029
 -0.0301877 0.25706 0.42848 -0.182691
 -0.0421357 0.562461 0.165879 -0.115603
 -0.0147329 -0.0954978 0.555721 -0.183222
 -0.0188306 0.0224132 0.525641 -0.191443
 -0.0250541 0.17446 0.44093 -0.183002
 -0.03501 0.466664 0.24405 -0.143033
 -0.0444653 0.778012 -0.0672505 -0.053048
 -0.0231538 0.128626 0.465786 -0.187117
 -0.0299001 0.325606 0.334181 -0.163729
 -0.0389273 0.569591 0.124802 -0.111901
 -0.0461278 0.891388 -0.218887 -0.00739446
 -0.0363744 0.479181 0.192151 -0.129863
 -0.04417 0.72184 -0.0512006 -0.0616201
 -0.0469528 0.984202 -0.386205 0.0488126
 -0.0480624 0.90061 -0.292453 0.0160584
 -0.0454385 1.05355 -0.562434 0.114617
 -0.0360142 1.10242 -0.74648 0.190547

Fourier series term #2
 -3.51877e-05 -0.00863937 -0.00283201 0.000321222
 -1.34177e-05 -0.00176588 -0.000853077 9.15672e-05
 0.000153443 0.0120611 0.0103095 -0.00119017
 -0.000256839 -0.0207499 -0.0159439 0.00222286
 7.19775e-05 0.0123923 0.00828022 -0.0015391
 -2.55026e-05 0.00935195 0.0049751 -0.00125694
 -0.000835743 -0.0445072 -0.0364835 0.00898194
 -2.3145e-05 0.0390713 0.0207818 -0.00702192
 -0.000188135 0.0487665 0.0175269 -0.00729854
 -0.000406142 0.00175728 -0.00170475 0.000375801
 -0.000223287 -0.0449055 0.00160286 0.00190229
 -0.000422686 -0.0418654 0.01326 -0.00246011
 0.000913216 0.0685305 0.0562249 -0.00597802
 0.000865668 0.0354745 0.0332459 -0.00451873
 -0.000334235 -0.0582278 -0.0612704 0.00771158
 -0.00196511 -0.14266 -0.169226 0.026308
 -0.00193508 -0.0802721 -0.15847 0.0271786
 -0.00190188 -0.0692383 -0.146506 0.0311371
 -0.00102883 -0.0667037 -0.105273 0.0288507
 -0.000228065 -0.0425045 -0.0719123 0.0215453
 0.000411542 -0.0133844 -0.0400921 0.0125919
 0.000653757 0.0146187 -0.0158833 0.00439784
 0.00051758 0.0292048 -0.00330371 -0.000241539
 -0.000194793 -0.0530898 -0.0690761 0.00779804
 -0.0012437 -0.0944291 -0.156842 0.0210024
 -0.00270867 -0.158173 -0.269864 0.0441881
 -0.00443697 -0.25147 -0.388308 0.0788199
 -0.00382063 -0.206789 -0.371168 0.0886622
 -0.00155636 -0.127624 -0.267895 0.075675
 -0.00014363 -0.110763 -0.202533 0.0636083
 0.00130956 -0.103516 -0.12854 0.0461181
 0.00241602 -0.101093 -0.0527123 0.0240569
 0.00215502 -0.0912112 0.0127237 0.000886704
 -0.00244204 -0.154914 -0.267905 0.0420366
 -0.00433819 -0.240709 -0.402777 0.0754659
 -0.00452435 -0.261712 -0.471955 0.10293
 -0.00386019 -0.294827 -0.509344 0.131938
 -0.00122191 -0.296544 -0.433096 0.135354
 0.00110113 -0.256266 -0.333435 0.114727
 0.00366495 -0.237854 -0.225256 0.0877635
 0.00566008 -0.228915 -0.099254 0.0494874
 0.00494587 -0.189607 0.0144712 0.00678757
 -0.00466037 -0.270307 -0.489332 0.102997
 -0.00439386 -0.283511 -0.558067 0.133864
 -0.0034485 -0.383725 -0.616326 0.175436
 0.000637683 -0.471679 -0.564068 0.193722
 0.00421992 -0.4955 -0.468331 0.179935
 0.00810098 -0.482007 -0.318449 0.14149
 0.0110132 -0.457839 -0.134396 0.0823146
 0.0099009 -0.388914 0.0319981 0.0166024
 -0.00394284 -0.384752 -0.653149 0.179367
 -0.00154025 -0.470584 -0.687213 0.217507
 0.00421477 -0.604692 -0.619356 0.235256
 0.00911064 -0.695393 -0.515347 0.223092
 0.0152019 -0.768915 -0.345347 0.183318
 0.0204116 -0.808689 -0.111037 0.109465
 0.0194182 -0.735183 0.115319 0.0176861
 0.00259088 -0.627543 -0.711551 0.258944
 0.0106561 -0.760461 -0.596479 0.260509
 0.0171704 -0.886829 -0.480797 0.245245
 0.0246325 -0.992527 -0.27701 0.1933
 0.0314092 -1.07435 -0.00916699 0.106682
 0.0328523 -1.16769 0.309634 -0.0105742
 0.0224515 -1.04193 -0.457308 0.260272
 0.0299296 -1.14049 -0.299111 0.223946
 0.0368891 -1.17589 -0.0869007 0.156499
 0.0455331 -1.37981 0.227261 0.058492
 0.0452037 -1.4976 0.586316 -0.0780966
 0.0367223 -1.20835 -0.134096 0.178334
 0.0452463 -1.35955 0.0992592 0.11069
 0.0536355 -1.59914 0.446838 -0.000225034
 0.0502066 -1.57987 0.728379 -0.123157
 0.0546017 -1.61845 0.385354 0.0300034
 0.0594054 -1.7238 0.675975 -0.0763598
 0.052463 -1.69956 0.937745 -0.19485
 0.0600921 -1.81292 0.945145 -0.179174
 0.0486399 -1.81356 1.19131 -0.290644
 0.0316333 -1.81413 1.38879 -0.382075

Fourier series term #3
 1.93808e-05 0.00429046 0.00150398 -0.000163982
 2.85304e-05 0.00462891 0.00216845 -0.000248348
 5.61015e-06 0.00114583 0.000460219 -6.6618e-05
 2.88469e-05 0.00210951 0.00179204 -0.000241629
 0.000299266 0.022685 0.0185947 -0.00309015
 -0.000596915 -0.0412857 -0.0344998 0.00697507
 0.000182487 0.0156985 0.0120192 -0.00307211
 0.000289633 0.040578 0.0224477 -0.00745364
 -0.000136285 -0.0248116 -0.00992207 0.00394934
 1.11996e-05 -0.0683514 -0.0127845 0.00743463
 0.00010061 -0.0413122 0.00295989 0.00121066
 -0.000277809 0.02992 -0.0085078 0.00132229
 -0.000273818 -0.0289181 -0.0184075 0.00216539
 0.000707533 0.0651255 0.0522568 -0.00667001
 0.000614096 0.0326923 0.03969 -0.00518318
 2.67675e-05 -0.0333575 -0.0114231 0.00293837
 -0.00036822 -0.030871 -0.0286997 0.00580642
 -0.000287929 -0.00411217 -0.0187829 0.00327541
 -0.000443331 -0.00813681 -0.0263309 0.00606909
 -0.000513385 -0.0388841 -0.0341891 0.0106785
 -0.000299762 -0.0507614 -0.0237183 0.00925863
 -0.000262773 -0.0265418 -0.00677492 0.0030445
 -0.000595334 0.0224131 -0.0105899 0.00185099
 0.00117677 0.0621688 0.0746069 -0.00992443
 0.00118512 0.050481 0.0683123 -0.0103174
 0.000530838 -0.00750107 0.0149502 -0.00204101
 -0.000230708 -0.0548139 -0.0540296 0.0112482
 -0.00122646 -0.0927617 -0.114727 0.0277513
 -0.00121186 -0.0777237 -0.108936 0.0303679
 -0.000809142 -0.0529602 -0.0919228 0.0267455
 -0.000380055 -0.0272087 -0.074494 0.0221525
 5.22237e-05 -0.0141903 -0.0589785 0.0180884
 0.000410594 -0.00992586 -0.0418383 0.0131494
 0.000904257 0.0147118 0.0437936 -0.00687532
 0.00106879 0.0329276 0.0322226 -0.00776436
 -0.000643073 -0.0784571 -0.0840799 0.0187712
 -0.00164021 -0.157535 -0.174663 0.0463041
 -0.00111908 -0.11137 -0.183686 0.053115
 -0.000529658 -0.085042 -0.1724 0.0524145
 0.000359237 -0.0958945 -0.146041 0.0491276
 0.00106275 -0.0472638 -0.108872 0.036743
 0.00190521 -0.0100442 -0.0897541 0.0295314
 8.21417e-05 -0.03476 -0.0380768 0.00730282
 -0.00108423 -0.104374 -0.123502 0.0297708
 -0.00107295 -0.115723 -0.19173 0.0506315
 -0.000510591 -0.196244 -0.260058 0.0829641
 0.000863884 -0.205721 -0.261224 0.0900399
 0.00258152 -0.185465 -0.228076 0.0841885
 0.00438336 -0.149077 -0.175346 0.0683733
 0.00578302 -0.107276 -0.12179 0.0487748
 -0.000846658 -0.102617 -0.171852 0.0435202
 -0.00070969 -0.12655 -0.239789 0.0682757
 0.000741439 -0.197763 -0.300661 0.100928
 0.0028022 -0.247175 -0.310937 0.11461
 0.00622847 -0.294144 -0.280275 0.115205
 0.0103948 -0.342288 -0.202298 0.0974531
 0.0125766 -0.30792 -0.105848 0.0616813
 0.000270934 -0.187959 -0.30901 0.0997695
 0.00304555 -0.204033 -0.337406 0.121583
 0.00650673 -0.307207 -0.346755 0.140446
 0.010167 -0.321326 -0.287629 0.128335
 0.0168444 -0.465262 -0.181501 0.107771
 0.0213138 -0.553391 -0.0134815 0.0535993
 0.00887318 -0.377122 -0.353362 0.153622
 0.0122271 -0.377125 -0.312407 0.146271
 0.01664 -0.398211 -0.242526 0.129108
 0.0242938 -0.546496 -0.109795 0.0977166
 0.0304862 -0.69941 0.0957986 0.0324617
 0.0161952 -0.419334 -0.259044 0.137053
 0.0217346 -0.486604 -0.176255 0.118196
 0.0291882 -0.600783 -0.0428934 0.0817212
 0.0342208 -0.78554 0.200966 0.00272271
 0.0278724 -0.578519 -0.0790536 0.0946549
 0.0348679 -0.742367 0.106593 0.0406841
 0.0369353 -0.853691 0.321983 -0.0368904
 0.0389515 -0.876843 0.301035 -0.0227061
 0.038127 -0.865721 0.426834 -0.0785209
 0.0323838 -0.876672 0.555643 -0.134262

Fourier series term #4
 6.70288e-06 0.00170133 0.000493333 -5.42995e-05
 1.3213e-05 0.0022554 0.00100968 -0.000117429
 1.8854e-07 0.000119528 -1.79607e-06 -3.0788e-06
 0.000125994 0.0109374 0.00797998 -0.00112935
 -0.000177759 -0.01365 -0.0113078 0.00187893
 -7.13047e-05 -0.00705673 -0.00577643 0.00115683
 0.000475643 0.0330358 0.0250854 -0.00633212
 -0.000164423 -0.0310094 -0.016751 0.00561446
 -5.32978e-05 -0.0407223 -0.0160272 0.00640546
 0.000135496 -0.00680746 -0.00149153 0.000762884
 -1.03781e-05 0.0354036 -0.00201582 -0.00129539
 0.000101434 0.0397582 -0.0120724 0.0021553
 -0.000318963 -0.0441297 -0.0245448 0.00302452
 6.29357e-05 0.0158746 0.00698254 -0.00117831
 0.000557407 0.0510611 0.0394744 -0.00606817
 -0.000101172 -0.0211882 -0.00732524 0.00196529
 5.46127e-05 -0.0060269 -0.00138411 0.000623355
 9.46496e-05 0.00358716 0.0036822 -0.000852141
 1.4287e-05 0.00057402 -0.000287813 1.169e-05
 -1.0997e-05 -0.00454543 -0.00650698 0.00189668
 4.20954e-05 -0.0108406 -0.00872781 0.00306396
 9.68084e-05 -0.0102474 -0.00368142 0.00166461
 -2.13916e-05 -0.00656999 0.00218096 -0.00044357
 0.000303392 0.0310126 0.0265199 -0.00391431
 0.000666608 0.0563518 0.0536007 -0.00871002
 0.000905388 0.0509178 0.060687 -0.0108487
 0.000319508 -0.0178026 0.0139236 -0.0010526
 0.000209724 -0.0236951 -0.00853979 0.00324581
 5.49887e-05 -0.00862441 -0.0139135 0.00391963
 -3.7648e-05 -0.0200561 -0.0174282 0.00591413
 4.37736e-05 -0.0346544 -0.014534 0.00637585
 0.000297323 -0.0483893 -0.00598657 0.00469195
 0.000406449 -0.0528437 0.00588994 0.000673533
 0.00121054 0.0706397 0.0817791 -0.0143036
 0.00116699 0.0628091 0.0864163 -0.0164915
 0.00111779 0.0363464 0.0659157 -0.0140405
 0.000514359 -0.0335273 -0.000925932 0.00234394
 -8.9523e-06 -0.0843316 -0.0372342 0.0152348
 0.000132638 -0.106009 -0.044862 0.0197079
 0.000406948 -0.0604337 -0.0305642 0.01322
 0.000378547 -0.0224343 -0.0197305 0.00764436
 0.000861323 -0.0727622 0.0047504 0.00239303
 0.00144246 0.0575024 0.0945973 -0.0198515
 0.00150005 0.0630278 0.0902123 -0.0222012
 0.000441706 -0.0392852 0.0254209 -0.00345448
 0.000346022 -0.108662 -0.0318571 0.0160266
 0.000765891 -0.174379 -0.0477591 0.0263007
 0.00131425 -0.149601 -0.0381674 0.0227589
 0.00174844 -0.115692 -0.0230413 0.0159139
 0.00198684 -0.121645 0.00713517 0.00548694
 0.000817977 -0.0116885 0.0611518 -0.0133692
 0.000476237 -0.0328412 0.0398255 -0.00856364
 0.000443781 -0.085549 0.000338715 0.00550469
 0.000959448 -0.15074 -0.0199637 0.0170841
 0.00208434 -0.215306 -0.010983 0.0198784
 0.00400311 -0.266621 0.0150124 0.0155806
 0.00420351 -0.226439 0.0421653 0.00180842
 0.000445469 -0.0543884 0.0332004 -0.00649811
 0.000313296 -0.11312 0.0176336 0.00200948
 0.000919533 -0.15284 0.00976224 0.00808716
 0.00137134 -0.144549 0.017519 0.00497717
 0.00500596 -0.31587 0.0602243 0.00481911
 0.00499966 -0.286021 0.0968286 -0.0125101
 0.000481679 -0.150495 0.0300947 0.000747072
 0.000565161 -0.142627 0.0340746 -0.00122559
 0.00174028 -0.200941 0.0561264 -0.00346443
 0.00261592 -0.214309 0.0760411 -0.00987893
 0.00471435 -0.352075 0.170263 -0.0342147
 0.00144482 -0.217939 0.0610013 -0.00365919
 0.00120336 -0.192254 0.0711188 -0.00992514
 0.00148901 -0.198072 0.0897606 -0.0167597
 0.00378327 -0.355829 0.196701 -0.0440358
 0.000620818 -0.190865 0.0901805 -0.0176537
 0.00157943 -0.245919 0.132623 -0.0288551
 0.00269966 -0.361518 0.227141 -0.0558402
 0.00220346 -0.33007 0.205706 -0.0498753
 -0.000107685 -0.40678 0.295673 -0.0801432
 -0.00473693 -0.401942 0.325583 -0.0945686

Fourier series term #5
 -5.009e-08 4.0281e-05 -9.12295e-06 8.68041e-07
 -6.65495e-06 -0.00104019 -0.000494004 5.53472e-05
 1.18164e-05 0.00137788 0.000827354 -0.000104305
 -1.95532e-05 -0.00136815 -0.00118376 0.00016122
 -8.44886e-05 -0.00659726 -0.00527798 0.000879576
 0.000178611 0.0123335 0.010281 -0.00207956
 -6.22239e-05 -0.00483457 -0.0034711 0.000907956
 -9.72578e-05 -0.0122082 -0.00709897 0.0023065
 3.13687e-05 0.00604547 0.00192241 -0.000852542
 -1.78751e-06 0.0204984 0.00376165 -0.00221629
 -4.13664e-05 0.014005 -0.000583488 -0.000542143
 6.74256e-05 -0.00873468 0.00290025 -0.000522714
 1.63404e-05 -0.00558278 -0.000365909 0.000229242
 -0.000241276 -0.0220019 -0.0168515 0.00220631
 4.31705e-05 0.0159114 0.0070738 -0.0013463
 0.000229166 0.0112568 0.0126339 -0.0021669
 -6.38784e-05 -0.00752534 -0.00454442 0.00111882
 -2.65893e-05 -0.00245198 -0.000106866 0.000219058
 4.28682e-05 0.00299139 0.00107183 -0.00042784
 2.51112e-05 0.000422939 -0.00191081 0.000449781
 1.85019e-05 -0.00141904 -0.00149073 0.000496736
 -2.1787e-05 0.000897553 0.00113855 -0.000393813
 -4.96544e-05 0.00358503 0.000313174 -0.000268961
 -0.000153081 -0.0106589 -0.0101177 0.00142521
 0.000293089 0.036668 0.0241584 -0.0045848
 0.000321286 0.0392687 0.0333952 -0.00661709
 0.000393124 0.0195556 0.0257359 -0.0053869
 2.07519e-05 -0.0233269 -0.00568135 0.00271207
 0.000133357 -0.00151952 0.0049825 -0.0010531
 0.000136672 0.015548 0.00730945 -0.00292796
 6.96567e-05 0.0238319 0.00207022 -0.002068
 0.000196781 0.00884044 -0.00553487 0.00131001
 0.000574672 -0.0234275 0.00121555 0.000981574
 0.00010919 0.0197901 0.0183367 -0.00347679
 0.000396634 0.0463262 0.0420734 -0.00902838
 0.000752416 0.0583563 0.0635928 -0.015001
 0.000375537 -0.00340394 0.0266684 -0.00547995
 0.000370169 -0.0124369 0.00233386 0.000384176
 0.000344092 -0.0173947 -0.00502569 0.00278887
 0.00019198 0.00460842 0.00286572 -0.000963283
 0.000126621 0.00351708 0.00168541 -0.00054664
 0.00073117 -0.0347079 0.00598331 0.000252523
 0.000542028 0.0425981 0.0540163 -0.0119366
 0.000811315 0.0640713 0.0803277 -0.0201995
 0.000945415 0.0742345 0.0804276 -0.0237426
 0.000492489 -0.0148637 0.0295594 -0.00686372
 0.000685648 -0.0493959 0.00779097 0.00148193
 0.000791935 -0.0541784 0.00461302 0.0029101
 0.000935337 -0.0631487 0.0133261 0.000552277
 0.00137955 -0.0726511 0.0196785 -0.00152023
 0.00110533 0.0805313 0.097399 -0.0274991
 0.000747051 0.0805662 0.0948015 -0.029916
 0.000263154 0.0210366 0.0667462 -0.0210186
 0.000297281 -0.0185312 0.0495357 -0.0138438
 0.000848202 -0.059752 0.0309166 -0.00522818
 0.00202892 -0.133384 0.0420888 -0.00358713
 0.0020898 -0.14269 0.061125 -0.0107466
 0.000300712 0.0675278 0.108044 -0.0357939
 -8.76576e-05 0.0376441 0.073222 -0.0260578
 -0.000891474 0.0575333 0.0792862 -0.0312731
 -0.00041705 -0.0252374 0.065039 -0.0206191
 0.000795946 -0.112987 0.074925 -0.0173811
 0.000689103 -0.11242 0.0810464 -0.0207362
 -0.0017266 0.0641608 0.0961154 -0.0390395
 -0.0017455 0.0175202 0.0854337 -0.0325009
 -0.00191533 0.00348944 0.0720954 -0.0275796
 -0.0024683 -0.00392129 0.0670541 -0.0260197
 -0.00196245 -0.0847197 0.0962278 -0.0303157
 -0.00208785 -0.00876752 0.0837931 -0.030737
 -0.00304382 0.0123932 0.0706096 -0.0289413
 -0.00431478 0.0187596 0.0628136 -0.027505
 -0.00401618 -0.00730634 0.0545307 -0.021958
 -0.00435193 -0.000894055 0.0797206 -0.032303
 -0.00624353 0.0689648 0.030182 -0.0207422
 -0.00593245 0.0204052 0.0372752 -0.0185422
 -0.00740449 0.053022 0.0272947 -0.0185106
 -0.00692163 0.00484111 0.0409107 -0.0188171
 -0.00869231 -0.0473953 0.0749168 -0.027659


