**************************************************************
***  MERIS LUT-169: Fourier series terms (s0,..,s5)[TERM]] ***
***                 of polynomial coefficients (k0,..,k3)  ***
***                 for each of 81 aerosol models [IAER],  ***
***                 & for each of 78 geometries [SVZA]     ***
***  - - - - - - - - - - - - - - - - - - - - - - - - - - - ***
***  => useful for multiplicative aer.scat.fct. retrieval  ***
**************************************************************

12 Gaussian angles (deg): SZA/VZA
------------------------         

 2.84 17.64 28.77 36.19 43.61 51.03 58.46 65.88 69.59 73.30 77.01 80.72

Coefficients: [SVZA x (k0,k1,k2,k3)]
------------                        

 Aerosol model #60
 - - - - - - -  

Fourier series term #0
 1.00541 0.592756 0.264799 -0.0373914
 1.01107 1.04173 0.539165 -0.081819
 1.01892 1.55678 0.883521 -0.152269
 1.02489 1.90991 1.10407 -0.213893
 1.03109 2.29666 1.28735 -0.287311
 1.03609 2.69489 1.36147 -0.360059
 1.03772 3.10616 1.24178 -0.407938
 1.03277 3.55011 0.799089 -0.377972
 1.02703 3.77116 0.388934 -0.299198
 1.02051 3.97579 -0.18107 -0.151808
 1.01892 4.12489 -0.899302 0.0775404
 1.03881 4.07966 -1.61798 0.355929
 1.01478 1.27742 0.704955 -0.117492
 1.02095 1.67559 0.944824 -0.178686
 1.02588 2.00562 1.10971 -0.235283
 1.0306 2.36878 1.23355 -0.300236
 1.03395 2.7561 1.26198 -0.36333
 1.03375 3.16092 1.11542 -0.401391
 1.02676 3.58089 0.665296 -0.362146
 1.02017 3.80056 0.265743 -0.282634
 1.01291 4.01731 -0.286874 -0.137845
 1.0105 4.186 -0.987207 0.0870943
 1.0294 4.16054 -1.69275 0.361405
 1.0231 1.92905 1.0122 -0.212682
 1.02626 2.19471 1.07632 -0.253221
 1.029 2.50809 1.10474 -0.298672
 1.03031 2.86338 1.06017 -0.341303
 1.02825 3.23889 0.867847 -0.358916
 1.02004 3.64837 0.41369 -0.305768
 1.01311 3.86725 0.0278311 -0.223297
 1.00569 4.08801 -0.503011 -0.0788413
 1.00319 4.26982 -1.17869 0.142891
 1.02172 4.27178 -1.86757 0.414019
 1.03217 2.34926 1.08719 -0.287686
 1.0345 2.60054 1.05485 -0.320327
 1.03549 2.89016 0.959534 -0.348102
 1.03359 3.23767 0.751338 -0.356188
 1.02601 3.62195 0.305418 -0.296711
 1.01978 3.83948 -0.0648254 -0.214447
 1.01335 4.0588 -0.572859 -0.072782
 1.01221 4.24557 -1.22049 0.142984
 1.03231 4.2611 -1.88217 0.406397
 1.03469 2.75937 0.944122 -0.331474
 1.034 2.99302 0.79448 -0.340345
 1.03055 3.29153 0.546649 -0.329205
 1.02206 3.67503 0.0910909 -0.257149
 1.01573 3.89513 -0.277189 -0.16994
 1.00952 4.1184 -0.774749 -0.0261339
 1.00893 4.31263 -1.40306 0.187691
 1.02986 4.34255 -2.04363 0.446445
 1.03172 3.14196 0.588792 -0.326005
 1.02697 3.39896 0.301227 -0.293688
 1.01771 3.74677 -0.180187 -0.200508
 1.01146 3.96716 -0.549758 -0.106225
 1.00591 4.20319 -1.04282 0.0420275
 1.00675 4.40281 -1.65531 0.256142
 1.02977 4.4297 -2.26515 0.508581
 1.02095 3.57166 -0.0316966 -0.232942
 1.01134 3.89372 -0.544835 -0.114819
 1.0056 4.09815 -0.921813 -0.00913401
 1.00159 4.30842 -1.40834 0.146994
 1.00506 4.50744 -2.00144 0.361432
 1.03204 4.53382 -2.57347 0.605
 1.0026 4.13115 -1.08462 0.0357303
 0.998646 4.30623 -1.46583 0.154491
 0.99777 4.48531 -1.93646 0.316801
 1.00626 4.64415 -2.48645 0.526757
 1.04018 4.61772 -2.97658 0.748895
 0.996971 4.42727 -1.81993 0.271175
 0.998601 4.58509 -2.27232 0.433637
 1.0111 4.71709 -2.7899 0.637944
 1.05012 4.6414 -3.21252 0.84065
 1.00351 4.7021 -2.69281 0.592555
 1.02158 4.76319 -3.13801 0.779072
 1.06719 4.62271 -3.46466 0.951097
 1.04671 4.72516 -3.47049 0.932744
 1.10002 4.49777 -3.66154 1.05758
 1.15941 4.14792 -3.661 1.1119

Fourier series term #1
 -0.000318708 -0.030858 -0.0159529 0.00222252
 -0.000862929 -0.0617848 -0.0401371 0.00592189
 -0.00100216 -0.0545259 -0.038266 0.00644886
 -0.00109978 -0.0533428 -0.0334083 0.0065233
 -0.0011189 -0.0496588 -0.0219507 0.00539956
 -0.00106678 -0.044885 -0.00531486 0.00278624
 -0.000906308 -0.0336104 0.0164056 -0.00220626
 -0.000801136 -0.017527 0.0365001 -0.00870751
 -0.000856501 -0.0075775 0.0426321 -0.0116586
 -0.00104725 0.00463831 0.0436389 -0.0134829
 -0.00140114 0.0206364 0.0368529 -0.0129797
 -0.00177578 0.0379084 0.020812 -0.00887372
 -0.00431424 -0.278573 -0.187375 0.0304851
 -0.005871 -0.327839 -0.211854 0.0396453
 -0.00639221 -0.324615 -0.18107 0.0392094
 -0.00645222 -0.302027 -0.113121 0.0312187
 -0.0061429 -0.266098 -0.0158533 0.014069
 -0.0054627 -0.19793 0.103571 -0.0152998
 -0.00520193 -0.0965241 0.21024 -0.0521701
 -0.00576361 -0.0322488 0.241308 -0.0687055
 -0.00718132 0.0459724 0.243087 -0.0786344
 -0.00960669 0.140807 0.200088 -0.0747148
 -0.0120817 0.243049 0.103949 -0.0499351
 -0.00804227 -0.466556 -0.24879 0.0531119
 -0.00895462 -0.490488 -0.208607 0.0522059
 -0.00927018 -0.473517 -0.118975 0.0402267
 -0.00892282 -0.399434 0.0182697 0.0125286
 -0.0084503 -0.289907 0.171383 -0.0284714
 -0.00878857 -0.126492 0.302137 -0.0777627
 -0.00998099 -0.0194073 0.33453 -0.0987875
 -0.0124431 0.105032 0.323651 -0.109115
 -0.0163444 0.246221 0.249976 -0.0989254
 -0.0202348 0.394816 0.103665 -0.059372
 -0.0109259 -0.546407 -0.176687 0.0535243
 -0.0111911 -0.533047 -0.0792588 0.0379186
 -0.010718 -0.464864 0.0600898 0.0067386
 -0.00979479 -0.327274 0.223271 -0.0416488
 -0.00977463 -0.138804 0.354765 -0.0960807
 -0.0108922 -0.0159203 0.38514 -0.118947
 -0.0133495 0.126446 0.36732 -0.129317
 -0.0172764 0.287241 0.280688 -0.116597
 -0.0208877 0.461403 0.112776 -0.070879
 -0.0117667 -0.549154 0.00617932 0.0223091
 -0.0115605 -0.482084 0.133597 -0.0103428
 -0.0111819 -0.3466 0.274699 -0.057245
 -0.0119053 -0.128572 0.386421 -0.110974
 -0.0135416 0.00453581 0.402694 -0.131147
 -0.0165172 0.163368 0.36795 -0.137503
 -0.0208904 0.350411 0.259077 -0.118704
 -0.0245761 0.547448 0.0662078 -0.0647117
 -0.0120386 -0.444842 0.227305 -0.0380798
 -0.0124542 -0.318473 0.333088 -0.0795752
 -0.0141307 -0.106906 0.401423 -0.123178
 -0.0162212 0.0417475 0.395095 -0.137781
 -0.0196417 0.215814 0.337389 -0.137384
 -0.024176 0.415936 0.205091 -0.110447
 -0.0273133 0.621641 -0.00752984 -0.0484491
 -0.0139763 -0.231264 0.385133 -0.107279
 -0.0168512 -0.0309797 0.396317 -0.134578
 -0.0194179 0.110842 0.359241 -0.138511
 -0.0230244 0.276 0.273548 -0.126793
 -0.027392 0.483763 0.115783 -0.0896677
 -0.0293202 0.691356 -0.112527 -0.0199811
 -0.0207828 0.117935 0.339884 -0.135767
 -0.0236683 0.237755 0.270343 -0.125514
 -0.0270781 0.390033 0.154019 -0.0996753
 -0.0302448 0.573846 -0.0237614 -0.0503367
 -0.0298792 0.754249 -0.251677 0.0242722
 -0.0261962 0.33306 0.191458 -0.109286
 -0.0291138 0.471128 0.0621911 -0.0758168
 -0.031238 0.634237 -0.119384 -0.0213335
 -0.0289856 0.792541 -0.340465 0.0542857
 -0.031307 0.57581 -0.0687436 -0.0367007
 -0.0317511 0.707437 -0.244726 0.0206438
 -0.0267898 0.830762 -0.446532 0.093672
 -0.0295858 0.78787 -0.396096 0.0753108
 -0.0213762 0.851752 -0.551426 0.136724
 -0.0096777 0.841857 -0.636268 0.177076

Fourier series term #2
 -2.14134e-05 -0.00244728 -0.00105974 0.000150686
 2.97444e-05 0.00213271 0.00121397 -0.000182092
 4.8012e-07 -0.000207362 -0.000492266 6.9955e-05
 -5.61925e-05 -0.00410089 -0.00315461 0.000577842
 6.23087e-06 0.00109024 -0.000427776 4.33014e-05
 -1.06626e-05 0.00023422 -0.00121702 0.000239437
 -0.000101496 -0.00655378 -0.00396513 0.00118454
 6.84921e-06 0.0032972 -0.000149497 -9.54245e-05
 1.02134e-05 0.00456808 -0.000281684 -0.000127871
 -2.742e-05 -0.000939115 -0.000576823 0.000245311
 -6.1124e-05 -0.00729402 0.00122699 -1.8513e-06
 -0.000112982 -0.00717735 0.00281362 -0.000605197
 -0.000352569 -0.0458987 -0.0275631 0.00450331
 -0.00044154 -0.0522213 -0.0447968 0.00778874
 -0.000481346 -0.0505626 -0.0558682 0.0104654
 -0.000503875 -0.0485921 -0.0646947 0.0134763
 -0.0004537 -0.0490196 -0.0690338 0.0164666
 -0.000300216 -0.053568 -0.0644328 0.0182136
 5.23679e-05 -0.062292 -0.0466137 0.0166274
 0.000330529 -0.0651065 -0.0315574 0.0135014
 0.000602907 -0.0654412 -0.0129487 0.00843619
 0.000688109 -0.0626649 0.00692578 0.00182782
 0.000261286 -0.0542599 0.0224304 -0.00453155
 -0.000804581 -0.109007 -0.100164 0.0188492
 -0.000907924 -0.122982 -0.130022 0.0265213
 -0.000937624 -0.13551 -0.154356 0.0350039
 -0.000773607 -0.142044 -0.161077 0.0415831
 -0.000292821 -0.155826 -0.147695 0.0449517
 0.000703108 -0.168207 -0.102605 0.0394131
 0.00136609 -0.173301 -0.0665676 0.0314138
 0.00200506 -0.174639 -0.0231096 0.019245
 0.0022461 -0.168393 0.0225629 0.00373894
 0.00129662 -0.147753 0.0582778 -0.0112811
 -0.00171115 -0.170579 -0.185729 0.0418267
 -0.00197205 -0.203877 -0.222417 0.0555657
 -0.00182175 -0.228601 -0.235266 0.0664931
 -0.00105551 -0.242969 -0.211309 0.0696266
 0.000466266 -0.265843 -0.14681 0.0610903
 0.00157485 -0.268883 -0.095605 0.0489381
 0.00267515 -0.268053 -0.0344971 0.0311186
 0.00318952 -0.259542 0.0316576 0.00814393
 0.00195045 -0.230429 0.0852051 -0.0146957
 -0.00219456 -0.274182 -0.271666 0.0753076
 -0.00185767 -0.32326 -0.286147 0.0894744
 -0.000751415 -0.367022 -0.25764 0.094391
 0.00159286 -0.383083 -0.171565 0.080266
 0.00313018 -0.389988 -0.106644 0.0641475
 0.00462321 -0.394111 -0.0270851 0.040291
 0.00531591 -0.385194 0.060193 0.00917165
 0.00360796 -0.34734 0.131629 -0.0220991
 -0.00135376 -0.423007 -0.304572 0.108312
 0.000377544 -0.485915 -0.267964 0.112539
 0.00345849 -0.533278 -0.166756 0.0953231
 0.00543052 -0.543389 -0.0876787 0.074262
 0.00731694 -0.545926 0.00829423 0.0437644
 0.00815688 -0.536932 0.113987 0.00470235
 0.00586937 -0.497191 0.203712 -0.0352992
 0.00268599 -0.60692 -0.225378 0.117679
 0.00655458 -0.682167 -0.107473 0.094968
 0.00894615 -0.715948 -0.0164564 0.0701271
 0.0111071 -0.736887 0.0966355 0.033219
 0.0118552 -0.723642 0.215581 -0.0131851
 0.00864063 -0.678525 0.317583 -0.0606228
 0.0112739 -0.839573 0.0333945 0.0665067
 0.0138439 -0.890721 0.135917 0.0365979
 0.0158664 -0.916106 0.255449 -0.00497873
 0.0160031 -0.935395 0.392856 -0.0582116
 0.0108868 -0.894133 0.502466 -0.11103
 0.0162322 -0.957889 0.242067 0.00568857
 0.0180071 -1.00991 0.371552 -0.0388231
 0.0174377 -1.03518 0.511106 -0.0939116
 0.0111132 -0.980828 0.607803 -0.144192
 0.0193187 -1.09219 0.514034 -0.0870925
 0.01755 -1.1137 0.644589 -0.140435
 0.00937338 -1.05552 0.727576 -0.18653
 0.0137837 -1.14762 0.771057 -0.191982
 0.00314017 -1.09474 0.839535 -0.231896
 -0.0102457 -1.04767 0.887412 -0.262058

Fourier series term #3
 4.14256e-06 0.000438951 0.000203047 -2.8547e-05
 3.50757e-05 0.00328396 0.00173151 -0.000262557
 -2.62199e-05 -0.00213517 -0.00123605 0.000212938
 6.20874e-06 0.00044558 0.000274088 -5.29948e-05
 4.32051e-05 0.0031816 0.00181623 -0.000404819
 -7.16034e-05 -0.00518784 -0.00269472 0.000708066
 2.18404e-05 0.00192265 0.000762788 -0.000253728
 4.04089e-05 0.00469235 0.0010742 -0.000506464
 -2.58609e-05 -0.00294282 -0.000370226 0.000251964
 -4.72542e-05 -0.00797511 0.000245873 0.000339444
 -2.98236e-05 -0.00477775 0.000980605 -7.40107e-05
 1.9346e-05 0.00340452 -0.00129657 0.000271374
 -7.3581e-05 -0.0114422 -0.00407141 0.000752144
 -8.07394e-05 -0.0122766 -0.00496806 0.001014
 -8.69377e-05 -0.012077 -0.0059635 0.00125603
 -2.31315e-05 -0.00544525 -0.00420216 0.000861127
 -4.77587e-05 -0.00609204 -0.00678762 0.00152657
 -2.34341e-06 -0.00242337 -0.00762488 0.00180904
 6.34323e-05 -0.00116035 -0.00940121 0.00254871
 0.000101021 -0.00383261 -0.00983745 0.00302767
 0.000169103 -0.00616153 -0.00863983 0.00300805
 0.000259866 -0.00597892 -0.00643018 0.00244165
 0.000337513 -0.00441452 -0.00432833 0.00170888
 -0.000185751 -0.033866 -0.0144775 0.00310774
 -0.000158558 -0.0331672 -0.0169284 0.00373464
 -0.000170159 -0.0337767 -0.0229152 0.00526424
 -3.568e-05 -0.0195501 -0.0248416 0.00578235
 6.41031e-05 -0.0167571 -0.0319034 0.00824692
 0.000309841 -0.0167676 -0.0358289 0.0106584
 0.000542599 -0.0168252 -0.0349739 0.0111988
 0.000850111 -0.0196119 -0.0309832 0.0108561
 0.00120504 -0.0256925 -0.0222785 0.00889104
 0.00143982 -0.0314449 -0.00957813 0.00501045
 -0.000354142 -0.0509252 -0.0302795 0.0071248
 -0.000298566 -0.045709 -0.0381529 0.00921247
 -0.000317036 -0.0479438 -0.0524916 0.0136936
 -0.000100052 -0.0366325 -0.0608076 0.01714
 0.000372575 -0.0342065 -0.066423 0.0210849
 0.0007537 -0.0392952 -0.0639596 0.022042
 0.00125713 -0.0487001 -0.0541045 0.0207651
 0.00186875 -0.0518765 -0.0386112 0.0166346
 0.00232083 -0.0541902 -0.0195982 0.0103445
 -0.000389595 -0.0681614 -0.0613301 0.0161351
 -0.000330841 -0.0752998 -0.0810281 0.0230553
 7.22357e-05 -0.074381 -0.0970195 0.0301752
 0.000861709 -0.0757754 -0.0986736 0.0346295
 0.00156231 -0.080663 -0.0921123 0.0349464
 0.00247296 -0.0901738 -0.0764194 0.0322473
 0.00348685 -0.0974391 -0.0512364 0.0252583
 0.00415053 -0.0991605 -0.0209462 0.0147062
 -0.000108428 -0.104138 -0.110652 0.0346255
 0.000491736 -0.121825 -0.12834 0.0445465
 0.00185733 -0.142375 -0.126456 0.0504048
 0.0029712 -0.145753 -0.113393 0.0490583
 0.00435881 -0.150855 -0.0894577 0.0435222
 0.00580875 -0.159871 -0.0530827 0.0326333
 0.00664991 -0.165204 -0.00851096 0.0166175
 0.00158132 -0.18024 -0.145968 0.0580714
 0.00376566 -0.210397 -0.134048 0.0622155
 0.00538827 -0.233293 -0.111431 0.0592124
 0.0072409 -0.245911 -0.0745661 0.0494854
 0.00910566 -0.257122 -0.0244909 0.0332029
 0.00986499 -0.255495 0.0309752 0.0115177
 0.00697453 -0.303185 -0.10017 0.0633739
 0.00902291 -0.328678 -0.0652605 0.0556666
 0.0112239 -0.347588 -0.016545 0.0412335
 0.0132209 -0.373455 0.0508888 0.018475
 0.013496 -0.380044 0.120931 -0.00965168
 0.0111884 -0.372943 -0.0219245 0.0463212
 0.0135112 -0.406491 0.0368116 0.0286986
 0.0153501 -0.428806 0.106825 0.0037123
 0.0148895 -0.437512 0.18193 -0.0271688
 0.0157723 -0.457714 0.107555 0.0072391
 0.0169708 -0.491262 0.187306 -0.0214896
 0.0154833 -0.487095 0.253769 -0.0510821
 0.0170438 -0.532574 0.27278 -0.0528087
 0.01426 -0.516146 0.324295 -0.0781224
 0.00947296 -0.505643 0.370726 -0.100877

Fourier series term #4
 2.40662e-06 0.000267329 0.000116665 -1.64942e-05
 3.30443e-06 0.00035734 0.000167713 -2.58707e-05
 -7.78804e-06 -0.000669827 -0.000380381 6.55387e-05
 2.80878e-05 0.00210072 0.00124106 -0.000239903
 -2.48732e-05 -0.00185508 -0.00105488 0.000235238
 -9.96948e-06 -0.000949062 -0.000504254 0.000131094
 5.33488e-05 0.00399325 0.00166205 -0.000540535
 -2.74367e-05 -0.00368429 -0.000823806 0.000391377
 -2.42326e-05 -0.00473591 -0.00054129 0.00039056
 9.96596e-06 -0.000720723 2.45662e-07 3.54792e-05
 3.60552e-05 0.00423465 -0.000875322 6.13352e-05
 6.29217e-05 0.00458316 -0.00172271 0.000365665
 -3.57665e-05 -0.0050943 -0.0018753 0.000339944
 3.70485e-06 -0.00107092 0.000170821 -4.25053e-07
 -2.46774e-05 -0.00384559 -0.00144162 0.000339877
 -2.58635e-05 -0.00276002 -0.000791403 0.000233526
 -7.83475e-06 -0.00146451 -0.00026352 0.000101804
 6.58798e-06 0.000553544 0.000553122 -0.000169124
 -2.03176e-05 -0.00157721 -9.04937e-05 8.43154e-05
 -1.36907e-05 -0.0017787 -0.000365691 0.00018186
 2.61981e-06 -0.000461211 -0.000557624 0.000180753
 1.19883e-05 0.00110322 -0.000836164 0.000197197
 2.28558e-05 0.00173323 -0.0010999 0.000274203
 -8.74011e-05 -0.0152649 -0.004947 0.00117955
 -7.13591e-05 -0.0136271 -0.00351846 0.00101252
 -7.23338e-05 -0.0148773 -0.00386754 0.00122266
 -5.52126e-05 -0.00891454 -0.000700367 0.000445394
 -5.00839e-05 -0.00641172 -0.000218357 0.000245653
 -3.32072e-05 -0.0022712 -0.000584471 0.000160467
 -3.29829e-05 -0.00118482 -0.00110378 0.000273732
 -1.59997e-05 -0.000417466 -0.00193181 0.000525474
 3.89821e-05 -0.000397969 -0.0027834 0.00086313
 0.000132345 -0.00153302 -0.00265086 0.000944359
 -0.000118866 -0.0223223 -0.00535435 0.00172948
 -0.000138513 -0.0233033 -0.00406348 0.00165032
 -0.000166519 -0.0243583 -0.00400345 0.00182256
 -0.000107812 -0.0131731 -0.00107855 0.000712709
 -0.000116854 -0.00909977 -0.00177172 0.000774372
 -9.38818e-05 -0.00941755 -0.00343982 0.00138673
 -1.35859e-05 -0.00219818 -0.00525771 0.00163752
 7.35564e-05 0.00185008 -0.00692118 0.00207777
 0.000181249 -0.00580999 -0.00404399 0.00167796
 -0.000233531 -0.0384469 -0.00685583 0.00298832
 -0.000186206 -0.0331454 -0.00393429 0.00225057
 -0.000251984 -0.0353713 -0.00440631 0.0027155
 -0.000142426 -0.0165503 -0.00449649 0.00196515
 -0.000119674 -0.0164836 -0.00565352 0.00249753
 -1.82301e-05 -0.0144204 -0.00695315 0.00299761
 0.000146137 -0.0133352 -0.00700695 0.00315009
 0.000303828 -0.0170171 -0.0031295 0.00213529
 -0.000315018 -0.0534109 -0.00643354 0.00405915
 -0.000283212 -0.047779 -0.00570946 0.00392387
 -0.000171542 -0.0449071 -0.00667988 0.00455345
 -0.000117604 -0.0395718 -0.00653821 0.00448597
 5.54107e-06 -0.03598 -0.0049451 0.00397904
 0.000236417 -0.0357279 -0.00238585 0.00330627
 0.000455206 -0.0363171 0.00273274 0.00153914
 -0.000245574 -0.0687009 -0.00623897 0.00575683
 -0.000156315 -0.0761364 -0.00237201 0.0057717
 -4.13702e-06 -0.0780076 0.00108733 0.00516958
 0.00020209 -0.0751247 0.00571745 0.00364858
 0.000499435 -0.0802286 0.0149679 0.000912526
 0.000563214 -0.0652383 0.0180487 -0.00161782
 6.96235e-05 -0.112763 0.0108543 0.00482418
 0.000234117 -0.118051 0.0195805 0.00253782
 0.000408488 -0.123959 0.0320665 -0.00127275
 0.000542698 -0.124594 0.0449444 -0.00610547
 0.000281921 -0.13181 0.0640754 -0.0132518
 0.000377428 -0.144103 0.0370096 -0.00108569
 0.000464844 -0.148755 0.0515213 -0.00598262
 0.000408397 -0.148203 0.0662345 -0.0118712
 -0.000177508 -0.157195 0.0887795 -0.0204846
 0.000381362 -0.168889 0.0750873 -0.0131266
 4.05524e-05 -0.179544 0.0979777 -0.021406
 -0.00103748 -0.180954 0.1174 -0.0298057
 -0.000802641 -0.204291 0.131895 -0.033039
 -0.00290549 -0.206387 0.152971 -0.0423198
 -0.00600981 -0.208647 0.172247 -0.0509297

Fourier series term #5
 3.75327e-07 4.25708e-05 1.78993e-05 -2.55062e-06
 -5.26422e-06 -0.000483106 -0.000258101 3.90498e-05
 7.74177e-06 0.000616906 0.000360976 -6.20773e-05
 -1.8629e-06 -0.000112612 -6.94408e-05 1.35038e-05
 -1.33908e-05 -0.000998355 -0.000575443 0.000127725
 2.14714e-05 0.00156571 0.000805021 -0.000212332
 -7.10503e-06 -0.000550259 -0.000197479 6.77255e-05
 -1.27983e-05 -0.00147562 -0.0003811 0.000170236
 7.45146e-06 0.000805401 5.07692e-05 -5.50459e-05
 1.40692e-05 0.00242431 -9.0266e-05 -9.89581e-05
 8.04186e-06 0.00153679 -0.000290279 1.4962e-05
 -7.05263e-06 -0.000954953 0.000390714 -8.57613e-05
 -6.41759e-05 -0.0068754 -0.00329416 0.000563051
 3.35531e-05 0.00283584 0.00175105 -0.000324737
 -3.90944e-05 -0.00365828 -0.00183773 0.000398111
 2.02333e-05 0.00118344 0.000686324 -0.000162881
 -1.2705e-05 -0.00124175 -0.000509576 0.000152493
 -7.78137e-06 -0.000456927 0.000105469 -3.61142e-06
 1.10055e-05 0.00107389 0.000115781 -8.54068e-05
 8.11613e-07 -0.000502069 -0.000191254 8.30649e-05
 -8.19889e-06 -0.00170216 0.000149829 4.93253e-05
 -1.50094e-05 -0.000790592 0.000425255 -9.64661e-05
 -1.34056e-05 0.000977915 -0.0001383 -6.76879e-06
 -3.25446e-05 -0.00647414 -0.00202967 0.00048088
 -1.20553e-06 -0.00304138 -0.000379027 0.000152449
 -5.83974e-05 -0.00893933 -0.00307618 0.000894119
 -1.70093e-07 -0.00209422 -6.64614e-05 0.000102388
 -8.31053e-06 -0.00249612 3.47381e-05 0.000109627
 -2.28872e-05 -0.00254631 0.000756609 -7.95621e-05
 -2.09814e-05 -0.000839825 0.00105076 -0.000268904
 -3.04477e-05 0.000103059 0.000906815 -0.000295967
 -3.48724e-05 -0.000444569 0.000706147 -0.000212948
 -3.54927e-05 -0.00132451 0.000795511 -0.000204352
 -9.77186e-05 -0.0136285 -0.0042433 0.00125656
 -7.05877e-05 -0.0118469 -0.00292671 0.00106193
 -4.15681e-05 -0.0106562 -0.001884 0.000893677
 -5.11003e-05 -0.00793182 0.00060929 0.000237602
 -4.23895e-05 -0.00587701 0.00172783 -0.000175903
 -5.80882e-05 -0.00703557 0.00211678 -0.000241484
 -7.98042e-05 -0.00232333 0.00272385 -0.000763332
 -0.000105074 0.000606304 0.00191054 -0.000713359
 -8.04643e-05 -0.000454539 0.00104859 -0.00035262
 -0.000106152 -0.0213934 -0.00466932 0.00194745
 -8.76065e-05 -0.0190686 -0.00116331 0.00118343
 -8.47838e-05 -0.0200881 0.000545213 0.000911435
 -0.000111127 -0.0130231 0.0049775 -0.000746351
 -0.000110738 -0.0090128 0.00524088 -0.00113654
 -0.000142887 -0.00650087 0.00518375 -0.00134808
 -0.000184972 -0.00517761 0.0047873 -0.00136238
 -0.000157689 -0.00269014 0.00274535 -0.000833758
 -0.000119392 -0.0316096 -0.000529325 0.00176357
 -0.000160318 -0.0303754 0.00485865 0.000301608
 -0.000160441 -0.0313735 0.0091115 -0.000886016
 -0.00020806 -0.0226145 0.0106631 -0.00206823
 -0.000250801 -0.0121103 0.00896266 -0.00232489
 -0.000268467 -0.00944656 0.0082215 -0.00233869
 -0.00037032 -0.00732435 0.00677273 -0.00203914
 -0.000207259 -0.0448485 0.0111172 -0.000668186
 -0.000225927 -0.0432372 0.0159863 -0.00236336
 -0.000336631 -0.0348349 0.0183429 -0.00391611
 -0.000410684 -0.0378981 0.0209496 -0.00469271
 -0.000522575 -0.0298975 0.0198688 -0.00509392
 -0.000635328 -0.012454 0.0120133 -0.0037126
 -0.000433198 -0.0572433 0.0275959 -0.00546294
 -0.00055544 -0.0604861 0.0325978 -0.00708167
 -0.000728466 -0.053995 0.0339234 -0.0082999
 -0.000963891 -0.0474572 0.0341085 -0.00917024
 -0.0012705 -0.045896 0.0354553 -0.0100464
 -0.000737005 -0.0706566 0.0404556 -0.00917379
 -0.0010186 -0.0659821 0.0433158 -0.0108816
 -0.00142064 -0.0562061 0.042557 -0.011761
 -0.00176943 -0.0493186 0.0403143 -0.0117595
 -0.00140629 -0.075311 0.0535565 -0.0141877
 -0.00187809 -0.0647534 0.0514649 -0.0146613
 -0.00240369 -0.0568436 0.0489604 -0.014684
 -0.00259736 -0.0724127 0.0607335 -0.0178819
 -0.00333591 -0.0674105 0.0602688 -0.0184643
 -0.0047356 -0.0712272 0.0668433 -0.0210648


