**************************************************************
***  MERIS LUT-169: Fourier series terms (s0,..,s5)[TERM]] ***
***                 of polynomial coefficients (k0,..,k3)  ***
***                 for each of 81 aerosol models [IAER],  ***
***                 & for each of 78 geometries [SVZA]     ***
***  - - - - - - - - - - - - - - - - - - - - - - - - - - - ***
***  => useful for multiplicative aer.scat.fct. retrieval  ***
**************************************************************

12 Gaussian angles (deg): SZA/VZA
------------------------         

 2.84 17.64 28.77 36.19 43.61 51.03 58.46 65.88 69.59 73.30 77.01 80.72

Coefficients: [SVZA x (k0,k1,k2,k3)]
------------                        

 Aerosol model #61
 - - - - - - -  

Fourier series term #0
 1.00595 0.632535 0.295691 -0.0431737
 1.01168 1.09638 0.575709 -0.0908315
 1.01881 1.57898 0.889708 -0.160048
 1.0243 1.92107 1.09199 -0.221067
 1.02998 2.29708 1.25676 -0.29317
 1.03459 2.68782 1.31716 -0.364253
 1.03612 3.0915 1.19089 -0.410369
 1.03161 3.5173 0.75362 -0.379901
 1.02643 3.7261 0.356944 -0.303685
 1.02071 3.91591 -0.188603 -0.1627
 1.01995 4.0458 -0.8691 0.054763
 1.03983 3.97991 -1.53942 0.31573
 1.01486 1.31236 0.713686 -0.12045
 1.02054 1.70416 0.933139 -0.178728
 1.02501 2.02755 1.07886 -0.231597
 1.02923 2.38291 1.18011 -0.290895
 1.03215 2.76383 1.1863 -0.346627
 1.03175 3.16173 1.02106 -0.375961
 1.02507 3.57075 0.563241 -0.328702
 1.0189 3.78048 0.168405 -0.247129
 1.01222 3.9827 -0.36959 -0.103526
 1.01037 4.13257 -1.04191 0.114791
 1.02895 4.08918 -1.70787 0.376152
 1.02341 1.94785 0.991964 -0.211893
 1.02661 2.21063 1.04602 -0.250079
 1.02951 2.5205 1.06276 -0.292113
 1.03107 2.8654 1.00288 -0.329291
 1.0295 3.22886 0.798029 -0.340584
 1.02221 3.62021 0.341262 -0.282135
 1.01599 3.82597 -0.0374417 -0.199125
 1.00943 4.02922 -0.55104 -0.0574824
 1.00776 4.18894 -1.19582 0.155998
 1.02617 4.16943 -1.84248 0.412895
 1.03265 2.3595 1.05515 -0.28479
 1.03506 2.60879 1.01445 -0.314431
 1.03622 2.89602 0.910016 -0.338283
 1.0346 3.22957 0.689917 -0.340243
 1.02769 3.59508 0.240942 -0.275607
 1.02201 3.79781 -0.122934 -0.192672
 1.0163 3.99901 -0.614628 -0.0537119
 1.01585 4.16218 -1.23199 0.153892
 1.03574 4.15307 -1.85078 0.402805
 1.03525 2.7669 0.897286 -0.322483
 1.0348 2.99867 0.741509 -0.328041
 1.03175 3.28977 0.487197 -0.312565
 1.02399 3.65009 0.0301811 -0.235967
 1.01823 3.85328 -0.330787 -0.148524
 1.01274 4.05708 -0.811673 -0.00775435
 1.01284 4.22656 -1.4102 0.197873
 1.03354 4.2302 -2.00823 0.442185
 1.03274 3.14472 0.531383 -0.310623
 1.02848 3.3931 0.241462 -0.275195
 1.02007 3.72454 -0.235786 -0.17996
 1.01443 3.92739 -0.596744 -0.0861285
 1.00963 4.13938 -1.07164 0.0585612
 1.01113 4.31176 -1.65332 0.263974
 1.03388 4.31275 -2.22122 0.501898
 1.02297 3.55795 -0.0902294 -0.212515
 1.01425 3.86208 -0.595196 -0.0937637
 1.00913 4.05266 -0.961489 0.0102348
 1.00576 4.24554 -1.42849 0.161337
 1.00978 4.41625 -1.9904 0.366672
 1.0363 4.41353 -2.52116 0.596142
 1.00696 4.07654 -1.11249 0.0507265
 1.00352 4.2381 -1.48017 0.166437
 1.00313 4.40384 -1.93167 0.323218
 1.01192 4.5399 -2.452 0.523803
 1.04496 4.49115 -2.90484 0.732415
 1.00158 4.35616 -1.83198 0.284537
 1.00367 4.49755 -2.26351 0.44079
 1.0163 4.60615 -2.74987 0.634874
 1.05421 4.51365 -3.13862 0.824617
 1.00931 4.59449 -2.65983 0.592599
 1.02719 4.63733 -3.07604 0.768855
 1.07127 4.48422 -3.37241 0.928665
 1.05154 4.58872 -3.38478 0.913121
 1.10277 4.35192 -3.5507 1.02755
 1.15966 4.00184 -3.53639 1.07534

Fourier series term #1
 -0.000318648 -0.0304857 -0.0160646 0.00232066
 -0.000793303 -0.0571995 -0.0368212 0.00568389
 -0.000919315 -0.0517612 -0.0347041 0.00616964
 -0.0010197 -0.0515989 -0.0303347 0.00626717
 -0.00105088 -0.048584 -0.0196212 0.00514836
 -0.00102017 -0.0439742 -0.00379898 0.0025109
 -0.000903325 -0.0334294 0.0166681 -0.00239422
 -0.000837899 -0.0177383 0.0357318 -0.00879863
 -0.000903856 -0.00771802 0.0416116 -0.011746
 -0.00109487 0.00448126 0.0425981 -0.0136143
 -0.00143187 0.0199518 0.036204 -0.0132621
 -0.00177179 0.0364135 0.0211639 -0.00952146
 -0.00402706 -0.268764 -0.173275 0.028792
 -0.00540328 -0.313349 -0.190198 0.0364511
 -0.00591303 -0.312626 -0.159916 0.0356306
 -0.00607262 -0.295104 -0.0968228 0.027983
 -0.00591707 -0.261187 -0.00557259 0.0114756
 -0.00548564 -0.195392 0.105267 -0.0162103
 -0.00549373 -0.0952952 0.202861 -0.050464
 -0.00615224 -0.0309325 0.229873 -0.0654773
 -0.00761013 0.0468203 0.228403 -0.0738694
 -0.00998161 0.13966 0.184218 -0.0688702
 -0.012328 0.238625 0.090348 -0.0442306
 -0.00774196 -0.451015 -0.22477 0.0494565
 -0.0086612 -0.474041 -0.183732 0.0477667
 -0.00902943 -0.456798 -0.096263 0.0353432
 -0.0088163 -0.389342 0.0325567 0.00875448
 -0.00846014 -0.283939 0.175761 -0.0303574
 -0.00885013 -0.12462 0.295639 -0.0765885
 -0.00999397 -0.0204823 0.323342 -0.0958016
 -0.0123004 0.10073 0.309541 -0.104581
 -0.0158905 0.238345 0.235944 -0.0936889
 -0.0193475 0.382459 0.0938976 -0.0549693
 -0.0106063 -0.529814 -0.151439 0.0483017
 -0.0109309 -0.516923 -0.0558707 0.0321303
 -0.0105545 -0.449379 0.0785217 0.00106325
 -0.00980399 -0.31855 0.231042 -0.045154
 -0.00992196 -0.135132 0.350929 -0.0962391
 -0.0110336 -0.0155694 0.375707 -0.116971
 -0.0133754 0.123165 0.354228 -0.125501
 -0.017007 0.279868 0.267169 -0.111861
 -0.0201569 0.44691 0.104352 -0.0671283
 -0.0116215 -0.532875 0.0271984 0.0163767
 -0.011538 -0.465807 0.150141 -0.0160032
 -0.0112988 -0.330853 0.283254 -0.0613979
 -0.01213 -0.120101 0.38246 -0.111175
 -0.0137319 0.00990216 0.392801 -0.129043
 -0.0165619 0.164262 0.354069 -0.133348
 -0.0205905 0.34415 0.245114 -0.113515
 -0.0237464 0.531606 0.058265 -0.0606787
 -0.0120593 -0.428773 0.241225 -0.0439033
 -0.0125779 -0.301102 0.339992 -0.0838761
 -0.0143026 -0.0905204 0.397979 -0.124231
 -0.0163299 0.0531689 0.386159 -0.136451
 -0.0195495 0.220453 0.32471 -0.133862
 -0.0236762 0.411455 0.19298 -0.105951
 -0.0262364 0.606127 -0.0126675 -0.045366
 -0.0142462 -0.211683 0.385385 -0.109628
 -0.0171181 -0.0120458 0.388206 -0.134013
 -0.0195748 0.127653 0.346837 -0.136015
 -0.0229387 0.289769 0.258227 -0.12265
 -0.0268524 0.486547 0.102196 -0.0848632
 -0.0281955 0.680345 -0.118145 -0.0166971
 -0.0207767 0.134252 0.328996 -0.134066
 -0.023518 0.252914 0.257161 -0.122655
 -0.0266861 0.402639 0.139751 -0.0958931
 -0.0294263 0.57901 -0.0354725 -0.0465311
 -0.0284968 0.748093 -0.255502 0.0262465
 -0.0261837 0.34958 0.173174 -0.103955
 -0.0288703 0.483505 0.0444904 -0.0700356
 -0.0305972 0.640062 -0.133869 -0.0158987
 -0.0278488 0.787995 -0.346615 0.0575549
 -0.0307328 0.584457 -0.0849276 -0.0307859
 -0.0308159 0.709182 -0.255932 0.025421
 -0.0254922 0.822869 -0.448429 0.0956649
 -0.0284395 0.784161 -0.40137 0.07818
 -0.0200428 0.841345 -0.549012 0.137111
 -0.00834127 0.827745 -0.628203 0.175427

Fourier series term #2
 -1.91226e-05 -0.00211871 -0.000962541 0.000141253
 1.30259e-05 0.000737798 0.000400372 -6.38976e-05
 -5.15062e-07 -0.000302177 -0.000534752 8.12001e-05
 -4.18614e-05 -0.00327374 -0.00257506 0.000490168
 2.98189e-06 0.000554028 -0.000671713 0.000107133
 -8.78201e-06 -0.000114405 -0.00129586 0.000278999
 -7.13151e-05 -0.00509295 -0.00320568 0.000987091
 5.90203e-06 0.00196614 -0.000458044 4.76269e-05
 1.00719e-05 0.0028563 -0.000453915 5.13538e-07
 -1.55583e-05 -0.00114168 -0.000504097 0.000241802
 -4.14984e-05 -0.00570091 0.000922601 3.88313e-05
 -8.26244e-05 -0.0055489 0.00213436 -0.000427679
 -0.000383512 -0.0478075 -0.0288476 0.00473452
 -0.000381928 -0.0483262 -0.0412121 0.00723198
 -0.000373562 -0.0458002 -0.0501725 0.00950682
 -0.000372726 -0.0456828 -0.0587723 0.0124217
 -0.00031013 -0.04767 -0.063246 0.0153191
 -0.000153696 -0.0531568 -0.0591759 0.0169846
 0.000176735 -0.0619371 -0.0423011 0.0153747
 0.000424254 -0.0649166 -0.0280028 0.0123556
 0.000657473 -0.0655862 -0.0103664 0.00752321
 0.000708045 -0.0630988 0.00840919 0.00125649
 0.000267416 -0.0548768 0.0229342 -0.00473743
 -0.000764445 -0.104057 -0.0938182 0.0179356
 -0.00082185 -0.115914 -0.120119 0.0249041
 -0.000806864 -0.12639 -0.141155 0.0325294
 -0.000641363 -0.135753 -0.148027 0.0388797
 -0.000194574 -0.151739 -0.135785 0.0421058
 0.000723888 -0.165892 -0.0932405 0.0367591
 0.00133161 -0.171425 -0.059138 0.0290929
 0.00190483 -0.173228 -0.0179318 0.0174623
 0.00208706 -0.167646 0.0254982 0.00264429
 0.00112404 -0.147955 0.059435 -0.0116935
 -0.00158692 -0.162508 -0.173249 0.0398571
 -0.00176728 -0.193204 -0.205875 0.052443
 -0.00157574 -0.217284 -0.216357 0.06229
 -0.000842146 -0.236011 -0.19382 0.0651902
 0.000580258 -0.260429 -0.13217 0.0566481
 0.00158917 -0.26529 -0.0834538 0.0449548
 0.00256651 -0.265875 -0.0251516 0.0278131
 0.00296534 -0.258337 0.0377313 0.00583291
 0.00167454 -0.230771 0.0884168 -0.0159162
 -0.00194663 -0.263568 -0.251898 0.0711403
 -0.0015869 -0.311457 -0.263345 0.0839346
 -0.000510713 -0.353194 -0.233789 0.0875633
 0.00164918 -0.374706 -0.151381 0.0737432
 0.00304156 -0.383561 -0.0893261 0.058157
 0.00435862 -0.38847 -0.013599 0.0352313
 0.00488316 -0.380466 0.0689234 0.00560718
 0.00309612 -0.344718 0.136078 -0.0239801
 -0.00108771 -0.409594 -0.278569 0.101198
 0.00054318 -0.471601 -0.240384 0.103943
 0.00339492 -0.517422 -0.14149 0.086147
 0.00517181 -0.529416 -0.0658867 0.0657791
 0.00682555 -0.534346 0.0253759 0.0366241
 0.0074427 -0.526853 0.125161 -0.000451077
 0.00502777 -0.488313 0.208599 -0.0380142
 0.00269321 -0.590702 -0.195949 0.107447
 0.00621934 -0.664162 -0.0803863 0.084196
 0.00834612 -0.69434 0.00666886 0.0598869
 0.010208 -0.712755 0.112975 0.0247921
 0.0106615 -0.70216 0.225137 -0.0191046
 0.0072894 -0.658679 0.319414 -0.0633842
 0.0102957 -0.813534 0.0551077 0.0563625
 0.012552 -0.862243 0.15348 0.0272351
 0.0142382 -0.886523 0.267036 -0.0126039
 0.0140272 -0.898889 0.393479 -0.0624446
 0.00885508 -0.854915 0.491592 -0.110802
 0.0146495 -0.928591 0.257618 -0.00378688
 0.0160022 -0.975561 0.37936 -0.0461047
 0.0150432 -0.993042 0.50685 -0.097291
 0.00864987 -0.937822 0.593156 -0.143223
 0.0167842 -1.0488 0.511584 -0.0915418
 0.0146792 -1.06621 0.631997 -0.141205
 0.00654435 -1.00745 0.705191 -0.183025
 0.010787 -1.09629 0.748669 -0.188993
 0.00035234 -1.04212 0.807899 -0.224885
 -0.0126379 -0.993618 0.847876 -0.251588

Fourier series term #3
 3.8984e-06 0.000404441 0.000193748 -2.82146e-05
 2.7079e-05 0.00252611 0.0013488 -0.000212491
 -1.95433e-05 -0.00162971 -0.000931577 0.000167424
 4.41602e-06 0.000327559 0.000197039 -3.99247e-05
 3.03907e-05 0.00232648 0.00129167 -0.000301091
 -5.00018e-05 -0.00377658 -0.00189932 0.00052181
 1.51831e-05 0.00139403 0.00052315 -0.000183491
 2.83959e-05 0.0033899 0.000725046 -0.000367196
 -1.83369e-05 -0.0021298 -0.000256207 0.000188348
 -3.436e-05 -0.00574894 0.000194169 0.000263939
 -2.19824e-05 -0.00344137 0.000691025 -3.3183e-05
 1.63942e-05 0.00244043 -0.000919569 0.000180473
 -0.000122833 -0.0154165 -0.00665501 0.00117008
 -8.94116e-05 -0.0122301 -0.00529274 0.00104506
 -7.03782e-05 -0.00988741 -0.00479928 0.00100039
 -2.15006e-05 -0.00489049 -0.00363939 0.0007386
 -3.30244e-05 -0.00516214 -0.00574525 0.00128141
 9.4664e-06 -0.00219161 -0.00678163 0.00161032
 7.43674e-05 -0.00133126 -0.00849434 0.00231863
 0.00011567 -0.00348261 -0.0088244 0.00271303
 0.000182582 -0.00549708 -0.0077862 0.00269546
 0.00026838 -0.00575054 -0.00578804 0.00220346
 0.000338334 -0.00494499 -0.00363706 0.00148653
 -0.000228242 -0.0346831 -0.0154341 0.00324703
 -0.000180793 -0.0317274 -0.0162248 0.00355362
 -0.000159569 -0.0286898 -0.0195594 0.00444748
 -3.51247e-05 -0.01692 -0.0217349 0.00503855
 6.6359e-05 -0.0147007 -0.028478 0.0073722
 0.000303492 -0.015191 -0.0325187 0.00971208
 0.00052215 -0.0159405 -0.0319135 0.0102885
 0.000810902 -0.0189425 -0.0282906 0.0099994
 0.00114208 -0.0244895 -0.0203263 0.00818643
 0.00136237 -0.0296177 -0.00873603 0.00462606
 -0.000407134 -0.0486119 -0.0292398 0.00698274
 -0.000321524 -0.0424424 -0.0353508 0.00865565
 -0.000285096 -0.0406795 -0.0465396 0.0121975
 -6.5217e-05 -0.0318013 -0.0548993 0.0155806
 0.000389356 -0.0314873 -0.0606708 0.0194413
 0.000756774 -0.0363534 -0.0585183 0.0203374
 0.00123791 -0.0447433 -0.0497661 0.0192086
 0.00181488 -0.0488423 -0.0355444 0.0154646
 0.00223007 -0.0518947 -0.0176367 0.00956423
 -0.000410045 -0.0638512 -0.0567534 0.0150728
 -0.000306888 -0.067711 -0.0736456 0.0210729
 0.000104233 -0.0653022 -0.0875897 0.02734
 0.000879016 -0.0682213 -0.0898948 0.0316948
 0.00154276 -0.07386 -0.0840658 0.0320827
 0.00239773 -0.0831662 -0.0697862 0.0296421
 0.0033429 -0.0908715 -0.0466244 0.0232432
 0.00395469 -0.0938225 -0.0183511 0.0134521
 -0.000119302 -0.0963608 -0.101779 0.0321792
 0.000486623 -0.110765 -0.117401 0.0410306
 0.00181998 -0.127154 -0.115375 0.0460988
 0.00286598 -0.131819 -0.103404 0.0449089
 0.00415934 -0.138734 -0.081381 0.0399086
 0.00551936 -0.148657 -0.0476714 0.0298635
 0.00627032 -0.154458 -0.00657257 0.015117
 0.00153389 -0.166052 -0.133619 0.0535265
 0.00361681 -0.19377 -0.122017 0.0570689
 0.00512314 -0.212354 -0.101117 0.053999
 0.00684663 -0.224201 -0.0676239 0.0451547
 0.00856625 -0.235495 -0.021582 0.030208
 0.00926456 -0.236225 0.0299455 0.0102002
 0.00651812 -0.279504 -0.091057 0.0583473
 0.00843399 -0.30398 -0.0585413 0.0511447
 0.0104825 -0.321253 -0.0137069 0.0377806
 0.0122867 -0.341644 0.0467853 0.0170406
 0.0125169 -0.345379 0.109369 -0.00837668
 0.0104964 -0.347003 -0.0163762 0.0416034
 0.0126284 -0.377668 0.0378974 0.0252087
 0.0142598 -0.395863 0.101287 0.00232214
 0.013787 -0.399086 0.166678 -0.0251017
 0.014726 -0.425229 0.104032 0.00489903
 0.0157673 -0.453416 0.175657 -0.0211382
 0.0143562 -0.446175 0.233653 -0.0474085
 0.015784 -0.48977 0.252198 -0.0491842
 0.0131626 -0.474187 0.298804 -0.0722078
 0.00863443 -0.463417 0.339924 -0.0925695

Fourier series term #4
 2.21598e-06 0.000238328 0.000109549 -1.60244e-05
 3.42592e-06 0.000349771 0.000174069 -2.77007e-05
 -5.95878e-06 -0.000519903 -0.000293665 5.27908e-05
 2.02289e-05 0.00156265 0.000904806 -0.000182772
 -1.74648e-05 -0.001357 -0.000749563 0.000174797
 -6.93585e-06 -0.000692762 -0.000356968 9.70664e-05
 3.72063e-05 0.00289481 0.00115723 -0.000394887
 -1.91943e-05 -0.00266575 -0.000561678 0.000285505
 -1.71853e-05 -0.00341851 -0.000359084 0.000287573
 7.10447e-06 -0.000515666 1.38668e-06 2.75855e-05
 2.67996e-05 0.00304737 -0.000627346 3.06353e-05
 4.65618e-05 0.00328164 -0.00120597 0.000237126
 -5.90878e-05 -0.00722239 -0.00313842 0.000549418
 -1.64533e-05 -0.00264318 -0.000894833 0.00019261
 -2.05398e-05 -0.0030855 -0.00115137 0.00026867
 -1.97851e-05 -0.00218789 -0.000539359 0.000164607
 -8.29919e-06 -0.00129877 -0.000169199 7.28784e-05
 1.62027e-06 0.000283595 0.000449367 -0.00013379
 -1.71135e-05 -0.0011628 2.19596e-05 3.10883e-05
 -1.17878e-05 -0.00125772 -0.000202116 0.000104617
 8.89228e-07 -0.000260032 -0.000414493 0.000124875
 9.34929e-06 0.000861227 -0.000691451 0.000165007
 2.02389e-05 0.00125867 -0.000899051 0.000232665
 -0.000124903 -0.0177101 -0.00678843 0.00153666
 -9.58565e-05 -0.0145316 -0.00454928 0.00120427
 -7.63197e-05 -0.0127956 -0.00322727 0.0010129
 -5.6906e-05 -0.0074904 -0.000227738 0.000269115
 -5.53016e-05 -0.00541871 0.000231086 7.86253e-05
 -4.22e-05 -0.00183289 -0.000170543 1.93063e-05
 -4.10561e-05 -0.000812826 -0.000747567 0.000147911
 -2.50362e-05 -0.000174657 -0.00158126 0.000403397
 2.31574e-05 -0.000212658 -0.00237392 0.000718463
 0.000105207 -0.00120894 -0.00230107 0.000805364
 -0.000173296 -0.0242187 -0.00723416 0.00214615
 -0.000172646 -0.0229039 -0.00475616 0.00176932
 -0.000171462 -0.020586 -0.00284552 0.00138589
 -0.000120999 -0.0109242 -0.000130978 0.000355362
 -0.000130332 -0.00727712 -0.000998926 0.000460302
 -0.000111795 -0.00715604 -0.00251977 0.000984146
 -4.2503e-05 -0.00168602 -0.00430467 0.00131632
 3.94907e-05 0.00118811 -0.00583229 0.00176904
 0.000138826 -0.00463125 -0.00372541 0.00150714
 -0.000278039 -0.0377127 -0.00752133 0.00308393
 -0.000230746 -0.0313386 -0.00373017 0.00208775
 -0.000268252 -0.0291084 -0.00258916 0.0018652
 -0.000182234 -0.0135332 -0.00298017 0.00131894
 -0.000162339 -0.0131965 -0.00427929 0.00184744
 -7.45038e-05 -0.0115479 -0.00570078 0.00238601
 7.1984e-05 -0.0108379 -0.00602745 0.00263567
 0.000222961 -0.0138686 -0.00309592 0.00191105
 -0.000379141 -0.0500755 -0.006123 0.0038071
 -0.000340222 -0.0431356 -0.00444574 0.00328889
 -0.000287266 -0.0366631 -0.00500947 0.00349246
 -0.000209425 -0.031812 -0.00510911 0.00347077
 -0.000109406 -0.0290037 -0.00435469 0.00327033
 8.42748e-05 -0.0291119 -0.00250378 0.00283969
 0.000320256 -0.0301259 0.0016949 0.00146787
 -0.000371458 -0.0633828 -0.00505643 0.00504091
 -0.000306643 -0.0664169 -0.00155221 0.00477591
 -0.000189383 -0.0654612 0.00103983 0.0041839
 -1.92938e-05 -0.0618138 0.00431852 0.00303582
 0.000232467 -0.064904 0.0113505 0.000932363
 0.000331769 -0.0545744 0.0145529 -0.00120518
 -0.000191942 -0.10022 0.00964653 0.00427362
 -6.95607e-05 -0.104257 0.0170054 0.00234659
 5.28185e-05 -0.10666 0.0266474 -0.000727787
 0.000155253 -0.104847 0.0364958 -0.00460957
 -2.94424e-05 -0.10842 0.0515024 -0.0104508
 0.000105597 -0.127445 0.0330541 -0.00118174
 0.00016618 -0.131359 0.0456346 -0.00543028
 8.88647e-05 -0.128917 0.0574467 -0.0103503
 -0.000423013 -0.132168 0.0740401 -0.0170623
 0.000118356 -0.150485 0.0673435 -0.0120056
 -0.000212988 -0.158351 0.0866125 -0.0190825
 -0.00117819 -0.155857 0.100954 -0.0257056
 -0.00105957 -0.1794 0.115501 -0.028942
 -0.00290953 -0.179119 0.13225 -0.0365659
 -0.00569009 -0.181673 0.149456 -0.0441589

Fourier series term #5
 3.60078e-07 3.97802e-05 1.77876e-05 -2.61049e-06
 -4.199e-06 -0.000385215 -0.000207761 3.27087e-05
 5.72329e-06 0.00046777 0.000270001 -4.84506e-05
 -1.25285e-06 -7.91794e-05 -4.66986e-05 9.50078e-06
 -9.46275e-06 -0.000734017 -0.000412106 9.55981e-05
 1.49782e-05 0.00113926 0.000565995 -0.000156178
 -4.95605e-06 -0.000398121 -0.000136122 4.91222e-05
 -8.92129e-06 -0.00106761 -0.000261764 0.000124409
 5.39287e-06 0.000584895 3.20457e-05 -4.08281e-05
 1.03215e-05 0.00174747 -7.25812e-05 -7.63766e-05
 5.98306e-06 0.0011007 -0.000205897 5.09543e-06
 -5.68208e-06 -0.00068605 0.000276215 -5.73196e-05
 -6.05488e-05 -0.00659373 -0.00314767 0.000541101
 1.3595e-05 0.0010214 0.000693127 -0.00012731
 -2.92919e-05 -0.00283036 -0.00139921 0.000304381
 1.42287e-05 0.000874199 0.000482324 -0.000116204
 -9.13454e-06 -0.000959412 -0.000364355 0.000110869
 -5.99915e-06 -0.000373486 8.13664e-05 -2.61114e-06
 7.36219e-06 0.000753779 8.12226e-05 -5.88406e-05
 4.21976e-07 -0.000379526 -9.88602e-05 4.86502e-05
 -6.56153e-06 -0.00124181 0.000163879 1.67394e-05
 -1.21625e-05 -0.000577418 0.000332924 -7.8665e-05
 -1.08724e-05 0.000710479 -0.000106198 -1.53232e-06
 -6.45545e-05 -0.0092713 -0.0037518 0.000831341
 -2.82519e-05 -0.00531775 -0.00182626 0.000468733
 -5.33103e-05 -0.00752494 -0.0026578 0.000764177
 -2.87571e-06 -0.00177707 -5.40106e-05 8.31219e-05
 -1.03305e-05 -0.00219925 8.03447e-05 8.05375e-05
 -2.26475e-05 -0.00214355 0.000737986 -9.89684e-05
 -2.27912e-05 -0.000799872 0.000965457 -0.000247895
 -2.87272e-05 1.44905e-05 0.000849059 -0.000274546
 -3.41329e-05 -0.000262003 0.00065322 -0.000207508
 -3.5935e-05 -0.000829039 0.000639855 -0.000179283
 -0.000128115 -0.0155723 -0.00577867 0.00161861
 -9.16802e-05 -0.0125698 -0.00382625 0.00127533
 -4.95554e-05 -0.00936755 -0.0017753 0.000809568
 -4.96438e-05 -0.00659949 0.000712346 0.000134637
 -4.717e-05 -0.00496508 0.00173929 -0.0002372
 -6.02188e-05 -0.00560436 0.00213103 -0.000339576
 -7.82336e-05 -0.00195883 0.0025063 -0.000719159
 -9.8831e-05 0.000397718 0.00177928 -0.000656163
 -8.20199e-05 -0.000140333 0.000959351 -0.000341367
 -0.000141086 -0.0227038 -0.00604241 0.00230867
 -0.000110364 -0.0192073 -0.0021252 0.00141339
 -9.38023e-05 -0.0171356 0.000742893 0.000681042
 -0.000113287 -0.0107496 0.0047122 -0.000827795
 -0.000118097 -0.00756374 0.00494934 -0.00115231
 -0.000148303 -0.00538067 0.00484434 -0.00132146
 -0.000186453 -0.00398226 0.00431996 -0.00128985
 -0.000166898 -0.00174242 0.00244753 -0.000797237
 -0.000160545 -0.0320808 -0.0019244 0.00214817
 -0.000138533 -0.0290029 0.00381129 0.000507274
 -0.00023514 -0.0258303 0.00833659 -0.00103884
 -0.00022753 -0.0181683 0.00958644 -0.0020456
 -0.000245988 -0.00995146 0.00832285 -0.00226641
 -0.00034579 -0.00725536 0.0072693 -0.0021871
 -0.00031999 -0.00545208 0.00586618 -0.00183551
 -0.000243498 -0.0438299 0.00933489 -0.00020803
 -0.000276075 -0.0396166 0.0145163 -0.00215995
 -0.000375132 -0.03069 0.0163827 -0.00356878
 -0.000460368 -0.0304224 0.0180322 -0.00426916
 -0.000564117 -0.0227958 0.0165322 -0.00446226
 -0.000643321 -0.0093582 0.0100707 -0.00323672
 -0.000490734 -0.0545505 0.0248451 -0.00466748
 -0.000616783 -0.0558111 0.0291973 -0.00620107
 -0.000793811 -0.0478833 0.0298124 -0.00725795
 -0.00101867 -0.0394677 0.0286896 -0.00776916
 -0.00125393 -0.0351899 0.0280373 -0.00808729
 -0.00073026 -0.0652098 0.0368196 -0.008302
 -0.000997386 -0.0603262 0.0391893 -0.00982273
 -0.00136302 -0.0493761 0.0373584 -0.0103738
 -0.00162309 -0.0401419 0.0334141 -0.00988081
 -0.00134215 -0.0689551 0.0483502 -0.0127284
 -0.00175145 -0.0595207 0.0466658 -0.0132187
 -0.00219653 -0.0492552 0.0423821 -0.0127307
 -0.00239102 -0.0663234 0.0549724 -0.0161038
 -0.00303825 -0.0598491 0.0531866 -0.0162644
 -0.00419732 -0.0628845 0.0587783 -0.0185097


