**************************************************************
***  MERIS LUT-169: Fourier series terms (s0,..,s5)[TERM]] ***
***                 of polynomial coefficients (k0,..,k3)  ***
***                 for each of 81 aerosol models [IAER],  ***
***                 & for each of 78 geometries [SVZA]     ***
***  - - - - - - - - - - - - - - - - - - - - - - - - - - - ***
***  => useful for multiplicative aer.scat.fct. retrieval  ***
**************************************************************

12 Gaussian angles (deg): SZA/VZA
------------------------         

 2.84 17.64 28.77 36.19 43.61 51.03 58.46 65.88 69.59 73.30 77.01 80.72

Coefficients: [SVZA x (k0,k1,k2,k3)]
------------                        

 Aerosol model #14
 - - - - - - -  

Fourier series term #0
 1.01342 1.24779 0.68436 -0.0669442
 1.01498 1.33221 0.767587 -0.0853137
 1.0179 1.50017 0.920768 -0.124296
 1.02051 1.66062 1.05301 -0.166946
 1.02421 1.93888 1.23178 -0.233376
 1.02764 2.30709 1.37586 -0.316648
 1.0284 2.75415 1.35594 -0.390036
 1.02326 3.31634 0.989253 -0.391337
 1.01751 3.6356 0.584516 -0.323861
 1.01081 3.95923 -0.0180118 -0.178196
 1.00892 4.22985 -0.811827 0.0641282
 1.02917 4.27754 -1.63114 0.368458
 1.01773 1.41467 0.87467 -0.115611
 1.02114 1.60214 1.04193 -0.163757
 1.02438 1.80346 1.19325 -0.216624
 1.02776 2.06205 1.33758 -0.285377
 1.03052 2.39936 1.42588 -0.364173
 1.03092 2.84017 1.36281 -0.43076
 1.02568 3.38379 0.964746 -0.421535
 1.02016 3.68693 0.556552 -0.349817
 1.01395 3.9939 -0.0362149 -0.203222
 1.01268 4.24861 -0.80759 0.0356073
 1.03319 4.28453 -1.5991 0.333382
 1.02531 1.81004 1.21322 -0.225486
 1.0285 2.01626 1.33927 -0.284034
 1.03161 2.27518 1.43844 -0.354307
 1.03392 2.60491 1.46488 -0.427988
 1.03372 3.00726 1.3266 -0.47949
 1.02856 3.49785 0.881656 -0.453715
 1.02361 3.77686 0.474543 -0.37827
 1.01834 4.06001 -0.0997773 -0.232657
 1.01825 4.29128 -0.838066 0.000175577
 1.03964 4.31224 -1.59199 0.289278
 1.02597 2.25949 1.34803 -0.306337
 1.02694 2.5354 1.38124 -0.362852
 1.02638 2.86421 1.31931 -0.412445
 1.02287 3.26978 1.09259 -0.432678
 1.01401 3.74746 0.561625 -0.367563
 1.00725 4.01674 0.119019 -0.271542
 1.00043 4.29128 -0.480086 -0.107517
 0.999217 4.52423 -1.23066 0.138933
 1.02013 4.55268 -1.98545 0.435621
 1.0312 2.75951 1.394 -0.423169
 1.03012 3.07681 1.2788 -0.459323
 1.02593 3.44963 0.996992 -0.459382
 1.01673 3.90179 0.431538 -0.373891
 1.01015 4.15462 -0.0199188 -0.26822
 1.00401 4.40629 -0.616772 -0.0971265
 1.00434 4.60887 -1.34752 0.150502
 1.02775 4.607 -2.06445 0.440252
 1.02751 3.3646 1.09437 -0.47194
 1.02187 3.72753 0.759907 -0.448179
 1.0114 4.15526 0.148603 -0.334717
 1.00462 4.40041 -0.315636 -0.21666
 0.99885 4.64612 -0.917769 -0.0351728
 1.00052 4.83288 -1.64019 0.218474
 1.02645 4.80082 -2.32769 0.506107
 1.01453 4.05834 0.366325 -0.392517
 1.00309 4.48756 -0.28385 -0.250459
 0.996465 4.71784 -0.761835 -0.117196
 0.99175 4.95159 -1.36588 0.0757539
 0.995929 5.12297 -2.07327 0.334565
 1.02632 5.06237 -2.71962 0.616533
 0.992235 4.88347 -0.961168 -0.0780121
 0.986724 5.12365 -1.44924 0.0695132
 0.9844 5.33444 -2.0482 0.274885
 0.993423 5.46452 -2.71312 0.532216
 1.03187 5.35034 -3.27599 0.794279
 0.982557 5.32578 -1.9304 0.224756
 0.983025 5.53704 -2.51088 0.428859
 0.996059 5.65105 -3.14644 0.68249
 1.03995 5.47952 -3.63604 0.925487
 0.988022 5.69638 -3.04791 0.627811
 1.00726 5.77476 -3.61832 0.863943
 1.05846 5.55058 -4.00985 1.0751
 1.03425 5.75819 -4.06847 1.06448
 1.0944 5.47387 -4.3266 1.22734
 1.16264 5.06211 -4.36587 1.30877

Fourier series term #1
 -0.000357616 -0.0319259 -0.018303 0.00180128
 -0.000237175 -0.0138053 -0.012102 0.00144502
 -0.000285997 -0.0130128 -0.0138345 0.00215922
 -0.000429741 -0.0223978 -0.0198438 0.00367594
 -0.000649986 -0.0396116 -0.0280537 0.00624638
 -0.00059774 -0.0400871 -0.0192653 0.00602914
 -0.000495892 -0.0413017 -0.00335504 0.00374708
 -0.000409791 -0.0397947 0.0195297 -0.00179471
 -0.000448939 -0.0359685 0.0316523 -0.00573938
 -0.000636594 -0.0280983 0.0412964 -0.00977011
 -0.00107719 -0.0146334 0.0443156 -0.0124246
 -0.00178438 0.00483051 0.0358494 -0.0114716
 -0.0012359 -0.0570589 -0.05929 0.00865776
 -0.00232143 -0.115086 -0.10632 0.0188793
 -0.0030342 -0.158994 -0.130043 0.0274295
 -0.00353424 -0.204486 -0.132731 0.0347204
 -0.00361945 -0.245639 -0.0973724 0.0355219
 -0.00306671 -0.259258 -0.00313053 0.019894
 -0.00248729 -0.235972 0.134865 -0.0168836
 -0.00272699 -0.206223 0.203432 -0.0409833
 -0.00384333 -0.155315 0.255067 -0.0644638
 -0.00637446 -0.0753665 0.267595 -0.0791478
 -0.0103125 0.0360423 0.215358 -0.0729113
 -0.00394707 -0.203809 -0.166004 0.0356948
 -0.00478411 -0.263493 -0.180212 0.0461144
 -0.0052565 -0.323973 -0.158796 0.0517557
 -0.00508569 -0.369736 -0.0803636 0.0441808
 -0.00440866 -0.393237 0.0598607 0.0153008
 -0.00382392 -0.357538 0.250418 -0.0422445
 -0.00424075 -0.301308 0.343569 -0.0791823
 -0.00591795 -0.213404 0.408046 -0.113484
 -0.00954763 -0.0891599 0.413027 -0.132825
 -0.0149109 0.0739954 0.326324 -0.120975
 -0.00512176 -0.338305 -0.171231 0.051817
 -0.00544286 -0.399453 -0.122632 0.0519056
 -0.00540409 -0.444102 -0.0197872 0.037268
 -0.00527257 -0.445733 0.141142 -0.000379521
 -0.00621115 -0.384036 0.326426 -0.0608593
 -0.00787882 -0.312008 0.404737 -0.0952652
 -0.0111404 -0.201335 0.445669 -0.12375
 -0.0166327 -0.0436329 0.416576 -0.133119
 -0.0237309 0.160281 0.283509 -0.105936
 -0.00591331 -0.458915 -0.0496661 0.0448008
 -0.00572812 -0.488603 0.0808566 0.0183618
 -0.00574467 -0.474791 0.253595 -0.0297324
 -0.00722528 -0.382004 0.433441 -0.0972862
 -0.00938201 -0.297812 0.49736 -0.130977
 -0.013164 -0.175623 0.516649 -0.155344
 -0.0189772 -0.00631982 0.460912 -0.157482
 -0.0257071 0.206565 0.30192 -0.121641
 -0.00599416 -0.501226 0.219379 -0.0172853
 -0.00686592 -0.456601 0.384334 -0.0721311
 -0.00988662 -0.333894 0.526411 -0.136667
 -0.013001 -0.228258 0.560617 -0.164428
 -0.017761 -0.0864699 0.543021 -0.178829
 -0.0242067 0.0969725 0.445672 -0.167109
 -0.0305244 0.312146 0.250407 -0.116714
 -0.00929804 -0.383951 0.509854 -0.123576
 -0.0143113 -0.223858 0.590525 -0.176533
 -0.0185252 -0.104469 0.582069 -0.192268
 -0.0241238 0.0534003 0.517009 -0.191278
 -0.0307665 0.248528 0.372292 -0.161807
 -0.035798 0.461277 0.141149 -0.0951058
 -0.02122 -0.0371363 0.582882 -0.204576
 -0.0263423 0.101949 0.521521 -0.203028
 -0.0326771 0.264842 0.400452 -0.180099
 -0.0388606 0.456169 0.207148 -0.128484
 -0.040698 0.648851 -0.046901 -0.0474865
 -0.0318621 0.234532 0.432895 -0.189694
 -0.0378749 0.407592 0.281701 -0.154554
 -0.0428825 0.589161 0.0689313 -0.092033
 -0.0427936 0.756237 -0.186505 -0.00500609
 -0.0427872 0.557506 0.11571 -0.108929
 -0.0459751 0.73082 -0.109962 -0.0377794
 -0.0426862 0.866064 -0.353662 0.0501852
 -0.0461422 0.858795 -0.320048 0.0344503
 -0.0386524 0.95305 -0.532681 0.116017
 -0.0263901 0.970229 -0.672783 0.177139

Fourier series term #2
 -9.58429e-05 -0.00891565 -0.00489576 0.000478807
 -1.05999e-05 -0.000964808 -0.000561311 5.71519e-05
 4.04437e-06 0.000394782 0.00014315 -3.49228e-05
 1.56672e-06 0.00026214 -6.52718e-05 -1.8581e-05
 -5.67989e-07 0.000273086 -0.000359345 1.47869e-05
 -9.10367e-06 -6.86843e-05 -0.00105499 0.000161144
 -3.03386e-05 -0.00198629 -0.00239939 0.000569023
 4.01694e-06 0.00111105 -0.0011861 0.000255111
 9.73734e-06 0.00142395 -0.00121628 0.000278755
 8.88979e-06 -0.000884156 -0.00124721 0.000423743
 1.01746e-05 -0.003883 -0.000165368 0.000243644
 -1.16372e-05 -0.00425158 0.00112302 -0.000190065
 -2.15102e-05 -0.00241774 -0.0025385 0.000123266
 0.000131549 0.00902146 0.0011273 -0.000864233
 0.000176218 0.0145277 -0.00224803 -0.000811158
 7.92119e-06 0.00612096 -0.0199927 0.00224704
 -0.000201925 -0.00838122 -0.0449174 0.00823006
 -0.000161801 -0.0180981 -0.062653 0.0146864
 0.000265348 -0.0287034 -0.0650591 0.0189996
 0.000641746 -0.0383369 -0.0581805 0.0191931
 0.00111117 -0.0496432 -0.0431528 0.0165999
 0.00151122 -0.0603998 -0.0198729 0.010398
 0.00137633 -0.0656637 0.00642641 0.00157169
 0.000154083 0.0150931 -0.010362 -0.000115136
 2.36617e-05 0.0135066 -0.0327743 0.00340295
 -0.000225587 0.00413274 -0.0695563 0.0113417
 -0.000424345 -0.0122812 -0.11406 0.0241644
 -0.000351589 -0.0457993 -0.156074 0.0411833
 0.000573378 -0.0917499 -0.163826 0.0534844
 0.0015067 -0.115717 -0.143005 0.0527164
 0.00264959 -0.140134 -0.102898 0.0447383
 0.00359542 -0.163115 -0.0454107 0.0285425
 0.00325981 -0.173285 0.0175967 0.00650134
 4.12054e-05 0.00585974 -0.0675459 0.00936585
 2.74365e-06 -0.00867921 -0.116442 0.021115
 0.000206394 -0.038481 -0.171686 0.0386444
 0.00105318 -0.0858528 -0.212391 0.0583487
 0.00304393 -0.163026 -0.208149 0.0710738
 0.00462868 -0.206594 -0.173622 0.0680955
 0.00644657 -0.249179 -0.112007 0.0547831
 0.00783106 -0.282677 -0.0258908 0.0294282
 0.00710743 -0.292263 0.0645515 -0.0032518
 -0.000236125 -0.0314216 -0.182967 0.0401495
 0.000212076 -0.0725314 -0.245848 0.0635841
 0.00153515 -0.143654 -0.28633 0.0879527
 0.00445896 -0.23701 -0.262126 0.0985786
 0.00661326 -0.29463 -0.21185 0.0921893
 0.00900383 -0.355961 -0.128254 0.0728707
 0.0107535 -0.408896 -0.0131492 0.0380285
 0.00956331 -0.428186 0.107916 -0.00665832
 0.0011532 -0.138548 -0.309045 0.0917764
 0.00346563 -0.227241 -0.333144 0.115443
 0.00760753 -0.349479 -0.281206 0.120665
 0.010419 -0.418635 -0.209933 0.108079
 0.0133606 -0.490249 -0.102146 0.0804307
 0.01531 -0.555074 0.0395854 0.0354574
 0.0133835 -0.584729 0.187293 -0.0204798
 0.00702563 -0.346643 -0.333657 0.135516
 0.0125616 -0.490274 -0.243389 0.129255
 0.0158202 -0.578835 -0.149798 0.10922
 0.0191626 -0.662379 -0.0175779 0.0720131
 0.0209886 -0.732039 0.147532 0.0163177
 0.0175688 -0.762126 0.31322 -0.049184
 0.0191487 -0.672611 -0.112194 0.109208
 0.0228378 -0.764512 0.00378858 0.0788472
 0.0258738 -0.858177 0.157053 0.0314064
 0.0264778 -0.940893 0.33919 -0.0327722
 0.0208411 -0.961342 0.507347 -0.103453
 0.0262222 -0.86926 0.131483 0.0432756
 0.028722 -0.962299 0.288523 -0.00732481
 0.0286019 -1.04595 0.47394 -0.0747257
 0.0210431 -1.05671 0.632474 -0.144068
 0.0304254 -1.07159 0.454645 -0.0620167
 0.0282491 -1.1316 0.621738 -0.126132
 0.018532 -1.12983 0.761545 -0.190355
 0.0239922 -1.19631 0.781931 -0.188402
 0.0114474 -1.16795 0.885134 -0.241168
 -0.0043891 -1.12833 0.948755 -0.277662

Fourier series term #3
 4.82071e-06 0.000443275 0.000246048 -2.40714e-05
 9.65742e-06 0.000847729 0.000498471 -5.54249e-05
 -1.07959e-05 -0.000894095 -0.000553923 7.49188e-05
 -2.89541e-07 -1.20129e-05 -1.65186e-06 7.78884e-07
 1.36697e-05 0.00109509 0.000719995 -0.00013607
 -2.03172e-05 -0.00163759 -0.000976655 0.000223869
 5.4381e-06 0.000642918 0.000326417 -9.55115e-05
 9.47273e-06 0.00166754 0.000498732 -0.000199499
 -8.13432e-06 -0.00107035 -0.00019557 9.95055e-05
 -1.20786e-05 -0.00311833 -2.53177e-05 0.00014915
 -8.11032e-06 -0.00192732 0.000339326 -2.34206e-05
 5.25956e-06 0.00146615 -0.000563333 0.000123407
 -2.87235e-07 -0.000226396 0.000110985 -7.626e-06
 -8.60124e-05 -0.00672403 -0.00363462 0.000608219
 5.6329e-05 0.00360946 0.00422433 -0.000693918
 0.000137316 0.00957197 0.00917216 -0.00187823
 1.81212e-05 0.00230464 0.00399254 -0.0010649
 -7.56077e-05 -0.00153879 -0.000720971 -0.000114754
 -7.40023e-05 0.00341082 -0.00277221 0.000187943
 -7.4142e-05 0.00387333 -0.00510764 0.000894992
 -4.40578e-05 0.00342338 -0.00723019 0.00170811
 4.03675e-05 0.00283933 -0.00840873 0.00232175
 0.000187547 0.00175853 -0.00812851 0.00248762
 7.48988e-05 0.0037519 0.00650544 -0.00107626
 0.000172515 0.0102633 0.0138577 -0.00275049
 0.000156969 0.0112272 0.016201 -0.00388492
 9.892e-05 0.0154335 0.0154985 -0.00480602
 -0.000144934 0.0123383 0.00254535 -0.00242452
 -0.000359424 0.00859602 -0.0165206 0.00294864
 -0.00033459 0.0105571 -0.0246527 0.00572518
 -0.000183962 0.012447 -0.0313238 0.00843148
 0.000138569 0.0100245 -0.0348067 0.0106001
 0.000648535 0.00293258 -0.0317611 0.0107637
 0.000131916 0.0126265 0.0181409 -0.00399675
 0.000113257 0.0199254 0.0224465 -0.00608711
 -5.44178e-05 0.0222388 0.0160386 -0.00615598
 -0.00024757 0.028677 0.000431017 -0.00370804
 -0.000325937 0.0263307 -0.0282784 0.00425602
 -0.000159585 0.0201468 -0.0426742 0.00957969
 0.000265097 0.0105657 -0.0516969 0.0141109
 0.00100434 0.00389257 -0.0530478 0.0162457
 0.00202986 -0.00499857 -0.0452125 0.0151219
 1.65372e-05 0.0253626 0.0219598 -0.00766766
 -0.000213228 0.035356 0.0116374 -0.00713754
 -0.000495433 0.0451173 -0.0147031 -0.0016856
 -0.000542217 0.0467436 -0.0529891 0.0100231
 -0.000258347 0.0401926 -0.0724387 0.0176831
 0.000414035 0.0257333 -0.0852834 0.0245411
 0.00158154 0.00626527 -0.0854143 0.0277831
 0.00309842 -0.0154177 -0.0694704 0.0250467
 -0.00049939 0.0489499 -0.00803103 -0.00406651
 -0.000738808 0.0616643 -0.0429632 0.00477713
 -0.000498418 0.0592119 -0.0894371 0.0208775
 9.90705e-05 0.0535182 -0.109603 0.0296598
 0.00121227 0.0393924 -0.121741 0.0371035
 0.00296531 0.0142974 -0.118139 0.0400799
 0.00514398 -0.0196414 -0.0927906 0.0351283
 -0.000744222 0.0677098 -0.0866768 0.0182724
 0.000147284 0.0686957 -0.132846 0.0361988
 0.00120214 0.0527434 -0.149498 0.0454355
 0.00284941 0.0393316 -0.157109 0.0520365
 0.00533817 0.011178 -0.145358 0.052733
 0.00803268 -0.0256292 -0.110021 0.0442364
 0.00191664 0.0525598 -0.172115 0.0550801
 0.00356507 0.0467242 -0.18231 0.0620045
 0.00601731 0.0253508 -0.178048 0.0651417
 0.0091584 -0.00991519 -0.152934 0.0612432
 0.0122644 -0.0453417 -0.109006 0.0489163
 0.00557711 0.0258501 -0.184186 0.0671657
 0.00832013 0.00863134 -0.174698 0.067857
 0.011759 -0.0229522 -0.144631 0.061334
 0.0148804 -0.0632103 -0.0920445 0.0453826
 0.0114174 -0.0204033 -0.154132 0.0649023
 0.0146619 -0.0447608 -0.122627 0.0567052
 0.0176037 -0.0775353 -0.0706868 0.0397447
 0.017653 -0.0801411 -0.0777489 0.0433789
 0.0202108 -0.0939564 -0.0354 0.0275315
 0.0215402 -0.114052 0.0118414 0.00950645

Fourier series term #4
 7.02812e-06 0.000654718 0.000358207 -3.50012e-05
 4.91144e-06 0.000437289 0.000251973 -2.79947e-05
 -3.57219e-06 -0.000306635 -0.000187145 2.51315e-05
 8.80646e-06 0.000695772 0.000446005 -7.06803e-05
 -6.16769e-06 -0.000519164 -0.00033411 6.36058e-05
 -2.43973e-06 -0.000288387 -0.000172666 3.89359e-05
 1.55361e-05 0.00128996 0.000652382 -0.000186488
 -5.31445e-06 -0.00132659 -0.000386493 0.000154582
 -2.979e-06 -0.00175567 -0.000288391 0.000157374
 6.71653e-06 -0.000256189 -5.38956e-06 1.20683e-05
 1.31972e-05 0.00176033 -0.000323327 2.09362e-05
 2.47142e-05 0.00194963 -0.000710689 0.000156856
 5.93988e-06 0.000334962 0.000308065 -4.09966e-05
 -3.46322e-05 -0.00277869 -0.00179017 0.000274276
 -5.58571e-05 -0.00405691 -0.00284015 0.000519981
 3.46738e-05 0.0024981 0.00187745 -0.000343024
 5.51925e-05 0.00368537 0.00304437 -0.000685295
 -5.34833e-06 -0.00129466 0.000275991 1.77223e-06
 -1.22925e-05 -0.00153025 0.000734724 -0.000116273
 -1.45646e-05 -0.000997363 0.000921172 -0.000218889
 -1.8548e-05 -3.3676e-06 0.000812653 -0.000265123
 -2.45254e-05 0.00101794 0.000347565 -0.000186731
 -2.2763e-05 0.00132131 -0.000197113 -1.47905e-05
 -7.8666e-05 -0.00562397 -0.00393993 0.000752101
 -5.39684e-06 -0.000791561 -0.000144744 0.00013598
 6.0098e-05 0.00233426 0.00364125 -0.000643254
 0.000135928 0.00674313 0.00889427 -0.00202248
 8.38288e-05 0.00334033 0.00881075 -0.002249
 -4.29102e-05 -0.00342026 0.00590134 -0.00153442
 -9.23526e-05 -0.00358078 0.00557189 -0.00157408
 -0.000142554 -0.00118293 0.00505351 -0.00168402
 -0.000194132 0.001215 0.00312855 -0.00127983
 -0.000197137 0.00264284 0.000437607 -0.000432183
 4.07449e-05 0.00174884 0.00310729 -0.000425377
 9.19442e-05 0.00519258 0.00827105 -0.0015087
 8.61359e-05 0.00471209 0.012332 -0.00262446
 4.1993e-05 0.0078523 0.0172158 -0.00451202
 -0.000159289 0.0034227 0.0156835 -0.00475065
 -0.000280158 -0.000693837 0.012775 -0.00406558
 -0.000385916 -0.000235957 0.00939858 -0.0033264
 -0.000479305 0.00303855 0.00520295 -0.00227353
 -0.000486117 0.00374608 0.00127077 -0.000937259
 0.000123854 0.00337426 0.013242 -0.00268324
 0.000150593 0.00750096 0.022292 -0.00544911
 -2.88521e-06 0.0060549 0.0276004 -0.00773261
 -0.000301945 0.013647 0.0283017 -0.00969901
 -0.000548195 0.0128107 0.0237411 -0.00888823
 -0.000787242 0.0120506 0.0165533 -0.00697671
 -0.000949038 0.00979735 0.00855513 -0.0042972
 -0.000959649 0.00531159 0.00285973 -0.00191393
 4.63344e-05 0.0050978 0.0309121 -0.00832276
 -0.000186988 0.0132464 0.0398846 -0.012612
 -0.000728792 0.0204794 0.0378168 -0.0142037
 -0.00110607 0.0259202 0.0318113 -0.0134335
 -0.0015046 0.0288724 0.0219125 -0.0108718
 -0.00178492 0.028489 0.00941497 -0.00663948
 -0.00174437 0.0225957 -0.000678162 -0.00231725
 -0.000724652 0.0192479 0.0463772 -0.0167239
 -0.00151357 0.0319716 0.0426111 -0.0181385
 -0.00203046 0.0353278 0.0345295 -0.0165201
 -0.0027036 0.0453575 0.0214334 -0.0133599
 -0.00300898 0.0448419 0.00604819 -0.007609
 -0.00310319 0.0460205 -0.00876368 -0.00191863
 -0.00267847 0.0418243 0.0360869 -0.0185653
 -0.00345385 0.0564372 0.0252664 -0.0165902
 -0.00414491 0.0601375 0.0118438 -0.0123056
 -0.00464596 0.0617383 -0.00400948 -0.00639958
 -0.00473089 0.0586804 -0.0182567 2.61229e-05
 -0.00419552 0.0539028 0.017615 -0.014058
 -0.00504135 0.0687208 0.00162528 -0.00967234
 -0.00566847 0.0738044 -0.015268 -0.00344846
 -0.00566638 0.064809 -0.0256368 0.00218058
 -0.00595121 0.0688859 -0.00887529 -0.00575609
 -0.00654234 0.0784325 -0.0266284 0.000612146
 -0.00652272 0.0749795 -0.0390318 0.00672181
 -0.00701559 0.0738039 -0.0342127 0.00438945
 -0.00694187 0.0749247 -0.0466081 0.0101653
 -0.00707137 0.0625207 -0.0439243 0.0107849

Fourier series term #5
 1.375e-06 0.000127666 6.96754e-05 -6.84326e-06
 -2.01739e-06 -0.00017704 -0.000103924 1.15923e-05
 2.84785e-06 0.000234227 0.000146313 -1.9792e-05
 -1.42696e-07 -7.21635e-06 -6.91484e-06 1.29034e-06
 -3.70214e-06 -0.0002962 -0.0001899 3.57453e-05
 5.90403e-06 0.000483759 0.000292155 -6.7254e-05
 -1.88729e-06 -0.000189375 -8.92481e-05 2.67043e-05
 -3.28588e-06 -0.000508487 -0.000165444 6.31241e-05
 2.10426e-06 0.000323245 4.01116e-05 -2.6036e-05
 3.30298e-06 0.000956283 -8.91199e-07 -4.40269e-05
 1.90862e-06 0.000608465 -0.000101989 5.23449e-06
 -2.12754e-06 -0.000429094 0.000170926 -3.8525e-05
 -3.11101e-05 -0.00262646 -0.00153403 0.000200799
 2.01777e-05 0.00140909 0.00101016 -0.000159647
 -3.30525e-05 -0.00249333 -0.00169411 0.000296345
 -1.75044e-05 -0.00118921 -0.000939677 0.000192369
 2.82161e-05 0.00226162 0.00143859 -0.000344048
 -2.36763e-06 -0.000316457 -8.84012e-05 3.72099e-05
 3.53663e-06 0.000193569 -1.53039e-05 -3.07288e-06
 8.86395e-07 -0.000270715 -7.34531e-05 3.89021e-05
 -1.93892e-06 -0.000823417 0.000104806 1.80501e-05
 -4.83396e-06 -0.00058771 0.000332412 -7.02035e-05
 -5.28272e-06 0.000281739 0.000115725 -4.85802e-05
 -2.86997e-05 -0.00213087 -0.00149675 0.000259738
 -4.5762e-05 -0.00289758 -0.00247439 0.000492782
 -6.45632e-05 -0.0044557 -0.00341732 0.000798536
 4.80168e-05 0.00351004 0.00198097 -0.000523602
 7.51373e-05 0.00537543 0.00328116 -0.00100353
 1.2375e-05 -0.00118244 0.000534303 -3.27487e-05
 6.94632e-06 -0.00273389 0.000408961 8.91099e-05
 1.2452e-05 -0.00190267 0.00103513 -0.000168803
 3.80351e-06 -0.00117138 0.00138571 -0.000361999
 -2.09381e-05 -0.000950869 0.0014785 -0.000442872
 -6.26579e-05 -0.0053096 -0.00393159 0.00083803
 -1.12432e-05 -0.000999733 -0.00142276 0.00035654
 3.06999e-05 0.00202303 0.000768343 -0.000166786
 6.55461e-05 0.00602888 0.00384956 -0.0010616
 4.71097e-05 0.00462072 0.00371779 -0.00112362
 2.51677e-05 3.97384e-06 0.00297548 -0.000746353
 3.61624e-06 -0.00337797 0.00334814 -0.000746917
 -3.12638e-05 -0.00427066 0.00403374 -0.00100098
 -8.84281e-05 -0.00292645 0.00373119 -0.00106153
 3.63942e-06 -0.000810545 -0.00121158 0.000379825
 6.82008e-05 0.00311669 0.00209772 -0.000441193
 0.000102374 0.00389923 0.00434522 -0.00109456
 9.78397e-05 0.00645194 0.00799926 -0.00247082
 5.46136e-05 0.00622104 0.00814777 -0.00270351
 -1.39675e-05 0.00339495 0.00777492 -0.00259796
 -9.15895e-05 -0.00136272 0.00768103 -0.00242118
 -0.000167341 -0.00411281 0.00722622 -0.00222072
 9.16553e-05 0.00135608 0.00298965 -0.000545007
 0.000134344 0.00412855 0.00796938 -0.0020996
 9.37463e-05 0.00344681 0.0121164 -0.00364959
 9.79628e-06 0.00686429 0.0135056 -0.0046006
 -9.78727e-05 0.0106267 0.0122769 -0.00476469
 -0.000259861 0.0103103 0.00978908 -0.00411409
 -0.000361887 0.00772085 0.00705403 -0.00306085
 0.000114762 0.000238387 0.0125498 -0.00342582
 3.78131e-05 0.00607066 0.0171718 -0.00574678
 -0.000111856 0.00848624 0.0180943 -0.0066126
 -0.00033957 0.0117009 0.0170174 -0.00692473
 -0.000552217 0.0167858 0.0117914 -0.00566855
 -0.000704007 0.0237063 0.00311629 -0.00313739
 -0.000184041 0.00696726 0.0216191 -0.00803611
 -0.000403778 0.0156978 0.0203999 -0.00873791
 -0.000681279 0.0219405 0.0158653 -0.00800668
 -0.000934872 0.0250753 0.00940537 -0.00610284
 -0.00101564 0.0300042 -0.00014177 -0.0028881
 -0.000565503 0.0134343 0.0197385 -0.00866904
 -0.000904999 0.0281012 0.0118726 -0.00741992
 -0.00119175 0.0349525 0.00291604 -0.0048043
 -0.00114139 0.0364542 -0.00630781 -0.00124715
 -0.00117926 0.0251688 0.00923205 -0.00635537
 -0.00138528 0.0424176 -0.00559589 -0.00238107
 -0.00122582 0.0474424 -0.0171213 0.00186303
 -0.00105646 0.0421778 -0.0116286 -1.80722e-05
 -0.000744502 0.0522635 -0.0271531 0.0055693
 -0.000559261 0.044114 -0.0275102 0.00678187


