**************************************************************
***  MERIS LUT-169: Fourier series terms (s0,..,s5)[TERM]] ***
***                 of polynomial coefficients (k0,..,k3)  ***
***                 for each of 81 aerosol models [IAER],  ***
***                 & for each of 78 geometries [SVZA]     ***
***  - - - - - - - - - - - - - - - - - - - - - - - - - - - ***
***  => useful for multiplicative aer.scat.fct. retrieval  ***
**************************************************************

12 Gaussian angles (deg): SZA/VZA
------------------------         

 2.84 17.64 28.77 36.19 43.61 51.03 58.46 65.88 69.59 73.30 77.01 80.72

Coefficients: [SVZA x (k0,k1,k2,k3)]
------------                        

 Aerosol model #72
 - - - - - - -  

Fourier series term #0
 1.01827 1.26373 0.453941 -0.0862352
 1.02339 1.59053 0.574767 -0.117334
 1.02717 1.80746 0.644456 -0.147992
 1.03041 1.99351 0.684795 -0.17514
 1.03405 2.21208 0.699951 -0.205064
 1.03754 2.4556 0.658562 -0.230969
 1.03982 2.71248 0.512131 -0.238074
 1.03909 2.96171 0.186895 -0.195235
 1.03725 3.07247 -0.074089 -0.137707
 1.03526 3.15963 -0.414974 -0.0433126
 1.03643 3.19001 -0.82228 0.0929464
 1.05005 3.07215 -1.1994 0.247529
 1.02507 1.67223 0.599458 -0.13225
 1.02937 1.90367 0.657687 -0.162404
 1.03291 2.09072 0.681276 -0.187087
 1.03673 2.29905 0.672017 -0.211931
 1.04037 2.52728 0.604665 -0.230849
 1.04268 2.76113 0.437287 -0.229968
 1.04196 2.98221 0.106527 -0.181005
 1.04017 3.08022 -0.148372 -0.12256
 1.03827 3.15808 -0.477073 -0.0294049
 1.03943 3.1851 -0.868447 0.10357
 1.05263 3.07363 -1.23272 0.254659
 1.0346 2.04331 0.686643 -0.196589
 1.038 2.22074 0.675707 -0.214824
 1.04153 2.42367 0.627984 -0.230857
 1.04425 2.6284 0.516576 -0.236544
 1.04514 2.83322 0.311632 -0.220484
 1.0427 3.02989 -0.0394937 -0.157936
 1.04006 3.12011 -0.295603 -0.0947793
 1.0374 3.19453 -0.618782 0.000704434
 1.03796 3.22356 -0.998536 0.133044
 1.05066 3.12126 -1.34886 0.281176
 1.03953 2.36553 0.583742 -0.20109
 1.0425 2.54362 0.50002 -0.206098
 1.0447 2.73287 0.360619 -0.20129
 1.04487 2.91364 0.134686 -0.17418
 1.04182 3.0899 -0.224906 -0.102101
 1.03905 3.17383 -0.479699 -0.0354286
 1.03646 3.24463 -0.7975 0.0622343
 1.03736 3.27265 -1.1676 0.194856
 1.05072 3.17202 -1.50474 0.341033
 1.04231 2.66844 0.376797 -0.1984
 1.04345 2.82547 0.212755 -0.183245
 1.0428 2.99173 -0.0262871 -0.147631
 1.03918 3.15264 -0.390011 -0.0677111
 1.03639 3.23109 -0.642168 0.001819
 1.03407 3.29853 -0.953177 0.100877
 1.03559 3.32497 -1.31152 0.232678
 1.04986 3.22485 -1.63282 0.375576
 1.04348 2.92411 0.0263161 -0.155581
 1.04206 3.06558 -0.224538 -0.109872
 1.03813 3.22514 -0.593046 -0.0213342
 1.03543 3.30191 -0.844401 0.0521036
 1.03355 3.36683 -1.1503 0.153759
 1.03601 3.38998 -1.49692 0.285481
 1.05171 3.28604 -1.79893 0.424572
 1.03982 3.1591 -0.486638 -0.0508951
 1.03583 3.30639 -0.861047 0.0489765
 1.0336 3.38699 -1.11281 0.127142
 1.03271 3.45303 -1.41379 0.231927
 1.03693 3.47052 -1.74504 0.363017
 1.05521 3.35428 -2.01768 0.495434
 1.03258 3.40977 -1.23393 0.162177
 1.03153 3.47684 -1.47964 0.245121
 1.03273 3.53557 -1.76778 0.351595
 1.04025 3.54238 -2.07207 0.478497
 1.06301 3.4039 -2.29554 0.597252
 1.03157 3.52513 -1.71442 0.328801
 1.03456 3.56547 -1.98457 0.433114
 1.04466 3.55484 -2.26159 0.553474
 1.07068 3.39645 -2.44483 0.659439
 1.04 3.57615 -2.22428 0.531252
 1.05351 3.5324 -2.45604 0.638869
 1.08352 3.34065 -2.57966 0.724639
 1.07137 3.43928 -2.61864 0.724495
 1.10575 3.19721 -2.65693 0.779766
 1.1437 2.89448 -2.5858 0.793303

Fourier series term #1
 -0.000312174 -0.0209865 -0.00772395 0.00144831
 -0.000367721 -0.0203666 -0.00803687 0.00153
 -0.000460372 -0.0218854 -0.00746832 0.00158617
 -0.000571467 -0.0250681 -0.0063968 0.00157528
 -0.000672285 -0.0265042 -0.00295909 0.00105012
 -0.000758361 -0.0258391 0.00311058 -0.000232153
 -0.000813282 -0.0214774 0.0115428 -0.00253008
 -0.000846934 -0.0115769 0.0200659 -0.00565874
 -0.000883999 -0.00406499 0.0226626 -0.00712843
 -0.000967258 0.00527804 0.0225438 -0.0079696
 -0.00109981 0.0162496 0.018303 -0.00753312
 -0.0011932 0.0277296 0.00914986 -0.00516746
 -0.00234092 -0.126172 -0.0463371 0.0096721
 -0.00302142 -0.139091 -0.0409678 0.00961882
 -0.00361085 -0.149894 -0.0289182 0.00813805
 -0.00423877 -0.15759 -0.00609388 0.00414578
 -0.00470635 -0.149398 0.0311263 -0.00439854
 -0.00491109 -0.117567 0.0788698 -0.0183523
 -0.00499925 -0.0548059 0.122125 -0.0356528
 -0.00515383 -0.0102211 0.132808 -0.0430961
 -0.00555731 0.0436184 0.128079 -0.0467829
 -0.00623338 0.105723 0.100277 -0.0430278
 -0.00666402 0.170353 0.0454923 -0.0284231
 -0.00536031 -0.220815 -0.0499935 0.0150826
 -0.00628036 -0.235975 -0.0244504 0.0106682
 -0.00698381 -0.231266 0.0197016 0.000859404
 -0.00747821 -0.207632 0.0772275 -0.0144206
 -0.00762023 -0.148965 0.140673 -0.0355753
 -0.00772134 -0.0475474 0.187409 -0.0582674
 -0.00804524 0.0203461 0.191935 -0.0664255
 -0.00876246 0.0999678 0.173488 -0.068334
 -0.0098443 0.189846 0.12277 -0.0592466
 -0.010391 0.281395 0.0366727 -0.0352871
 -0.00765551 -0.275219 0.00710563 0.00363079
 -0.0085145 -0.265011 0.0590185 -0.00875689
 -0.00894367 -0.218648 0.122535 -0.0271784
 -0.00911763 -0.139176 0.181999 -0.0491013
 -0.00939225 -0.0159653 0.214019 -0.0693577
 -0.00987183 0.0637287 0.206669 -0.0746115
 -0.0107716 0.155563 0.172981 -0.0721112
 -0.0119657 0.257511 0.103788 -0.0568915
 -0.0122664 0.359021 -0.00203249 -0.0255184
 -0.00965055 -0.264893 0.109501 -0.0218857
 -0.0102126 -0.205634 0.169387 -0.0417176
 -0.01051 -0.102214 0.218199 -0.0637631
 -0.0111481 0.037764 0.229345 -0.0802905
 -0.0118618 0.124671 0.208307 -0.0820877
 -0.0129627 0.22364 0.159076 -0.0749852
 -0.0141983 0.332043 0.0733014 -0.0541267
 -0.0141118 0.437069 -0.0474305 -0.0169023
 -0.0110949 -0.155008 0.213478 -0.059047
 -0.0116343 -0.0431482 0.241288 -0.0774148
 -0.0125853 0.113582 0.224394 -0.0874742
 -0.0134863 0.205283 0.186868 -0.0843132
 -0.0146999 0.306932 0.120549 -0.0712612
 -0.0158004 0.415961 0.0187409 -0.0440018
 -0.0150374 0.51758 -0.113297 -0.00129318
 -0.0127651 0.051737 0.239173 -0.0870152
 -0.0142107 0.207766 0.188802 -0.086741
 -0.0152718 0.304087 0.132588 -0.0772329
 -0.0164822 0.407512 0.0480114 -0.0570801
 -0.0172014 0.512604 -0.068266 -0.0229892
 -0.0153614 0.602977 -0.205925 0.0241797
 -0.0162264 0.334431 0.104783 -0.0720287
 -0.017344 0.420523 0.0318849 -0.0546995
 -0.0182655 0.518264 -0.0685124 -0.0267668
 -0.0181026 0.615659 -0.195428 0.0138296
 -0.0144893 0.688433 -0.330503 0.0633539
 -0.0183449 0.493395 -0.0460941 -0.0335098
 -0.0188793 0.578481 -0.14916 -0.00239737
 -0.0179454 0.66441 -0.275279 0.0400438
 -0.0130475 0.723597 -0.402505 0.0886613
 -0.0187552 0.643876 -0.248931 0.0304588
 -0.0166984 0.708843 -0.365608 0.0723118
 -0.0101811 0.746416 -0.475789 0.117
 -0.0130465 0.74323 -0.461117 0.109645
 -0.00461952 0.74818 -0.540703 0.145662
 0.00570091 0.711864 -0.575125 0.167135

Fourier series term #2
 -1.68901e-05 -0.00117503 -0.00042166 8.04093e-05
 -2.31452e-05 -0.00164374 -0.000639921 0.0001309
 7.16376e-07 -0.00013949 -0.000183301 3.99294e-05
 -1.09909e-07 -0.000324673 -0.000347042 8.12225e-05
 2.50681e-06 -0.000324591 -0.00046852 0.00011718
 3.38872e-06 -0.000487132 -0.000628724 0.000174023
 2.27329e-06 -0.000845239 -0.000735652 0.000236492
 4.32026e-06 -0.00107494 -0.000600323 0.000236647
 5.19549e-06 -0.00122339 -0.000422472 0.000202924
 4.74233e-06 -0.00141774 -0.000150341 0.000135289
 1.63164e-06 -0.00153252 0.000195814 2.65612e-05
 -9.27811e-06 -0.00141224 0.000481828 -8.95371e-05
 -0.000441835 -0.0330906 -0.0136737 0.00301723
 -0.000101339 -0.0144919 -0.010571 0.0024648
 2.74325e-05 -0.0106297 -0.0128316 0.00311159
 5.84732e-05 -0.0147979 -0.0183012 0.00479416
 6.82886e-05 -0.0216807 -0.0234345 0.00680939
 5.55373e-05 -0.0317873 -0.0253562 0.00851442
 6.08268e-05 -0.0437223 -0.0198104 0.00845323
 8.72146e-05 -0.0490342 -0.0129877 0.00707825
 0.000108852 -0.052789 -0.00340182 0.00447735
 4.29951e-05 -0.0536942 0.00782811 0.000733958
 -0.000310331 -0.0494682 0.0172909 -0.00317836
 -0.000362179 -0.0421658 -0.0304405 0.00787764
 -0.000171976 -0.0413209 -0.0385659 0.0104017
 -1.1507e-05 -0.045023 -0.0476615 0.0136964
 -2.96954e-05 -0.0638396 -0.0565464 0.0180767
 -6.16867e-05 -0.0893825 -0.0560965 0.021002
 4.42667e-05 -0.11523 -0.0382145 0.0191906
 0.000167947 -0.126017 -0.0209862 0.015284
 0.000275738 -0.133445 0.00157224 0.00882085
 0.000164759 -0.1349 0.0270622 2.77654e-05
 -0.000640012 -0.125318 0.0482521 -0.00901154
 -0.000273125 -0.0704871 -0.0569753 0.0160058
 -0.000183893 -0.0869699 -0.0693967 0.0210186
 -0.000128319 -0.109895 -0.0748685 0.0253219
 -0.000125972 -0.145396 -0.0675764 0.027446
 8.37631e-05 -0.180377 -0.0376508 0.0230147
 0.000286793 -0.194153 -0.0123765 0.0168292
 0.000450627 -0.203333 0.019336 0.00736346
 0.000278216 -0.204635 0.0543396 -0.00504106
 -0.000915285 -0.191004 0.0828964 -0.0175364
 -0.000253576 -0.137112 -0.0869239 0.0292347
 -0.000205019 -0.174584 -0.0881151 0.0338075
 -2.72039e-05 -0.212719 -0.0702757 0.0337607
 0.000350513 -0.253778 -0.027259 0.0259725
 0.000627498 -0.270419 0.00581992 0.0173636
 0.000820102 -0.28144 0.0461303 0.00484119
 0.000539105 -0.282752 0.0898701 -0.0111482
 -0.00110567 -0.265468 0.125093 -0.0270723
 -0.000363722 -0.244086 -0.0847368 0.0392065
 -9.74327e-05 -0.293205 -0.055976 0.036817
 0.000504788 -0.333032 0.000376809 0.0245297
 0.000854159 -0.351118 0.0405172 0.0133065
 0.00105141 -0.364091 0.0882922 -0.00220178
 0.000616323 -0.366165 0.139335 -0.0214877
 -0.00154371 -0.346149 0.179632 -0.0403863
 0.000122127 -0.37228 -0.0163331 0.0326028
 0.000835627 -0.421596 0.0525121 0.0159712
 0.00121483 -0.437863 0.0981808 0.00201332
 0.00132821 -0.449509 0.150986 -0.0162368
 0.000597767 -0.4511 0.206431 -0.0381341
 -0.00224832 -0.428512 0.248694 -0.0589733
 0.00139174 -0.502921 0.13597 -0.00490861
 0.00160665 -0.527613 0.187581 -0.0213449
 0.00140692 -0.539292 0.24314 -0.0417452
 9.0723e-05 -0.535751 0.297391 -0.0647799
 -0.00375411 -0.505585 0.334146 -0.0851426
 0.00162003 -0.562051 0.243126 -0.0389912
 0.0010862 -0.579507 0.300623 -0.0602095
 -0.000719214 -0.575376 0.352835 -0.0830645
 -0.00526204 -0.53948 0.382841 -0.101701
 8.59958e-05 -0.605604 0.360441 -0.082094
 -0.00241999 -0.604717 0.410555 -0.104251
 -0.00784291 -0.564797 0.432138 -0.120128
 -0.00586628 -0.609201 0.457683 -0.124903
 -0.0123242 -0.568879 0.470416 -0.137162
 -0.0198915 -0.530116 0.473021 -0.144634

Fourier series term #3
 -7.61072e-07 -5.38787e-05 -1.90852e-05 3.6214e-06
 -3.05162e-06 -0.000210029 -7.55046e-05 1.55321e-05
 -6.92398e-07 -4.50049e-05 -1.48288e-05 3.42999e-06
 8.76247e-08 7.10699e-06 4.52257e-06 -1.11434e-06
 6.61847e-07 4.57875e-05 1.6298e-05 -4.67762e-06
 -1.03846e-06 -6.58456e-05 -1.78862e-05 6.21675e-06
 5.48878e-07 3.39863e-05 1.34676e-06 -1.65362e-06
 1.14031e-06 6.8788e-05 -7.76768e-06 -9.28125e-07
 -2.47946e-08 -3.33048e-05 -1.47793e-05 6.4177e-06
 -5.51446e-07 -0.000101084 -4.69464e-06 7.37956e-06
 5.54151e-08 -7.01427e-05 -5.74792e-08 4.2834e-06
 1.61158e-06 2.71451e-05 -2.65006e-05 7.9304e-06
 -0.000292809 -0.0201677 -0.00713153 0.00158951
 -9.65189e-05 -0.00634386 -0.00198892 0.000503333
 -1.40319e-05 -0.000565757 0.000151902 -2.57104e-05
 -3.26868e-06 0.000106358 0.000268193 -7.14296e-05
 1.55895e-05 0.000902598 -8.60158e-05 -1.38965e-05
 4.71373e-05 0.00177188 -0.00113484 0.000238841
 8.28948e-05 0.0014724 -0.00282919 0.000791349
 0.000103959 0.000614168 -0.00354323 0.00110751
 0.000132191 -0.000701888 -0.00378524 0.00132501
 0.000167943 -0.00232309 -0.00325346 0.00130207
 0.000193201 -0.0039344 -0.00186553 0.00093721
 -0.000341704 -0.0216569 -0.00687969 0.00199575
 -0.000188545 -0.0117721 -0.00323165 0.00104247
 4.74057e-07 -0.000171578 -0.000373209 6.73515e-05
 0.000101436 0.00391207 -0.00200815 0.000359828
 0.000200658 0.00493909 -0.0064094 0.00161713
 0.000326325 0.002428 -0.0115936 0.00354866
 0.000413353 -0.000742263 -0.0132244 0.00445839
 0.000530151 -0.00522342 -0.0131293 0.00494223
 0.000672253 -0.0106698 -0.0104722 0.00458399
 0.000770286 -0.0160323 -0.00516122 0.00311543
 -0.000271719 -0.0191333 -0.00570879 0.00187349
 -5.89057e-05 -0.00746785 -0.00468455 0.00141213
 0.000202283 0.0045706 -0.00678309 0.00165294
 0.000391894 0.005761 -0.0137055 0.0037602
 0.000619266 -0.000458708 -0.0205462 0.00662357
 0.000782694 -0.00618022 -0.0218122 0.00770533
 0.000996929 -0.0136188 -0.0201386 0.00796766
 0.00124682 -0.0221429 -0.0145151 0.00683992
 0.00140427 -0.0302767 -0.00507503 0.00402468
 -1.79803e-05 -0.0139279 -0.0109432 0.00344545
 0.000294876 -0.00458786 -0.0163448 0.00486999
 0.000672608 0.00109431 -0.0242626 0.00740734
 0.0010735 -0.00858463 -0.0309475 0.010858
 0.00134991 -0.0172847 -0.0307981 0.011882
 0.00169827 -0.0277972 -0.0264868 0.0116243
 0.00207953 -0.0393274 -0.0169203 0.00939054
 0.00229317 -0.0498046 -0.00270245 0.00493773
 0.000484434 -0.0174342 -0.0276139 0.00927624
 0.000975197 -0.0182032 -0.0360622 0.0127873
 0.00165154 -0.0252463 -0.0396793 0.0156125
 0.00207391 -0.0352964 -0.0368262 0.0160223
 0.00257395 -0.0483159 -0.0286809 0.0147287
 0.00308348 -0.0624225 -0.0142416 0.010924
 0.00331433 -0.074499 0.00509475 0.00453373
 0.00148861 -0.0449543 -0.0428498 0.0178125
 0.00243536 -0.058956 -0.0404178 0.0195381
 0.00304647 -0.0663837 -0.0339459 0.0185996
 0.00371417 -0.0775427 -0.0217275 0.0156825
 0.00432192 -0.0914826 -0.00258708 0.00997086
 0.00448716 -0.103331 0.0210967 0.00162483
 0.00360155 -0.100143 -0.0257491 0.0192146
 0.00434947 -0.113651 -0.0127394 0.0163111
 0.00512096 -0.123078 0.00423036 0.0112238
 0.00571404 -0.130963 0.0257753 0.00365734
 0.00564174 -0.135947 0.0495148 -0.00579288
 0.0051331 -0.135374 0.00559414 0.0119999
 0.0058558 -0.149187 0.0267293 0.00550511
 0.00634616 -0.155666 0.0495289 -0.00296671
 0.00602479 -0.154986 0.0709582 -0.012322
 0.00649453 -0.17008 0.0532501 -0.00268803
 0.00671683 -0.17905 0.0784615 -0.012157
 0.00601845 -0.174095 0.0971196 -0.0210862
 0.00652483 -0.192596 0.10652 -0.0225734
 0.00527338 -0.186713 0.12303 -0.0309076
 0.00330641 -0.181787 0.137049 -0.0381264

Fourier series term #4
 2.18507e-07 1.53028e-05 5.45388e-06 -1.02185e-06
 -7.05974e-08 -5.10263e-06 -1.79628e-06 3.95921e-07
 -2.469e-07 -1.74835e-05 -6.01448e-06 1.33314e-06
 5.64638e-07 3.63195e-05 1.25992e-05 -3.21445e-06
 -4.1732e-07 -2.67935e-05 -8.48907e-06 2.51782e-06
 -1.72955e-07 -1.35134e-05 -3.4728e-06 1.20188e-06
 7.83573e-07 5.1856e-05 1.01733e-05 -4.64169e-06
 -5.65046e-07 -4.70215e-05 -2.25396e-06 2.86624e-06
 -6.34906e-07 -5.96462e-05 1.6521e-06 2.59342e-06
 5.1036e-08 -7.6953e-06 9.01696e-07 1.39434e-07
 7.67225e-07 5.45626e-05 -1.39995e-05 1.55902e-06
 1.08677e-06 5.80736e-05 -2.22801e-05 4.5339e-06
 -0.000160957 -0.0111843 -0.00397397 0.000886057
 -6.63678e-05 -0.00453487 -0.0015823 0.000393943
 -5.7758e-06 -0.000330183 -6.59646e-05 2.06779e-05
 -4.94107e-06 -0.0001813 7.11109e-05 -1.27663e-05
 -8.70644e-06 -0.00025879 0.00017555 -3.7982e-05
 -9.21873e-06 -1.20399e-05 0.000361697 -0.000102872
 -8.9666e-06 0.00035264 0.000398698 -0.000143526
 -8.30104e-06 0.000543923 0.000294016 -0.0001285
 -6.69462e-06 0.000696307 0.000100882 -7.92107e-05
 -3.00615e-06 0.000730743 -0.000130491 -2.19535e-06
 5.814e-06 0.000592804 -0.000289707 6.82312e-05
 -0.000266697 -0.0172577 -0.00593558 0.00170339
 -0.000166673 -0.0105402 -0.00314133 0.00101163
 -5.41668e-05 -0.0024999 0.000126102 4.0957e-05
 -4.38087e-05 -0.000725981 0.00136448 -0.000351534
 -4.92442e-05 0.000389023 0.00205358 -0.000636171
 -4.65663e-05 0.00238633 0.00187641 -0.000756607
 -4.49671e-05 0.00330373 0.00121297 -0.000633234
 -4.02418e-05 0.0038836 0.00020041 -0.0003519
 -2.28438e-05 0.00390627 -0.000915405 4.05188e-05
 2.26364e-05 0.00315636 -0.00163996 0.000384031
 -0.000289545 -0.0189822 -0.00458626 0.00161159
 -0.000204544 -0.0116407 -0.00104369 0.00062635
 -0.000106733 -0.00207181 0.00268363 -0.000680622
 -9.49123e-05 0.00206148 0.00389599 -0.00128716
 -9.79219e-05 0.00538897 0.0029399 -0.00129851
 -9.71255e-05 0.00684894 0.0015287 -0.000985277
 -8.70177e-05 0.00784843 -0.000399784 -0.000426881
 -5.23879e-05 0.00783488 -0.00238435 0.000287173
 3.43586e-05 0.00631569 -0.00352762 0.000865628
 -0.000329872 -0.0194621 -0.000825048 0.000922557
 -0.000257392 -0.00938974 0.00326217 -0.000572432
 -0.000177767 0.00363994 0.00548246 -0.00195527
 -0.000175988 0.0100341 0.00339373 -0.0018497
 -0.000179336 0.01177 0.00109325 -0.00127186
 -0.00016557 0.0127138 -0.00174465 -0.000385536
 -0.000109355 0.0123813 -0.00450705 0.000665499
 2.91285e-05 0.0101241 -0.00601582 0.00148719
 -0.000382152 -0.0146832 0.00429083 -0.000630994
 -0.000321292 -0.00122599 0.00562445 -0.00186205
 -0.000272417 0.0136571 0.00245511 -0.00195379
 -0.000272243 0.0169239 -0.00070754 -0.00117375
 -0.000255236 0.0178792 -0.00422896 -9.44368e-06
 -0.000179801 0.0169657 -0.0073854 0.00128746
 4.88885e-06 0.0138305 -0.00887832 0.0022384
 -0.000438705 -0.00562629 0.00500718 -0.00148879
 -0.000417335 0.00787512 0.00115432 -0.00123988
 -0.000396204 0.0157542 -0.00282461 -0.000480463
 -0.00036063 0.0201911 -0.00722155 0.000777581
 -0.000264365 0.0203549 -0.0106869 0.0021653
 -4.68489e-05 0.0167758 -0.0117796 0.00306449
 -0.000514091 -6.04513e-05 0.000453404 -0.000378521
 -0.00050656 0.003321 -0.00178232 0.000169607
 -0.000467952 0.00999844 -0.00597333 0.00119634
 -0.000362811 0.0153287 -0.0105035 0.00254411
 -0.000133736 0.0157043 -0.0126394 0.00350011
 -0.000522546 -0.000793136 -0.00108508 0.000315738
 -0.000507291 0.00142698 -0.00278824 0.000809435
 -0.000424408 0.00689933 -0.00658569 0.00183991
 -0.000221356 0.0104401 -0.00977196 0.00287923
 -0.000525238 -0.00409553 -4.10789e-05 0.000306677
 -0.000512563 -0.00290614 -0.000713999 0.000509202
 -0.000388646 0.00144626 -0.00348226 0.00123269
 -0.000607152 -0.00921403 0.00430642 -0.000880043
 -0.000686102 -0.00818783 0.00442852 -0.00104033
 -0.00104141 -0.0134674 0.0101359 -0.00293513

Fourier series term #5
 7.22405e-08 4.67089e-06 1.72107e-06 -3.32438e-07
 -1.71182e-07 -1.24627e-05 -4.38059e-06 8.71769e-07
 1.89921e-07 1.23955e-05 4.43558e-06 -1.0128e-06
 -6.59651e-09 -9.86771e-07 -1.22876e-07 1.5973e-09
 -2.31796e-07 -1.50442e-05 -4.88306e-06 1.42481e-06
 3.33388e-07 2.09753e-05 5.75414e-06 -2.02776e-06
 -1.16832e-07 -7.03418e-06 -1.21365e-06 6.02857e-07
 -2.26667e-07 -1.87967e-05 -1.39158e-06 1.29344e-06
 1.38258e-07 1.0884e-05 -7.36597e-07 -3.1596e-07
 3.54782e-07 3.06936e-05 -3.99478e-06 -4.36809e-07
 2.17062e-07 1.88436e-05 -4.52126e-06 4.34289e-07
 -2.37322e-07 -1.24227e-05 4.99168e-06 -1.03586e-06
 -7.531e-05 -0.00526487 -0.00185972 0.000415511
 -4.3224e-05 -0.00298013 -0.00104704 0.000260485
 -3.86395e-06 -0.000261277 -9.50446e-05 2.57468e-05
 1.05525e-06 5.7577e-05 9.48175e-06 -3.41936e-06
 -6.65696e-07 -6.59598e-05 -2.62927e-05 9.01033e-06
 -1.14966e-06 -8.79229e-05 -1.02598e-05 6.61435e-06
 -1.37936e-06 -5.89823e-05 3.26296e-05 -6.79435e-06
 -2.01275e-06 -5.19205e-05 5.64015e-05 -1.51256e-05
 -2.83011e-06 -2.76916e-05 7.3659e-05 -2.31772e-05
 -3.39338e-06 3.20485e-05 6.45402e-05 -2.48793e-05
 -3.18411e-06 9.72862e-05 2.32799e-05 -1.46814e-05
 -0.000195794 -0.0128266 -0.0045216 0.00129118
 -0.000119933 -0.0079875 -0.00272615 0.000849982
 -2.12549e-05 -0.00151594 -0.000530518 0.00018159
 -3.85424e-06 -0.000358345 -0.000106816 4.44675e-05
 -1.07881e-05 -0.000697505 2.88387e-05 2.6286e-05
 -1.65646e-05 -0.00060007 0.000392257 -8.94563e-05
 -1.96281e-05 -0.000328559 0.000548231 -0.000161545
 -2.40533e-05 4.39461e-05 0.000585695 -0.000206998
 -2.92524e-05 0.000448513 0.000448138 -0.000194974
 -3.0123e-05 0.000791655 0.000150174 -0.000113391
 -0.000210895 -0.0150225 -0.00451576 0.00149548
 -0.000126177 -0.00937297 -0.00255881 0.000958276
 -3.30891e-05 -0.00251463 -0.00042694 0.00021825
 -2.85735e-05 -0.00150332 0.000383246 -3.82711e-05
 -4.36276e-05 -0.00118849 0.00111384 -0.000287111
 -5.30079e-05 -0.000613554 0.00136016 -0.000415988
 -6.45727e-05 0.000280126 0.0013251 -0.000481052
 -7.67987e-05 0.00126004 0.000892904 -0.000411658
 -7.7107e-05 0.00206786 0.00012997 -0.000190935
 -0.000212312 -0.017502 -0.0038969 0.00171346
 -0.000141774 -0.0117116 -0.00146333 0.000945424
 -7.53792e-05 -0.00397533 0.00108182 -0.000117231
 -9.28544e-05 -0.00145805 0.00235718 -0.000689402
 -0.000113098 -0.000364446 0.0025667 -0.00086273
 -0.000137926 0.00105885 0.00229433 -0.000904256
 -0.000161769 0.00267914 0.00138125 -0.000722243
 -0.000160435 0.00413133 -8.07253e-05 -0.000287834
 -0.000245258 -0.0207208 -0.000966072 0.00136818
 -0.000195485 -0.0133879 0.00229101 6.32865e-05
 -0.000175963 -0.00261933 0.00398823 -0.00119979
 -0.000202961 0.000529284 0.00385537 -0.00143139
 -0.000241916 0.00295661 0.00302011 -0.00137305
 -0.000277824 0.00517973 0.00139662 -0.000986955
 -0.000272043 0.00706406 -0.000849563 -0.000279601
 -0.000311407 -0.0217289 0.00512141 -0.00024826
 -0.000320583 -0.0107065 0.00676137 -0.00161017
 -0.000343125 -0.00244817 0.00566437 -0.00192949
 -0.000387988 0.00416528 0.00340937 -0.001718
 -0.000427554 0.00854867 0.000412653 -0.000999486
 -0.000400689 0.0111059 -0.0028348 6.21031e-05
 -0.000469149 -0.0175607 0.0104397 -0.00241822
 -0.000515859 -0.0125247 0.0099148 -0.0027153
 -0.000573109 -0.00281532 0.0063336 -0.00230343
 -0.000609867 0.00716407 0.000536933 -0.00101906
 -0.000521955 0.0137812 -0.00522296 0.00067357
 -0.000602996 -0.0138026 0.011126 -0.00309954
 -0.000670617 -0.00790871 0.00885256 -0.00284088
 -0.000712935 0.00235761 0.00273978 -0.00145848
 -0.000598832 0.0118645 -0.00480201 0.00066339
 -0.000769969 -0.00904407 0.00958998 -0.00306042
 -0.000813878 -0.0027863 0.00554683 -0.00209849
 -0.000701981 0.00709452 -0.00235843 0.000135843
 -0.000898942 -0.00384686 0.00590347 -0.00215813
 -0.000814828 0.0020692 0.000654422 -0.000583916
 -0.000816395 0.00078471 0.00110632 -0.000646569


