  2.840  2.840  1.00462  1.59109 -1.85982  2.21969
  2.840 17.638  1.00461  1.60401 -1.84423  2.21039
  2.840 28.768  1.00460  1.62674 -1.81652  2.19364
  2.840 36.189  1.00459  1.64860 -1.78961  2.17689
  2.840 43.611  1.00457  1.67597 -1.75553  2.15435
  2.840 51.033  1.00455  1.70853 -1.71456  2.12384
  2.840 58.455  1.00453  1.74512 -1.66811  2.08041
  2.840 65.877  1.00451  1.78308 -1.62023  2.01276
  2.840 69.588  1.00450  1.80137 -1.59814  1.96183
  2.840 73.299  1.00449  1.81844 -1.57997  1.89057
  2.840 77.011  1.00446  1.83391 -1.57092  1.78606
  2.840 80.722  1.00439  1.84857 -1.58925  1.63101
 17.638 17.638  1.00419  1.63585 -1.96032  2.48164
 17.638 28.768  1.00414  1.66713 -1.96537  2.52026
 17.638 36.189  1.00409  1.69645 -1.96714  2.55009
 17.638 43.611  1.00405  1.73216 -1.96537  2.57722
 17.638 51.033  1.00402  1.77323 -1.95802  2.59389
 17.638 58.455  1.00401  1.81771 -1.94400  2.58965
 17.638 65.877  1.00401  1.86221 -1.92553  2.55025
 17.638 69.588  1.00401  1.88320 -1.91734  2.51060
 17.638 73.299  1.00400  1.90270 -1.91348  2.45110
 17.638 77.011  1.00397  1.92059 -1.92116  2.36304
 17.638 80.722  1.00386  1.93829 -1.96375  2.23859
 28.768 28.768  1.00412  1.70836 -1.99338  2.58026
 28.768 36.189  1.00412  1.74606 -2.01542  2.62694
 28.768 43.611  1.00413  1.79079 -2.03716  2.67108
 28.768 51.033  1.00417  1.84072 -2.05590  2.70359
 28.768 58.455  1.00422  1.89304 -2.06996  2.71344
 28.768 65.877  1.00428  1.94373 -2.08078  2.68648
 28.768 69.588  1.00431  1.96712 -2.08742  2.65249
 28.768 73.299  1.00432  1.98862 -2.09856  2.59843
 28.768 77.011  1.00430  2.00826 -2.12204  2.51611
 28.768 80.722  1.00419  2.02781 -2.18423  2.40112
 36.189 36.189  1.00389  1.79980 -2.13131  2.85477
 36.189 43.611  1.00395  1.85125 -2.17261  2.91158
 36.189 51.033  1.00404  1.90688 -2.20968  2.94982
 36.189 58.455  1.00416  1.96330 -2.24036  2.95839
 36.189 65.877  1.00429  2.01632 -2.26649  2.92545
 36.189 69.588  1.00434  2.04035 -2.28082  2.88805
 36.189 73.299  1.00437  2.06230 -2.30030  2.83138
 36.189 77.011  1.00435  2.08243 -2.33407  2.74892
 36.189 80.722  1.00422  2.10299 -2.41218  2.64116
 43.611 43.611  1.00547  1.86088 -1.86336  2.30598
 43.611 51.033  1.00560  1.92164 -1.92287  2.35337
 43.611 58.455  1.00572  1.98275 -1.98629  2.38854
 43.611 65.877  1.00581  2.03949 -2.05094  2.39276
 43.611 69.588  1.00584  2.06482 -2.08413  2.37322
 43.611 73.299  1.00585  2.08758 -2.12030  2.33000
 43.611 77.011  1.00583  2.10785 -2.16684  2.25245
 43.611 80.722  1.00573  2.12756 -2.25209  2.13582
 51.033 51.033  1.00530  1.99973 -2.07556  2.50796
 51.033 58.455  1.00545  2.06218 -2.16226  2.55498
 51.033 65.877  1.00557  2.11811 -2.24576  2.56339
 51.033 69.588  1.00562  2.14258 -2.28738  2.54339
 51.033 73.299  1.00564  2.16444 -2.33239  2.49870
 51.033 77.011  1.00562  2.18413 -2.39016  2.42030
 51.033 80.722  1.00550  2.20418 -2.49467  2.31027
 58.455 58.455  1.00565  2.12287 -2.26252  2.59198
 58.455 65.877  1.00578  2.17705 -2.36511  2.60382
 58.455 69.588  1.00582  2.20046 -2.41621  2.58335
 58.455 73.299  1.00583  2.22142 -2.47189  2.53722
 58.455 77.011  1.00580  2.24068 -2.54426  2.45898
 58.455 80.722  1.00563  2.26146 -2.67484  2.36043
 65.877 65.877  1.00584  2.22966 -2.49902  2.64496
 65.877 69.588  1.00588  2.25183 -2.55956  2.61895
 65.877 73.299  1.00587  2.27199 -2.62839  2.56902
 65.877 77.011  1.00581  2.29135 -2.72222  2.49382
 65.877 80.722  1.00557  2.31418 -2.89529  2.42413
 69.588 69.588  1.00586  2.27463 -2.63583  2.60689
 69.588 73.299  1.00584  2.29480 -2.71523  2.55801
 69.588 77.011  1.00574  2.31490 -2.82689  2.49129
 69.588 80.722  1.00545  2.33995 -3.03487  2.45330
 73.299 73.299  1.00586  2.31320 -2.79719  2.49388
 73.299 77.011  1.00572  2.33466 -2.93445  2.44372
 73.299 80.722  1.00535  2.36284 -3.19099  2.45600
 77.011 77.011  1.00555  2.35732 -3.10400  2.41700
 77.011 80.722  1.00507  2.39060 -3.43732  2.52480
 80.722 80.722  1.00447  2.43049 -3.88973  2.80664
