 Aerosol model #8
 - - - - - - -  

Fourier series term #0
 1.00724 0.986909 0.526451 -0.0318265
 1.0094 1.11892 0.657116 -0.0486925
 1.01252 1.24941 0.829937 -0.0821793
 1.01511 1.32616 0.95955 -0.118988
 1.02123 1.66008 1.2998 -0.203706
 1.02885 2.14477 1.7148 -0.340082
 1.03236 2.66416 1.93036 -0.488095
 1.0263 3.39556 1.75255 -0.586366
 1.01673 3.83467 1.34697 -0.551625
 1.00328 4.30243 0.629583 -0.40435
 0.993069 4.753 -0.419532 -0.106229
 1.01049 4.99151 -1.61925 0.316814
 1.01103 1.16133 0.738747 -0.0654884
 1.01493 1.35106 0.964654 -0.110345
 1.01938 1.5855 1.21844 -0.170532
 1.02413 1.86228 1.48503 -0.257016
 1.02855 2.24014 1.73635 -0.373965
 1.02981 2.77869 1.8699 -0.506778
 1.02149 3.50223 1.61494 -0.578425
 1.01133 3.93072 1.19048 -0.531478
 0.997833 4.40519 0.47847 -0.378894
 0.98792 4.86827 -0.55203 -0.0807619
 1.00566 5.10137 -1.7254 0.33859
 1.01942 1.59559 1.23676 -0.174801
 1.02379 1.83116 1.47199 -0.24895
 1.02819 2.12966 1.70603 -0.348455
 1.03135 2.50144 1.87311 -0.465407
 1.03051 2.97279 1.86728 -0.575732
 1.02085 3.60487 1.49494 -0.612507
 1.01105 4.01173 1.0646 -0.557493
 0.998592 4.4727 0.377762 -0.405531
 0.99026 4.91194 -0.608176 -0.114626
 1.00953 5.12733 -1.72636 0.291645
 1.0255 2.07599 1.63567 -0.31601
 1.02786 2.38721 1.79625 -0.408446
 1.0282 2.76353 1.86084 -0.505528
 1.02394 3.25468 1.74838 -0.584918
 1.01021 3.86062 1.2486 -0.571507
 0.998567 4.23393 0.756936 -0.485995
 0.984909 4.645 0.0302887 -0.306346
 0.976005 5.0848 -0.96055 -0.00180545
 0.995093 5.3414 -2.07143 0.408857
 1.03087 2.65414 1.88846 -0.49562
 1.02951 3.02557 1.87542 -0.577463
 1.02321 3.4924 1.6789 -0.631242
 1.00772 4.08414 1.11343 -0.587234
 0.995607 4.44818 0.592563 -0.484474
 0.982209 4.82559 -0.151443 -0.287999
 0.974893 5.19301 -1.12884 0.0258211
 0.99675 5.37394 -2.18786 0.430077
 1.02576 3.36789 1.76167 -0.630876
 1.01711 3.82676 1.47702 -0.651659
 0.999565 4.4034 0.834387 -0.568633
 0.986915 4.75805 0.28729 -0.446801
 0.973763 5.15012 -0.476831 -0.233788
 0.968151 5.50352 -1.46041 0.0937569
 0.99378 5.61894 -2.48583 0.49932
 1.0058 4.23621 1.09375 -0.62802
 0.985967 4.82936 0.375334 -0.501919
 0.972923 5.17192 -0.20158 -0.356579
 0.960828 5.54967 -0.983173 -0.122866
 0.95814 5.89978 -1.96681 0.218189
 0.988969 6.00939 -2.96895 0.626738
 0.964797 5.38509 -0.411482 -0.325013
 0.952377 5.74966 -1.02508 -0.153315
 0.943494 6.06365 -1.80961 0.10373
 0.94582 6.39129 -2.75938 0.449159
 0.986359 6.46112 -3.68591 0.843694
 0.94303 6.01917 -1.62137 0.0295035
 0.936113 6.37455 -2.39504 0.287663
 0.943455 6.69108 -3.32282 0.633911
 0.992384 6.64417 -4.13828 1.00202
 0.934549 6.69672 -3.14355 0.548715
 0.950367 6.93364 -3.98839 0.878412
 1.00955 6.79646 -4.66746 1.20525
 0.977705 7.01312 -4.6678 1.16346
 1.05002 6.81714 -5.18901 1.43326
 1.13469 6.4138 -5.39267 1.5889

Fourier series term #1
 -0.000442549 -0.056093 -0.0322273 0.00197106
 -0.000286883 -0.0185601 -0.0178653 0.00130744
 -0.000230335 -0.00176419 -0.0110066 0.00121734
 -0.000373619 -0.00807103 -0.0187167 0.00270147
 -0.00131206 -0.0723638 -0.074068 0.0124833
 -0.0010561 -0.0540003 -0.0532945 0.0123599
 -0.000740816 -0.0527393 -0.029959 0.0107616
 -0.000279118 -0.0536648 0.00578218 0.003999
 -9.90183e-05 -0.0537382 0.0263553 -0.00167707
 -9.82093e-05 -0.0478703 0.0462463 -0.0087111
 -0.000516349 -0.0320587 0.0586451 -0.015006
 -0.00152216 -0.00540937 0.0538556 -0.0164381
 -0.00122592 -0.0460954 -0.0678522 0.00624717
 -0.0026837 -0.109683 -0.147284 0.0185056
 -0.00414067 -0.180289 -0.223725 0.0350647
 -0.00533701 -0.256907 -0.28111 0.055585
 -0.00585318 -0.340274 -0.292989 0.0748534
 -0.00442797 -0.362862 -0.178318 0.0683352
 -0.00175205 -0.328174 0.046483 0.0208363
 -0.000945532 -0.308044 0.165808 -0.014269
 -0.00134588 -0.262694 0.274703 -0.0544769
 -0.00420399 -0.16966 0.338141 -0.0885997
 -0.0103366 -0.0194671 0.303527 -0.0942692
 -0.0053015 -0.238659 -0.289075 0.0458768
 -0.00681272 -0.316815 -0.356577 0.0690649
 -0.00771012 -0.399525 -0.382308 0.0923382
 -0.0073336 -0.471224 -0.327002 0.103349
 -0.00561609 -0.543812 -0.177463 0.0896086
 -0.00260083 -0.554167 0.100818 0.0246086
 -0.00152951 -0.494874 0.2779 -0.0332406
 -0.00236103 -0.387137 0.434408 -0.097297
 -0.00676107 -0.23674 0.513439 -0.146355
 -0.0155384 -0.0256172 0.456135 -0.153236
 -0.00782612 -0.415246 -0.403895 0.092325
 -0.00807582 -0.497482 -0.388369 0.109931
 -0.00719657 -0.573381 -0.291814 0.111446
 -0.005165 -0.617898 -0.0912705 0.0804188
 -0.00305531 -0.616585 0.194413 0.00594758
 -0.00306926 -0.56556 0.355856 -0.049964
 -0.00533433 -0.45937 0.492632 -0.109791
 -0.0116959 -0.275603 0.552111 -0.155054
 -0.0230364 0.0114629 0.453654 -0.151829
 -0.00811865 -0.590471 -0.341038 0.12054
 -0.00657578 -0.651566 -0.196683 0.105708
 -0.00437558 -0.680057 0.0337177 0.0576648
 -0.00290245 -0.629527 0.335106 -0.0340937
 -0.00374602 -0.574581 0.48084 -0.0904464
 -0.00697525 -0.464536 0.589786 -0.145509
 -0.0141464 -0.277916 0.614215 -0.181407
 -0.0257365 -0.00200559 0.490563 -0.169065
 -0.00494307 -0.708717 -0.0301248 0.0757405
 -0.00332741 -0.70687 0.211925 0.0116405
 -0.00351393 -0.612989 0.486253 -0.0863804
 -0.00561391 -0.520389 0.600834 -0.140005
 -0.0103268 -0.382965 0.666929 -0.185679
 -0.018674 -0.17781 0.636052 -0.204745
 -0.0299951 0.0920564 0.461026 -0.172471
 -0.00309992 -0.675176 0.427947 -0.0607026
 -0.00613026 -0.543298 0.636872 -0.151753
 -0.010119 -0.420896 0.698711 -0.193414
 -0.0165137 -0.252837 0.697635 -0.219573
 -0.0260154 -0.0221931 0.602051 -0.216762
 -0.0367394 0.261576 0.363595 -0.158847
 -0.0135463 -0.358316 0.726993 -0.214861
 -0.0194268 -0.221657 0.720016 -0.235452
 -0.0272209 -0.0529265 0.645965 -0.234898
 -0.0371502 0.199956 0.466634 -0.199853
 -0.0456629 0.486973 0.172867 -0.116574
 -0.024614 -0.101511 0.689504 -0.246381
 -0.0330802 0.101954 0.565472 -0.228748
 -0.0423823 0.329422 0.358316 -0.177952
 -0.0488369 0.600387 0.0444861 -0.0821191
 -0.0407208 0.276856 0.409088 -0.192602
 -0.0487372 0.511919 0.164993 -0.12478
 -0.0513786 0.735833 -0.144783 -0.0222871
 -0.0535446 0.699108 -0.0845698 -0.0462361
 -0.0509989 0.862452 -0.362811 0.0535708
 -0.0418124 0.928185 -0.558958 0.131424

Fourier series term #2
 -8.61457e-05 -0.011727 -0.00631799 0.000385746
 -3.56844e-05 -0.00407482 -0.00248921 0.000180352
 7.26293e-06 0.00113496 0.000748028 -9.74881e-05
 -2.31237e-05 -0.00129437 -0.000966438 7.91253e-05
 3.83635e-06 0.00120297 0.000980643 -0.000257136
 -3.77363e-05 0.000947202 -0.000602182 -4.67525e-05
 -0.000231522 -0.01112 -0.0106534 0.00247488
 -3.96325e-05 0.0113096 0.00357298 -0.00145145
 -7.40265e-05 0.0158041 0.00315881 -0.0016752
 -0.000154283 0.00150976 -0.00241826 0.000609089
 -0.000137152 -0.0192007 -0.000571083 0.00114742
 -0.000245521 -0.0216366 0.00583727 -0.000972479
 -0.00019275 -0.0222133 -0.015003 0.00104705
 0.000431137 0.0269311 0.0226061 -0.00365583
 0.000729521 0.0514595 0.0371696 -0.0071874
 0.000246925 0.0256733 -0.000597684 -0.00333741
 -0.000545034 -0.0151011 -0.0624949 0.00768949
 -0.000955631 -0.036133 -0.107588 0.0208566
 -0.000438109 -0.0330717 -0.109457 0.0277446
 0.000131503 -0.0418335 -0.102019 0.0295125
 0.00096649 -0.0532742 -0.0822985 0.0272839
 0.00185986 -0.064997 -0.048591 0.0192463
 0.0021276 -0.0732664 -0.00773244 0.00641956
 0.000620264 0.0388801 0.0231745 -0.00671704
 0.000421698 0.0395799 -0.00221076 -0.00567761
 -0.000120979 0.03318 -0.054379 0.0014338
 -0.00104339 0.00552517 -0.14022 0.0205548
 -0.00177235 -0.0485342 -0.239011 0.0522244
 -0.000967334 -0.118612 -0.290562 0.0832603
 0.0005371 -0.144767 -0.267271 0.0866508
 0.00266585 -0.165376 -0.208076 0.0770704
 0.00485884 -0.193227 -0.1215 0.0548737
 0.00551976 -0.212296 -0.0208679 0.0218029
 2.1778e-05 0.0316328 -0.0535023 -2.9494e-05
 -0.000718601 0.0120104 -0.136896 0.0154927
 -0.00121388 -0.00916512 -0.230837 0.0400683
 -0.00107001 -0.0606456 -0.32892 0.0765693
 0.00104442 -0.181408 -0.384474 0.115683
 0.00357001 -0.247985 -0.356093 0.121584
 0.00707648 -0.315361 -0.277371 0.110113
 0.010557 -0.364202 -0.144422 0.0746221
 0.0111954 -0.370307 0.00595746 0.0226208
 -0.00160359 -0.0058833 -0.240183 0.0395919
 -0.0018511 -0.0379718 -0.354678 0.0752695
 -0.000966751 -0.118323 -0.461927 0.122507
 0.00286736 -0.234387 -0.489463 0.159592
 0.0064808 -0.319733 -0.446609 0.163827
 0.0113062 -0.427077 -0.343109 0.147609
 0.0162168 -0.534047 -0.167435 0.100723
 0.0173031 -0.591335 0.0445387 0.0278185
 -0.00145972 -0.112249 -0.487557 0.124369
 0.00107086 -0.206476 -0.578212 0.174324
 0.0072041 -0.356068 -0.569874 0.206962
 0.0122217 -0.457579 -0.495828 0.203116
 0.0184173 -0.571545 -0.356249 0.174794
 0.0244638 -0.69615 -0.141616 0.113601
 0.0257278 -0.792374 0.118702 0.0227114
 0.00562252 -0.350068 -0.645418 0.2249
 0.0144561 -0.531762 -0.579646 0.242595
 0.0209194 -0.663664 -0.473305 0.229082
 0.0282556 -0.79414 -0.291228 0.185011
 0.0346222 -0.913164 -0.0374375 0.10535
 0.0351906 -1.02398 0.259926 -0.00247416
 0.0261768 -0.794617 -0.453747 0.243024
 0.0337096 -0.929996 -0.302937 0.2107
 0.0411353 -1.05982 -0.0835621 0.147545
 0.0474951 -1.23796 0.216146 0.0506715
 0.044771 -1.32713 0.530999 -0.0716056
 0.0416346 -1.07341 -0.128131 0.16675
 0.0493122 -1.23795 0.109403 0.0968987
 0.0547259 -1.43446 0.430051 -0.00981705
 0.0489754 -1.47258 0.717629 -0.129745
 0.0563887 -1.45343 0.374264 0.0182948
 0.0587119 -1.57729 0.663704 -0.0871901
 0.0492715 -1.60487 0.930524 -0.202565
 0.0572012 -1.69695 0.938654 -0.190917
 0.0429759 -1.7003 1.15894 -0.290801
 0.0236319 -1.69121 1.32676 -0.370734

Fourier series term #3
 4.14931e-05 0.00561462 0.0030089 -0.000181765
 3.01802e-05 0.00345061 0.00212915 -0.000159298
 -3.97823e-05 -0.00381477 -0.00264499 0.00026333
 -8.33263e-06 -0.000649394 -0.000477046 5.97534e-05
 7.44494e-05 0.00565982 0.00466451 -0.000728021
 -0.000138948 -0.00983851 -0.00810179 0.00160205
 4.53592e-05 0.00422265 0.00323674 -0.000822422
 7.69216e-05 0.0115702 0.00620566 -0.00206543
 -5.54859e-05 -0.00784587 -0.00295879 0.00118182
 -4.65653e-05 -0.0232415 -0.0038276 0.00230368
 -1.75943e-05 -0.0148247 0.00116965 0.000351419
 -3.95607e-05 0.0113699 -0.00331978 0.000559795
 -4.75433e-05 -0.00620982 -0.00355473 0.000336269
 -0.000358572 -0.0302172 -0.0229504 0.00274174
 0.000124182 0.00950262 0.00989234 -0.00108279
 0.000527088 0.0353183 0.036148 -0.0057598
 0.000184968 0.0077808 0.0149892 -0.00297792
 -0.00018145 -0.015479 -0.00774008 0.00149103
 -0.000134405 0.00522067 -0.00286055 -0.000450882
 -0.000199484 0.0024225 -0.00806826 0.00117557
 -0.000194624 -0.00252861 -0.0114541 0.00270809
 -0.000111946 -0.000765512 -0.0117131 0.00307298
 5.69398e-05 0.00544055 -0.0127563 0.00347295
 9.92271e-05 0.0017431 0.00868412 -0.000736284
 0.000449104 0.0223753 0.0338506 -0.00481036
 0.000631765 0.0312578 0.0493086 -0.00888633
 0.000665237 0.0414688 0.0560034 -0.0132983
 2.08216e-05 0.0192558 0.0215519 -0.00810748
 -0.000746168 -0.0139029 -0.0293447 0.0055457
 -0.000815143 -0.00821943 -0.0416197 0.00960224
 -0.000704503 0.00874608 -0.0481765 0.0119771
 -0.000347597 0.0126433 -0.0537877 0.015141
 0.00037609 0.00237922 -0.0495501 0.0157967
 0.000540962 0.0245507 0.0467588 -0.00773372
 0.000764504 0.0442121 0.0691339 -0.0146583
 0.000452854 0.0421116 0.0603222 -0.016557
 -0.000130652 0.0472271 0.035102 -0.014763
 -0.000869726 0.0374675 -0.0248106 -0.000665217
 -0.000961796 0.0157776 -0.0604585 0.0115504
 -0.000486868 -0.0215778 -0.0820123 0.0225036
 0.000414947 -0.0211349 -0.0830019 0.0253129
 0.00175905 -0.00925475 -0.0770596 0.0247127
 0.000647848 0.0439889 0.0721486 -0.0187767
 0.000108859 0.0464649 0.057273 -0.0196569
 -0.000592345 0.0783254 0.0280037 -0.0180664
 -0.00153226 0.0756552 -0.0451764 0.00133476
 -0.0015903 0.0646509 -0.0891197 0.0164728
 -0.000889101 0.0298342 -0.124136 0.0325908
 0.000856525 -0.0117775 -0.133101 0.0418159
 0.0033801 -0.0525315 -0.108973 0.0389143
 -0.000507533 0.0728245 0.0401483 -0.021127
 -0.00150516 0.0938783 -0.0102448 -0.0116196
 -0.00226274 0.100191 -0.0938241 0.013373
 -0.00196926 0.0992335 -0.139309 0.0301778
 -0.000761256 0.0830086 -0.176891 0.0474924
 0.00176988 0.0383551 -0.188929 0.0593929
 0.00566053 -0.031448 -0.154884 0.0559685
 -0.00259082 0.100738 -0.081411 0.00799833
 -0.00270605 0.124 -0.165654 0.0360881
 -0.00167757 0.102148 -0.21154 0.0566013
 4.78446e-05 0.105168 -0.237558 0.0699935
 0.00358569 0.0597169 -0.241688 0.0802722
 0.00857903 -0.0114772 -0.195917 0.0731405
 -0.00114192 0.0947536 -0.246746 0.0709898
 0.000301668 0.10801 -0.274431 0.083903
 0.0030945 0.0938142 -0.287298 0.0948243
 0.00803162 0.0367659 -0.268518 0.0982069
 0.0140389 -0.0245082 -0.212341 0.0860346
 0.00225164 0.0943407 -0.299514 0.0991207
 0.00587047 0.0749849 -0.30215 0.106874
 0.011209 0.0266148 -0.274716 0.105555
 0.0171336 -0.0619587 -0.187071 0.0826092
 0.00982161 0.0367647 -0.288339 0.109405
 0.0153048 -0.0230685 -0.237219 0.0992503
 0.0205612 -0.0903533 -0.15 0.0731107
 0.0207662 -0.0961524 -0.15899 0.0777287
 0.025476 -0.108051 -0.101031 0.0557331
 0.0277123 -0.139729 -0.0346502 0.0329191

Fourier series term #4
 1.83836e-05 0.00253625 0.0013312 -8.00853e-05
 1.54394e-05 0.00182994 0.00108984 -8.14163e-05
 -1.37941e-05 -0.00141575 -0.000947299 9.3804e-05
 3.79324e-05 0.00315712 0.00237105 -0.00029459
 -3.38592e-05 -0.00270666 -0.00223591 0.000352494
 -1.36622e-05 -0.00161051 -0.00126169 0.000243542
 0.000120488 0.00835556 0.0063044 -0.00158251
 -4.14756e-05 -0.00928277 -0.00488563 0.00163737
 -1.36102e-05 -0.0126023 -0.00464935 0.00187017
 5.59187e-05 -0.00186691 -0.000333957 0.000177124
 5.5759e-05 0.0134413 -0.000903926 -0.000405218
 0.000130154 0.0153484 -0.00454549 0.000826032
 5.2808e-06 -0.000353202 0.00027197 -1.96985e-05
 -6.57957e-05 -0.00773751 -0.00504975 0.000533617
 -0.000229947 -0.0172056 -0.0150184 0.00204681
 5.66437e-05 0.00632334 0.00431101 -0.000574666
 0.000259436 0.0183754 0.0167484 -0.00325122
 -1.30136e-05 -0.00591637 -0.00179473 0.000616643
 -4.9937e-06 -0.0062396 -0.000461878 0.000504571
 9.00918e-06 -0.00458492 0.00037132 0.000154748
 1.39542e-05 -0.00063362 0.000523931 -0.000162472
 -2.32295e-06 0.00426473 -0.000199217 -0.000204077
 -4.13584e-06 0.00546764 -0.00122267 0.000128853
 -0.000371024 -0.0293673 -0.0250082 0.00343366
 -0.000200111 -0.0140673 -0.013056 0.00229105
 0.000162777 0.009602 0.010618 -0.001571
 0.000436368 0.0254923 0.0300222 -0.00582369
 0.000397592 0.0185943 0.0293994 -0.00684218
 6.25471e-05 -0.0111418 0.0080406 -0.00147806
 -2.00028e-05 -0.0186814 0.00431833 -0.000216936
 -7.9025e-05 -0.0116404 0.00694472 -0.00154025
 -0.000186072 -0.00533436 0.0059272 -0.00177952
 -0.000235464 -0.00254324 0.00210978 -0.000737949
 5.34807e-05 0.000890193 0.00306775 -8.05399e-05
 0.000239291 0.0108221 0.0180422 -0.00250633
 0.000447442 0.0202172 0.0358621 -0.00675305
 0.000544497 0.0336801 0.051101 -0.0125107
 0.000153335 0.0112308 0.0395729 -0.0109662
 -4.60503e-05 -0.0144284 0.0249711 -0.00649895
 -0.000157162 -0.0190876 0.0161318 -0.00433361
 -0.000315551 -0.0114476 0.0108949 -0.00343501
 -0.000411843 -0.0156144 0.00957578 -0.0028274
 0.000411463 0.00840867 0.029686 -0.00478436
 0.000722944 0.0258758 0.0562658 -0.0123095
 0.000597488 0.0188565 0.0681293 -0.016967
 0.000150668 0.0403512 0.0732675 -0.0233387
 -0.000316114 0.0256526 0.0598312 -0.0202445
 -0.000755857 0.0165422 0.041429 -0.0153191
 -0.000965783 -0.000134977 0.0237643 -0.00907846
 -0.000930696 -0.0325816 0.0217778 -0.00650297
 0.000663504 0.0090455 0.0691091 -0.0160757
 0.000540289 0.0249783 0.0929835 -0.0262624
 -0.000363144 0.0458631 0.0968567 -0.033341
 -0.00112349 0.0529665 0.0848227 -0.0322005
 -0.00189322 0.0530334 0.0660839 -0.0278774
 -0.0025293 0.0443614 0.0373664 -0.0182532
 -0.00243232 0.0247631 0.0159427 -0.00912273
 -0.000113112 0.0316548 0.110084 -0.0355861
 -0.00158684 0.040863 0.111694 -0.041382
 -0.00261119 0.0523504 0.0987877 -0.0402581
 -0.00410754 0.0917632 0.0744704 -0.0369427
 -0.00475562 0.0713541 0.0420647 -0.0242861
 -0.00535946 0.093585 6.63332e-05 -0.0102203
 -0.00375278 0.0567906 0.107194 -0.0456134
 -0.0054195 0.0889164 0.0900449 -0.0443451
 -0.00680383 0.0884853 0.0659589 -0.0368096
 -0.00855427 0.120458 0.022676 -0.0240603
 -0.00883413 0.113081 -0.0121472 -0.00909314
 -0.0068725 0.0733635 0.0762213 -0.0392938
 -0.00909669 0.11728 0.0431631 -0.0322558
 -0.0110173 0.146579 -0.000885187 -0.0184306
 -0.0109673 0.118357 -0.0245248 -0.00529044
 -0.0112532 0.134753 0.0166731 -0.0248701
 -0.0127063 0.151673 -0.0220725 -0.0111666
 -0.0125147 0.130068 -0.0443246 0.00120454
 -0.0136932 0.133557 -0.0397495 -0.000814182
 -0.0132561 0.119939 -0.0462857 0.00186926
 -0.0142547 0.117288 -0.0712643 0.0145882

Fourier series term #5
 1.76787e-06 0.000253589 0.000127578 -7.5904e-06
 -7.55258e-06 -0.000858418 -0.00052855 3.94626e-05
 1.07923e-05 0.00102696 0.000715739 -7.12565e-05
 -1.39443e-07 3.87131e-05 -9.51737e-07 1.00405e-06
 -1.72388e-05 -0.00134845 -0.00106803 0.000165809
 4.09499e-05 0.0029226 0.00242293 -0.000479859
 -1.60808e-05 -0.00132018 -0.000983677 0.000256322
 -2.62427e-05 -0.00346116 -0.00193521 0.000629082
 1.3492e-05 0.0023203 0.000757776 -0.000327017
 1.18267e-05 0.00707672 0.00115325 -0.000701361
 1.66968e-06 0.00472435 -0.000244408 -0.000152109
 6.49295e-06 -0.00341283 0.00112889 -0.000212285
 -3.03053e-05 -0.00371722 -0.00211115 0.000190471
 6.14653e-05 0.00426388 0.00386552 -0.000435401
 -8.16344e-05 -0.00720849 -0.00554219 0.000733702
 -0.000105804 -0.00749139 -0.00697098 0.00110921
 0.00012119 0.010748 0.0082668 -0.00164509
 -3.27899e-05 -0.00366007 -0.00183498 0.000551395
 1.88775e-05 0.0028432 0.00085391 -0.000384783
 1.93249e-06 8.91151e-05 -0.000431679 9.81667e-05
 1.22748e-06 -0.00475658 -0.000383213 0.000385128
 -6.02992e-06 -0.00378547 0.00134913 -0.000195264
 -3.25385e-05 0.00252206 0.000144363 -0.000143741
 -9.57679e-05 -0.0100242 -0.0071249 0.000903925
 -0.000249372 -0.0191355 -0.0172057 0.00261859
 -0.000279528 -0.0190575 -0.0182911 0.0034496
 0.000115756 0.0114356 0.00740646 -0.00170603
 0.000267968 0.0228673 0.0180481 -0.0048318
 4.27943e-05 -0.00373034 0.00242901 -0.000258893
 3.01689e-05 -0.0114085 -0.00146882 0.00121161
 6.58549e-05 -0.00409391 0.000957873 7.61665e-05
 5.64281e-05 -4.5289e-05 0.00146294 -0.000375391
 3.44474e-05 -0.003086 0.00228418 -0.000522984
 -0.000352112 -0.027252 -0.0248974 0.00438097
 -0.000223141 -0.0156295 -0.0166749 0.00337372
 7.61934e-05 0.00863641 0.00456168 -0.00110179
 0.000197818 0.0207864 0.0176536 -0.00442831
 0.000171528 0.0260528 0.0188507 -0.00595965
 0.000100465 0.00935465 0.0107261 -0.00321718
 9.15616e-05 -0.00716263 0.00761767 -0.00159945
 0.000129159 -0.0173117 0.00857464 -0.00148491
 7.28836e-05 -0.0149312 0.00897808 -0.00201393
 -0.000140566 -0.0102003 -0.011626 0.00269571
 4.89956e-05 0.00152536 0.00174775 6.1962e-05
 0.000292798 0.0211512 0.0192277 -0.00517267
 0.000286894 0.0321025 0.0307167 -0.00964883
 0.000142202 0.0370795 0.0288287 -0.0102817
 -2.29753e-05 0.0265561 0.0222648 -0.00824453
 -5.58559e-05 0.00102718 0.0185593 -0.00582935
 4.11263e-05 -0.0224799 0.0189698 -0.00491463
 0.000185027 0.0054597 0.00827343 -0.00160203
 0.000269679 0.014431 0.0216619 -0.00552816
 0.000382498 0.0220103 0.0375622 -0.0116101
 8.6618e-05 0.036471 0.0407455 -0.0144795
 -0.000253972 0.0537789 0.0331268 -0.0142166
 -0.000462108 0.0452285 0.022942 -0.0108178
 -0.000734823 0.0304501 0.0143981 -0.00697845
 0.000368047 0.00601409 0.0337138 -0.00899178
 0.000268203 0.0180014 0.0406717 -0.0132628
 -0.000232792 0.0412483 0.0495758 -0.0190019
 -0.000743762 0.0477764 0.0436583 -0.0185392
 -0.00132428 0.056788 0.0296292 -0.0150784
 -0.00187652 0.0853153 3.86142e-05 -0.00669226
 -0.000417893 0.029099 0.055513 -0.0208063
 -0.000754069 0.0335189 0.0532611 -0.0212599
 -0.00148579 0.0520006 0.0424899 -0.02005
 -0.00252618 0.0755334 0.0233858 -0.0159123
 -0.00305665 0.08932 -0.00238906 -0.00746544
 -0.0011606 0.0292986 0.0519978 -0.0215773
 -0.00225184 0.0641612 0.0357513 -0.0197207
 -0.00345912 0.087937 0.0142404 -0.0144254
 -0.00370293 0.108832 -0.0209745 -0.00260972
 -0.00276218 0.0591794 0.0321184 -0.0186747
 -0.00391076 0.114187 -0.0100599 -0.0082135
 -0.00374009 0.11997 -0.0363215 0.00191935
 -0.00518148 0.119081 -0.0395109 0.00523699
 -0.00394115 0.122659 -0.0584418 0.0116674
 -0.0030082 0.092375 -0.0469836 0.00939349


