**************************************************************
***  MERIS LUT-169: Fourier series terms (s0,..,s5)[TERM]] ***
***                 of polynomial coefficients (k0,..,k3)  ***
***                 for each of 81 aerosol models [IAER],  ***
***                 & for each of 78 geometries [SVZA]     ***
***  - - - - - - - - - - - - - - - - - - - - - - - - - - - ***
***  => useful for multiplicative aer.scat.fct. retrieval  ***
**************************************************************

12 Gaussian angles (deg): SZA/VZA
------------------------         

 2.84 17.64 28.77 36.19 43.61 51.03 58.46 65.88 69.59 73.30 77.01 80.72

Coefficients: [SVZA x (k0,k1,k2,k3)]
------------                        

 Aerosol model #0
 - - - - - - -  

Fourier series term #0
 1.00199 0.789226 0.285539 -0.0188967
 1.00384 1.04325 0.468142 -0.0330084
 1.00527 1.07397 0.544878 -0.0461438
 1.00566 0.947568 0.510938 -0.0522763
 1.01118 1.2934 0.900381 -0.114566
 1.02303 1.9486 1.69551 -0.276261
 1.03022 2.36362 2.21687 -0.472409
 1.02907 3.33151 2.79823 -0.790936
 1.01512 3.91104 2.65421 -0.879936
 0.98873 4.48269 1.93402 -0.795517
 0.956254 5.13278 0.608143 -0.470679
 0.947393 5.84467 -1.22768 0.122404
 1.0042 0.979488 0.461246 -0.0356932
 1.00699 1.12709 0.649202 -0.0596359
 1.01192 1.37563 0.966934 -0.10573
 1.01773 1.60198 1.30856 -0.179805
 1.02623 1.98667 1.79774 -0.318206
 1.03226 2.54571 2.28833 -0.526718
 1.02521 3.3727 2.52671 -0.762916
 1.01044 3.89947 2.29468 -0.813816
 0.984626 4.58726 1.64202 -0.737716
 0.95153 5.42883 0.385134 -0.429223
 0.94343 6.17105 -1.44452 0.17347
 1.01274 1.36592 1.00378 -0.110279
 1.01878 1.63041 1.36131 -0.180438
 1.02597 1.99045 1.7992 -0.296493
 1.03121 2.34484 2.12575 -0.438542
 1.03193 2.83792 2.36757 -0.617385
 1.01797 3.5484 2.26822 -0.768824
 1.00056 4.05069 1.9403 -0.778423
 0.973383 4.7431 1.27533 -0.680399
 0.941045 5.53598 0.0447681 -0.360095
 0.935423 6.21943 -1.70419 0.231198
 1.02558 1.91808 1.73248 -0.27319
 1.03103 2.25592 2.07502 -0.395355
 1.03448 2.63342 2.31236 -0.538969
 1.03222 3.17056 2.44504 -0.704814
 1.01402 3.82089 2.1833 -0.807948
 0.995099 4.2481 1.74283 -0.774847
 0.969083 4.71793 0.969619 -0.618505
 0.938782 5.49712 -0.240379 -0.291284
 0.93224 6.39687 -1.9559 0.284855
 1.03453 2.57397 2.30887 -0.517739
 1.03512 2.96048 2.42615 -0.646341
 1.02945 3.51138 2.46552 -0.792345
 1.00692 4.13213 2.04492 -0.841543
 0.986332 4.62997 1.55774 -0.791024
 0.959255 5.09111 0.723011 -0.603067
 0.931359 5.67341 -0.510983 -0.240911
 0.930874 6.31444 -2.14547 0.333518
 1.03307 3.35052 2.46439 -0.757468
 1.02331 3.86056 2.33336 -0.854129
 0.997449 4.50445 1.81762 -0.860457
 0.975673 4.94718 1.27927 -0.777454
 0.9475 5.53712 0.405374 -0.572743
 0.920844 6.15412 -0.892857 -0.177106
 0.927161 6.63814 -2.50103 0.412661
 1.00888 4.27043 2.0465 -0.888344
 0.978556 4.97965 1.41057 -0.841456
 0.954883 5.44742 0.850157 -0.737138
 0.926109 6.01899 -0.0807295 -0.495288
 0.902899 6.63873 -1.4498 -0.0558777
 0.911604 7.32561 -3.10162 0.548854
 0.942596 5.72657 0.722234 -0.749925
 0.917148 6.24315 0.00572969 -0.580015
 0.897279 6.4776 -1.0196 -0.247643
 0.871188 7.36227 -2.33207 0.16814
 0.890074 8.11283 -4.04191 0.807252
 0.899297 6.43248 -0.756411 -0.346761
 0.875095 6.95778 -1.68672 -0.0628085
 0.850239 7.98601 -3.09732 0.386724
 0.890081 8.24183 -4.57085 0.99436
 0.84679 7.83591 -2.72775 0.238988
 0.843616 8.35341 -4.00154 0.703388
 0.899556 8.38706 -5.23435 1.24632
 0.860722 8.54625 -5.02287 1.11221
 0.933131 8.68716 -6.15985 1.60969
 1.02875 8.53046 -6.85268 1.95317

Fourier series term #1
 -0.0002535 -0.0736232 -0.0356123 0.0023777
 -0.0001614 -0.014841 -0.0134614 0.000340251
 -1.67822e-05 0.0194054 0.00765673 -0.00146398
 0.000118074 0.0463921 0.0215292 -0.00303768
 -0.00212183 -0.154397 -0.157993 0.0188522
 -0.00157864 -0.0488231 -0.0899291 0.0134355
 -0.00160712 -0.0635362 -0.0883158 0.0193359
 -0.000832927 -0.0662522 -0.043019 0.016278
 -0.000224844 -0.0948509 -0.0236752 0.0149022
 0.000538398 -0.0972111 0.021961 0.00279911
 0.000442896 -0.0659581 0.0687422 -0.0148797
 -0.00125197 -0.0180006 0.0836686 -0.0251283
 -0.000537207 -0.0108827 -0.0282137 -0.00077238
 -0.0017369 -0.0473888 -0.0978652 0.00354279
 -0.00427643 -0.160738 -0.255936 0.0211047
 -0.00695776 -0.266461 -0.41028 0.0507211
 -0.0105239 -0.446405 -0.610233 0.106275
 -0.0101741 -0.493369 -0.568041 0.136784
 -0.00443035 -0.407732 -0.223319 0.0905803
 -0.00114592 -0.456337 -0.0532236 0.0579635
 0.00190209 -0.475424 0.171623 -0.00367977
 0.00109277 -0.374221 0.408269 -0.0915118
 -0.00867557 -0.113552 0.482551 -0.145976
 -0.00550619 -0.218364 -0.33523 0.0295662
 -0.00875599 -0.321755 -0.50259 0.0601151
 -0.0120349 -0.455672 -0.669015 0.107716
 -0.0129308 -0.546369 -0.699566 0.149091
 -0.0119454 -0.708877 -0.657754 0.188408
 -0.00545173 -0.828466 -0.362691 0.162462
 -0.000728713 -0.761692 -0.0590543 0.0870558
 0.00167743 -0.598918 0.287626 -0.0257475
 -0.00151404 -0.428504 0.548969 -0.132615
 -0.014346 -0.195487 0.62285 -0.19138
 -0.0126484 -0.471567 -0.68859 0.106124
 -0.0143309 -0.563467 -0.75476 0.147507
 -0.0145799 -0.68295 -0.741921 0.187003
 -0.011917 -0.78786 -0.583558 0.197174
 -0.00493154 -0.883445 -0.254645 0.149299
 -0.000567468 -0.879133 0.0103862 0.0812751
 0.00184274 -0.787996 0.319244 -0.0220131
 -0.0014654 -0.647544 0.58225 -0.130866
 -0.0184541 -0.240668 0.659379 -0.204181
 -0.0155726 -0.720539 -0.807741 0.194082
 -0.013638 -0.792013 -0.676711 0.206154
 -0.00985945 -0.871857 -0.463456 0.192308
 -0.00292998 -0.845393 -0.0534008 0.100962
 0.000404365 -0.888634 0.172536 0.0388609
 0.00154807 -0.799577 0.42683 -0.0551604
 -0.00311041 -0.616716 0.617878 -0.148178
 -0.0185186 -0.327182 0.656916 -0.20194
 -0.0108007 -0.889339 -0.536355 0.205494
 -0.00614454 -0.925251 -0.256945 0.158745
 -3.60061e-05 -0.813182 0.154124 0.0422661
 0.00188295 -0.752487 0.359575 -0.0300258
 0.00141956 -0.675556 0.553923 -0.109932
 -0.00483601 -0.478218 0.667512 -0.181092
 -0.0193175 -0.188057 0.608083 -0.199949
 -0.00223203 -0.876746 0.0413099 0.0804998
 0.000954868 -0.796425 0.370097 -0.0288478
 0.000200943 -0.636163 0.553036 -0.109788
 -0.00297228 -0.510848 0.645809 -0.165316
 -0.0118714 -0.305708 0.687262 -0.213266
 -0.0275091 0.035928 0.530605 -0.198654
 -0.00215144 -0.552994 0.621063 -0.144925
 -0.00503388 -0.507676 0.690761 -0.184178
 -0.010544 -0.41362 0.718285 -0.216158
 -0.023678 -0.0482512 0.613208 -0.224887
 -0.0397651 0.337047 0.345215 -0.167162
 -0.00968028 -0.413928 0.71804 -0.213802
 -0.0180992 -0.201827 0.672605 -0.229583
 -0.0300881 0.0197039 0.565568 -0.221783
 -0.0470801 0.492112 0.20584 -0.13426
 -0.0268419 -0.0471237 0.604423 -0.229099
 -0.0411058 0.257541 0.404439 -0.191448
 -0.0525409 0.604121 0.0445271 -0.0864669
 -0.0515636 0.540627 0.129144 -0.116796
 -0.0563453 0.692528 -0.133922 -0.0257313
 -0.0540821 0.827337 -0.393301 0.0692383

Fourier series term #2
 -9.11919e-06 -0.00503398 -0.00159988 0.000117863
 -6.08722e-05 -0.0120059 -0.00672282 0.000474889
 -4.83671e-06 0.00250624 0.00153006 -0.000158119
 -0.00010613 -0.0110454 -0.0063987 0.000607184
 6.40109e-05 0.00533787 0.00946395 -0.00111086
 -0.000117264 0.00794086 0.00708646 -0.00137816
 -0.00132189 -0.0586067 -0.0643386 0.0131263
 -0.000133866 0.0764517 0.0682958 -0.0196263
 -0.000569129 0.118014 0.0840875 -0.0282718
 -0.00137619 0.0204455 0.000327029 -0.00169587
 -0.000231889 -0.144352 -0.0342661 0.0185
 -0.000128946 -0.179529 0.0276768 -0.000442034
 -0.000323933 -0.0601521 -0.0391586 0.003028
 0.00083431 0.0670829 0.0638017 -0.00552886
 0.00176043 0.122918 0.125577 -0.0140961
 0.00116775 0.0579239 0.0613125 -0.0108584
 0.000353242 0.00105389 -0.024208 -0.0022412
 -0.00147955 -0.0541811 -0.159102 0.0232693
 -0.00198341 -0.0222448 -0.194472 0.0392123
 -0.00153754 -0.0366809 -0.211039 0.0503831
 -0.000285594 -0.0414985 -0.197498 0.0537348
 0.00155595 -0.0445007 -0.144366 0.0438651
 0.00304257 -0.0653218 -0.0613958 0.0210136
 0.00151487 0.0703716 0.0908625 -0.0107943
 0.002004 0.0943131 0.102821 -0.0178849
 0.00202252 0.123809 0.0824072 -0.0243757
 -0.000298249 0.057068 -0.0924024 -0.000755177
 -0.00275431 -0.0186153 -0.302911 0.0459519
 -0.00369152 -0.129363 -0.506592 0.118124
 -0.00211588 -0.181909 -0.531838 0.14445
 0.00123243 -0.194368 -0.457897 0.140587
 0.0060982 -0.238397 -0.324398 0.113506
 0.0104379 -0.310099 -0.137671 0.05959
 0.00225431 0.1037 0.0747336 -0.0226305
 9.33184e-05 0.0466193 -0.0900354 -0.00346083
 -0.000763755 0.0887501 -0.189192 0.0112659
 -0.00296436 0.0489781 -0.408669 0.0671544
 -0.00374442 -0.198788 -0.702532 0.180706
 -0.000591314 -0.296506 -0.72806 0.214832
 0.00552846 -0.405927 -0.673449 0.226159
 0.0141428 -0.521872 -0.48335 0.189295
 0.0187036 -0.509718 -0.189862 0.0938914
 -0.00107656 0.0625831 -0.210674 0.0139832
 -0.00245375 0.0801374 -0.377968 0.0505451
 -0.00478248 -0.059418 -0.664377 0.142573
 -0.00258797 -0.199801 -0.854091 0.237026
 0.00194314 -0.315922 -0.878838 0.275318
 0.0104435 -0.511813 -0.80546 0.289865
 0.0230427 -0.770731 -0.561019 0.245507
 0.0328178 -0.969874 -0.151339 0.12012
 -0.0044738 -0.0546978 -0.66164 0.134188
 -0.00389514 -0.150721 -0.890304 0.224533
 0.00175849 -0.330279 -1.0284 0.318881
 0.00875346 -0.493603 -1.00676 0.350033
 0.0199648 -0.668974 -0.879271 0.346252
 0.0350014 -0.908177 -0.578505 0.279542
 0.0479824 -1.19847 -0.100156 0.13211
 -0.000740923 -0.339515 -1.09863 0.328168
 0.00903733 -0.538779 -1.13088 0.399355
 0.018747 -0.741118 -1.07401 0.421997
 0.0332965 -0.969068 -0.876136 0.397909
 0.0475976 -1.08724 -0.496292 0.286814
 0.0655749 -1.53506 0.0428347 0.124731
 0.0250567 -0.954518 -1.14266 0.48021
 0.0380431 -1.15314 -0.973336 0.463072
 0.0481945 -1.13971 -0.648904 0.362251
 0.0714532 -1.63705 -0.219027 0.259853
 0.0841865 -2.01703 0.430372 0.0399571
 0.0464114 -1.13604 -0.734546 0.393131
 0.0637812 -1.45313 -0.439725 0.329525
 0.0911569 -2.1378 0.126082 0.189363
 0.0910927 -2.05992 0.606352 -0.0173476
 0.0889805 -2.05906 -0.0258885 0.246041
 0.102946 -2.27275 0.453261 0.0825866
 0.09801 -2.24755 0.933907 -0.125105
 0.108185 -2.35595 0.864248 -0.0742447
 0.0998351 -2.48797 1.37827 -0.283201
 0.0839077 -2.60596 1.80303 -0.458993

Fourier series term #3
 4.71297e-05 0.0182255 0.00662256 -0.000439431
 5.71689e-05 0.0135626 0.00697365 -0.000502927
 -6.94988e-05 -0.0120625 -0.00708439 0.000611747
 -3.34885e-05 -0.00439922 -0.00278048 0.000287771
 0.000203628 0.0203843 0.0165422 -0.00209575
 -0.000677473 -0.0507059 -0.0490301 0.00795963
 0.000317912 0.0240072 0.0260437 -0.00552473
 0.000683257 0.079786 0.0734493 -0.0205487
 -0.000375222 -0.0588902 -0.0456002 0.0148103
 0.000260447 -0.177652 -0.0892651 0.0353019
 0.000755974 -0.117421 -0.0189929 0.0122378
 -0.00160038 0.0959161 -0.0118408 -0.00125511
 -0.000103144 -0.0229927 -0.0138427 0.00133044
 -0.000752655 -0.0828629 -0.0665564 0.0058553
 4.92332e-05 0.0200453 0.0127965 -0.00134859
 0.00111123 0.0901695 0.0940749 -0.0117994
 0.000379243 0.010687 0.0330234 -0.00360583
 -0.0003038 -0.0591845 -0.0283705 0.00815882
 0.000252304 0.0458908 0.0386366 -0.0125607
 -0.00030576 0.0100302 -0.0035719 -0.00116879
 -0.000342754 -0.0435671 -0.0363154 0.0114
 -0.000202371 -0.033996 -0.0246336 0.00810162
 -0.000725782 0.0329369 -0.0270527 0.00579369
 9.05962e-05 0.00196921 0.00870725 0.000240039
 0.00065086 0.040646 0.0587619 -0.00515375
 0.00101317 0.0508172 0.0924331 -0.0102553
 0.00223734 0.1003 0.169759 -0.0290306
 0.00135397 0.0429592 0.110127 -0.0241631
 -0.000304908 -0.0682528 -0.0281105 0.00737689
 -0.000641844 -0.0446707 -0.0562996 0.0129122
 -0.00129439 0.0389176 -0.0644574 0.0110524
 -0.00143801 0.0631211 -0.0950185 0.0212113
 0.00052403 0.00339386 -0.101376 0.0298857
 0.000656744 0.020958 0.0683767 -0.00520171
 0.00271265 0.114074 0.205923 -0.0311648
 0.00209644 0.0686618 0.174838 -0.0326807
 0.00138581 0.0697807 0.159886 -0.0396378
 -6.92054e-05 0.126804 0.0895933 -0.0382434
 -0.00130292 0.0791907 -0.0234933 -0.00751137
 -0.000595974 -0.109705 -0.146026 0.0435205
 0.000357055 -0.0838263 -0.151291 0.0477454
 0.00112605 0.0453272 -0.181616 0.0536913
 0.00283016 0.0897904 0.217818 -0.038996
 0.00160709 0.0230685 0.161195 -0.0335776
 0.00212767 0.201463 0.244669 -0.0760143
 -0.000999572 0.155819 0.0789743 -0.0418293
 -0.00235309 0.165607 -0.0243314 -0.0157438
 -0.00210073 0.0675902 -0.146457 0.030606
 0.000752777 -0.0324545 -0.214408 0.0652212
 0.00673618 -0.147444 -0.197847 0.0729313
 0.00242034 0.152789 0.245932 -0.070989
 0.000493926 0.193363 0.189553 -0.0719615
 -0.00228445 0.199008 0.0279846 -0.0360047
 -0.00325201 0.21669 -0.0775592 -0.00641247
 -0.00326394 0.214583 -0.20079 0.0366587
 0.000206018 0.124927 -0.282653 0.0780419
 0.00865032 -0.0600918 -0.262047 0.0924416
 -0.00204886 0.172897 0.0658741 -0.0458839
 -0.00472229 0.279621 -0.0557791 -0.0207282
 -0.0044975 0.193951 -0.221984 0.0414348
 -0.00492639 0.290217 -0.274419 0.0572874
 -0.000411522 0.191325 -0.353042 0.100951
 0.0105254 -0.0437866 -0.306019 0.112145
 -0.00424112 0.134272 -0.291532 0.0711852
 -0.00546767 0.249403 -0.317536 0.0749369
 -0.0043145 0.278337 -0.370172 0.0982636
 0.00336165 0.135951 -0.41221 0.136009
 0.0145059 -0.00451267 -0.369622 0.14067
 -0.00475509 0.274869 -0.367465 0.0959143
 -0.000967333 0.218362 -0.411442 0.124849
 0.00663965 0.144526 -0.453549 0.156105
 0.0200472 -0.173445 -0.263823 0.120689
 0.00303215 0.22725 -0.475704 0.154882
 0.0159587 -0.0793825 -0.355462 0.147774
 0.0247616 -0.266271 -0.169571 0.0972853
 0.0247781 -0.261794 -0.205258 0.113042
 0.0291119 -0.161868 -0.193494 0.100394
 0.0322996 -0.173146 -0.105274 0.0666248

Fourier series term #4
 1.21602e-05 0.00545834 0.00164614 -0.000104668
 2.93702e-05 0.00729802 0.0036104 -0.000268323
 -2.68068e-05 -0.00524219 -0.00300965 0.000267066
 6.34663e-05 0.00859087 0.00544298 -0.000560182
 -0.000102314 -0.0108927 -0.00913948 0.00114904
 -2.66443e-05 -0.00741603 -0.00600924 0.00100374
 0.000755902 0.0460419 0.0474596 -0.0100132
 -0.000400082 -0.0634223 -0.0586309 0.0164806
 -0.000102213 -0.0895398 -0.0676203 0.0219895
 0.000439138 -0.0110614 -0.0057368 0.00209657
 -0.0004045 0.110619 0.0205585 -0.0127046
 -0.00055073 0.136936 -0.020242 -6.89487e-05
 -2.45262e-05 -0.00841428 -0.00392562 0.000448007
 7.02999e-05 -0.00216572 0.00147514 0.000206423
 -0.000501993 -0.0493873 -0.0436723 0.00450186
 -9.44588e-05 0.00839801 -0.00137785 -0.000252946
 0.000753292 0.0593979 0.0573728 -0.00993775
 -1.63333e-05 -0.0257884 -0.0141639 0.00392185
 -2.12906e-05 -0.0260746 -0.0110841 0.00494439
 0.000170731 -0.0193135 -0.00286642 0.00241278
 0.000194789 0.00325227 0.000954827 -0.000498039
 -7.76234e-05 0.033004 0.00082579 -0.00225023
 -0.00024254 0.0397767 -0.00340919 -0.000785602
 -0.000890623 -0.0863899 -0.077525 0.00836275
 -0.000627757 -0.0428102 -0.0487332 0.00593287
 0.000367412 0.0356068 0.0293001 -0.00499393
 0.000389042 0.0434185 0.0448488 -0.00700557
 0.000805545 0.0398276 0.0695826 -0.012963
 0.000680232 -0.0166215 0.0320528 -0.00512862
 0.000587271 -0.0642806 0.00466075 0.00426143
 0.000410299 -0.0405078 0.0223919 -0.00257022
 -0.000140333 -0.0117992 0.0285052 -0.00736825
 -0.000243137 -0.0114877 0.0118675 -0.00285667
 0.000252379 0.016768 0.0116924 -0.00192165
 1.96324e-05 0.0126129 0.010798 -0.000104923
 0.00069073 0.0338919 0.0599097 -0.00845347
 0.00176989 0.0904198 0.137298 -0.0302747
 0.00119249 0.00574562 0.11871 -0.0258911
 0.00104891 -0.0843025 0.0633308 -0.00870102
 0.000850597 -0.0426421 0.0580182 -0.0131657
 -3.58287e-05 0.00376507 0.0449673 -0.0138591
 0.000382041 -0.0702229 0.0433085 -0.0097029
 0.000292253 2.34489e-05 0.0298001 -0.0010711
 0.00210727 0.0909834 0.151394 -0.0301681
 0.00143489 -0.00357683 0.134047 -0.0233424
 0.00159804 0.108582 0.226203 -0.0639131
 0.000819388 0.0319663 0.19083 -0.0539223
 -0.000341404 0.0442934 0.157301 -0.0504939
 -0.00123368 0.034301 0.0959426 -0.0336966
 0.000240327 -0.1153 0.0927523 -0.0240296
 0.00137349 -0.02778 0.118561 -0.0171945
 0.00217673 0.0354702 0.2272 -0.0525709
 0.00129757 0.131349 0.301868 -0.0928033
 -0.000215228 0.124333 0.276063 -0.0921856
 -0.00262435 0.126858 0.251351 -0.0905289
 -0.00446689 0.119167 0.162289 -0.0660206
 -0.0052363 0.109266 0.076132 -0.035769
 0.00184849 0.0782415 0.297981 -0.0845157
 -0.000522129 0.0583704 0.341207 -0.108981
 -0.00258409 0.0958714 0.317174 -0.11161
 -0.00856104 0.311765 0.306404 -0.134064
 -0.0080756 0.133259 0.181636 -0.0794218
 -0.0155018 0.385114 0.0261671 -0.0448567
 -0.00494856 0.143954 0.379689 -0.142141
 -0.00951253 0.249269 0.349102 -0.149014
 -0.0102832 0.138942 0.264822 -0.113694
 -0.020415 0.412255 0.138781 -0.0980294
 -0.022862 0.409529 -0.000303524 -0.044091
 -0.00948718 0.107109 0.289256 -0.119274
 -0.0169944 0.285212 0.22672 -0.119329
 -0.027605 0.523749 0.0785347 -0.0909129
 -0.0243251 0.356034 -0.0104341 -0.0374438
 -0.0270812 0.500316 0.129643 -0.109856
 -0.0302282 0.496376 0.0120899 -0.0653135
 -0.0255718 0.32664 -0.0424365 -0.0234087
 -0.0286687 0.396396 -0.0450132 -0.0321087
 -0.0282978 0.266682 -0.0437928 -0.0173482
 -0.0287467 0.356364 -0.176829 0.0295961

Fourier series term #5
 5.26263e-08 0.000227238 1.00677e-06 7.1769e-07
 -1.61197e-05 -0.00373453 -0.00192552 0.000135883
 1.84604e-05 0.00317777 0.00185968 -0.000157267
 7.08386e-06 0.00124679 0.000703052 -7.92419e-05
 -2.29306e-05 -0.00268934 -0.00179849 0.000238839
 0.00019965 0.0147896 0.0142975 -0.00231194
 -0.000148316 -0.00934998 -0.0102904 0.00218778
 -0.000200034 -0.019812 -0.018455 0.00508152
 9.52641e-05 0.0160156 0.0115168 -0.00387676
 -4.57718e-05 0.0530811 0.0268442 -0.0106007
 -0.000264505 0.0423067 0.00848597 -0.00489643
 0.000490437 -0.0343917 0.00603995 -0.000151249
 -2.75712e-05 -0.00759445 -0.00363577 0.00035644
 7.6487e-05 0.00886559 0.00661158 -0.000475247
 -7.448e-05 -0.0109621 -0.00750936 0.000933783
 -0.000244538 -0.0258882 -0.0224673 0.00293682
 0.000305154 0.0369348 0.0289297 -0.00530828
 -0.000353031 -0.0294168 -0.0244402 0.00589033
 0.000230503 0.0311155 0.0213815 -0.00699761
 2.93089e-05 0.0168317 0.00767468 -0.00312075
 8.91994e-05 -0.0307968 -0.0110936 0.00515518
 0.000223264 -0.0332032 0.00449338 0.000807702
 -0.000465708 0.0188228 0.00558972 -0.00269251
 -0.000127759 -0.0282506 -0.0170877 0.00233839
 -0.000428795 -0.0494142 -0.0423997 0.00552285
 -0.000831879 -0.0558326 -0.0622231 0.0094901
 0.000325079 0.037898 0.0261155 -0.00636679
 0.000529539 0.0647373 0.0505567 -0.0132082
 5.45309e-05 -0.0287154 -0.00458604 0.00372942
 0.000288128 -0.0512144 -0.0196969 0.00896458
 0.000283026 -0.00346992 0.000145173 0.000683751
 -0.000121707 0.0320493 0.0057846 -0.00330644
 0.000229731 0.000752633 0.00393062 -0.000804503
 -0.00110823 -0.0839138 -0.0860848 0.0128671
 -0.0008962 -0.0542052 -0.0698576 0.0110396
 0.000432683 0.0487526 0.031166 -0.00858324
 -5.79897e-05 0.0246499 0.0176741 -0.00385372
 0.000352512 0.075744 0.0526603 -0.0171117
 0.000281372 0.033577 0.0313964 -0.00965656
 0.000454896 -0.00979806 0.0334736 -0.00779134
 0.00116298 -0.0722795 0.0267101 -0.00223319
 0.00123826 -0.0686588 0.0282455 -0.00429345
 -0.000416846 -0.0217107 -0.0400156 0.00616272
 -0.000429234 -0.0119844 -0.0248165 0.00579475
 0.000588368 0.0775715 0.0505071 -0.0155423
 0.00043053 0.0563987 0.0603515 -0.0169765
 0.000137692 0.11491 0.0903677 -0.0318251
 -0.000213446 0.0798512 0.0739571 -0.0262906
 0.000239277 -0.0110553 0.0695792 -0.0198248
 0.00118765 -0.0801737 0.0696976 -0.0171106
 0.000177237 0.0300403 0.00659678 -0.00308331
 0.000440963 0.0283734 0.0233645 -0.00533608
 0.000764844 0.0381481 0.082878 -0.0224666
 0.00047266 0.0678388 0.0985454 -0.031224
 -0.00100555 0.172245 0.111721 -0.0464814
 -0.00136461 0.121725 0.0736662 -0.0320703
 -0.00304722 0.110024 0.0611488 -0.0279452
 0.000622925 -0.0132239 0.0454481 -0.00708222
 0.00100369 0.00588965 0.0495354 -0.0119323
 -0.000622506 0.136193 0.156365 -0.0578331
 -0.00150841 0.106415 0.128527 -0.0495965
 -0.00319319 0.114324 0.106678 -0.0454323
 -0.00932201 0.335497 0.00369337 -0.0277582
 -0.00122192 0.116091 0.184612 -0.0680742
 -0.000163788 0.00674331 0.146136 -0.0474954
 -0.0024348 0.0749101 0.128363 -0.0511152
 -0.00789864 0.222513 0.0973256 -0.0565925
 -0.0122846 0.303477 0.0155249 -0.0340658
 -0.00120473 0.0201137 0.14002 -0.0496098
 -0.00433579 0.110654 0.124588 -0.0555591
 -0.0095182 0.199387 0.107316 -0.0604265
 -0.0155687 0.421287 -0.0756774 -0.0121299
 -0.0064849 0.099174 0.144948 -0.0646697
 -0.0160159 0.3936 -0.0060713 -0.0394262
 -0.0170816 0.411019 -0.10691 -0.000640586
 -0.019078 0.436909 -0.0902718 -0.0121863
 -0.0152937 0.332906 -0.112433 0.00921671
 -0.0134539 0.202242 -0.0663842 0.00455385
