**************************************************************
***  MERIS LUT-169: Fourier series terms (s0,..,s5)[TERM]] ***
***                 of polynomial coefficients (k0,..,k3)  ***
***                 for each of 81 aerosol models [IAER],  ***
***                 & for each of 78 geometries [SVZA]     ***
***  - - - - - - - - - - - - - - - - - - - - - - - - - - - ***
***  => useful for multiplicative aer.scat.fct. retrieval  ***
**************************************************************

12 Gaussian angles (deg): SZA/VZA
------------------------         

 2.84 17.64 28.77 36.19 43.61 51.03 58.46 65.88 69.59 73.30 77.01 80.72

Coefficients: [SVZA x (k0,k1,k2,k3)]
------------                        

 Aerosol model #12
 - - - - - - -  

Fourier series term #0
 1.01179 1.15338 0.660153 -0.0571557
 1.01358 1.24721 0.758963 -0.0762367
 1.01669 1.40981 0.930378 -0.116542
 1.01943 1.55618 1.07745 -0.161289
 1.02384 1.85764 1.31343 -0.238438
 1.02812 2.26552 1.5355 -0.342117
 1.02901 2.74987 1.57941 -0.441371
 1.02253 3.37573 1.24413 -0.469337
 1.01512 3.73824 0.823176 -0.408342
 1.00602 4.11293 0.170285 -0.257937
 1.00157 4.44164 -0.714004 0.00576551
 1.02141 4.54046 -1.65297 0.348605
 1.01427 1.33744 0.840299 -0.0912698
 1.01745 1.53454 1.02846 -0.138158
 1.02056 1.75367 1.20929 -0.192863
 1.02368 2.02992 1.38784 -0.266629
 1.02602 2.39395 1.51679 -0.355785
 1.02551 2.88156 1.49502 -0.439023
 1.01811 3.49668 1.10864 -0.446222
 1.0107 3.84585 0.676985 -0.37619
 1.00205 4.20853 0.0296194 -0.221113
 0.998366 4.52548 -0.834092 0.0416174
 1.01881 4.61172 -1.74306 0.378219
 1.02228 1.75363 1.24328 -0.207963
 1.02517 1.97626 1.39956 -0.271476
 1.02772 2.25644 1.53293 -0.350217
 1.02906 2.61374 1.5928 -0.436039
 1.02715 3.05508 1.47803 -0.502407
 1.01898 3.60935 1.02793 -0.488959
 1.01179 3.93628 0.594936 -0.414135
 1.00378 4.27875 -0.0338109 -0.259685
 1.00105 4.57426 -0.863101 -0.00295284
 1.0222 4.6476 -1.73274 0.324751
 1.02827 2.19236 1.49462 -0.322483
 1.0301 2.47988 1.571 -0.393104
 1.0302 2.82554 1.54987 -0.459921
 1.02681 3.26134 1.35512 -0.499417
 1.01686 3.785 0.82353 -0.448441
 1.00895 4.08896 0.358085 -0.353389
 1.00061 4.40691 -0.288279 -0.181682
 0.998162 4.69517 -1.11711 0.085254
 1.02038 4.77174 -1.97293 0.415846
 1.03091 2.74014 1.58494 -0.456173
 1.02958 3.0805 1.49799 -0.507148
 1.02453 3.48867 1.23267 -0.522454
 1.01327 3.99376 0.652521 -0.446263
 1.00504 4.28398 0.170013 -0.338386
 0.996885 4.57813 -0.481784 -0.156059
 0.995357 4.8311 -1.29644 0.115355
 1.0192 4.87537 -2.11815 0.441344
 1.02636 3.39018 1.32981 -0.532172
 1.01961 3.78972 1.00192 -0.520752
 1.00689 4.27044 0.366181 -0.412796
 0.998362 4.55305 -0.13287 -0.290511
 0.990586 4.84432 -0.793232 -0.0960475
 0.990524 5.08031 -1.60221 0.18331
 1.01722 5.0854 -2.39223 0.507739
 1.01077 4.15243 0.599548 -0.471404
 0.996837 4.63792 -0.0846428 -0.330407
 0.988201 4.90456 -0.602254 -0.190189
 0.981412 5.1841 -1.26888 0.0185436
 0.984246 5.40596 -2.06424 0.304563
 1.01564 5.38385 -2.81438 0.624758
 0.982871 5.08682 -0.809815 -0.151659
 0.975527 5.36603 -1.33981 0.00434806
 0.972225 5.6086 -1.99286 0.22359
 0.979888 5.79221 -2.75315 0.512797
 1.01914 5.72269 -3.42756 0.817839
 0.97025 5.592 -1.85868 0.167898
 0.968878 5.84904 -2.50582 0.391924
 0.981167 6.01255 -3.22892 0.674685
 1.02723 5.86945 -3.81394 0.95536
 0.971476 6.05819 -3.11871 0.614691
 0.990347 6.18213 -3.7755 0.881197
 1.04503 5.9747 -4.24849 1.1263
 1.01844 6.18622 -4.29024 1.10649
 1.08309 5.91932 -4.62208 1.30041
 1.15634 5.50385 -4.71047 1.40529

Fourier series term #1
 -0.000432523 -0.0404268 -0.0242475 0.00211474
 -0.000273765 -0.0156604 -0.0147198 0.00159362
 -0.000292341 -0.0106975 -0.0146423 0.00217176
 -0.000459577 -0.0209173 -0.0226806 0.00400586
 -0.000827026 -0.0481036 -0.0404383 0.00842094
 -0.000713146 -0.045318 -0.0290482 0.00831756
 -0.000533899 -0.0458919 -0.0102895 0.00598099
 -0.000347449 -0.0449724 0.0169012 -0.000275713
 -0.000341648 -0.0417778 0.0317074 -0.0049376
 -0.000507887 -0.0340623 0.0442041 -0.0099536
 -0.000984328 -0.0197159 0.0495129 -0.0136502
 -0.00181758 0.00188938 0.0416032 -0.0133071
 -0.00122404 -0.0568701 -0.0654681 0.0082653
 -0.00237792 -0.12052 -0.12435 0.0196364
 -0.00320987 -0.172922 -0.161298 0.0307306
 -0.00380503 -0.228371 -0.176624 0.0419161
 -0.00391089 -0.280547 -0.149151 0.0474403
 -0.0031764 -0.295701 -0.0461045 0.0339481
 -0.00232158 -0.268321 0.114935 -0.00552258
 -0.00250448 -0.238321 0.196782 -0.0325869
 -0.00373053 -0.185358 0.26175 -0.0601132
 -0.00670953 -0.098489 0.283868 -0.0788244
 -0.0115868 0.0264092 0.231317 -0.0741126
 -0.00428533 -0.222161 -0.208235 0.0409299
 -0.00518695 -0.28927 -0.235971 0.0553948
 -0.0056329 -0.357994 -0.224582 0.066036
 -0.00532325 -0.412453 -0.148126 0.0632262
 -0.00442143 -0.448558 0.0011139 0.0371132
 -0.00359059 -0.420779 0.220418 -0.0243489
 -0.00402346 -0.360847 0.335396 -0.0672
 -0.00602325 -0.264181 0.421212 -0.108992
 -0.0105069 -0.127145 0.440528 -0.135092
 -0.0174467 0.0561882 0.353711 -0.126064
 -0.00610917 -0.369105 -0.24512 0.0677786
 -0.00627046 -0.438917 -0.202649 0.0727047
 -0.0057427 -0.495432 -0.0952338 0.0613254
 -0.00471996 -0.511764 0.08693 0.0225645
 -0.00447448 -0.467875 0.312006 -0.0462345
 -0.00555976 -0.401262 0.417993 -0.0888134
 -0.00845435 -0.290596 0.488063 -0.127651
 -0.0140731 -0.123844 0.4832 -0.147604
 -0.0220219 0.102192 0.358052 -0.126772
 -0.00626807 -0.511453 -0.131095 0.0695544
 -0.00558932 -0.552841 0.00905899 0.0450042
 -0.00491964 -0.552529 0.206229 -0.0057764
 -0.00567857 -0.470806 0.428105 -0.083593
 -0.00763419 -0.3916 0.517518 -0.125344
 -0.011521 -0.268982 0.561975 -0.159252
 -0.0180432 -0.08956 0.525303 -0.170581
 -0.0264001 0.147376 0.369015 -0.139482
 -0.00513872 -0.581256 0.164142 0.00785849
 -0.00532068 -0.549684 0.35848 -0.0524776
 -0.00776463 -0.434697 0.543736 -0.129448
 -0.0108114 -0.329846 0.602144 -0.165847
 -0.0158747 -0.184518 0.606972 -0.189628
 -0.0232304 0.0107599 0.523948 -0.185906
 -0.031272 0.248433 0.326774 -0.138572
 -0.00724846 -0.488503 0.511698 -0.110069
 -0.0119344 -0.333433 0.632976 -0.176565
 -0.0163428 -0.21232 0.645516 -0.200849
 -0.022556 -0.0467451 0.597017 -0.207996
 -0.0302962 0.165218 0.459827 -0.184655
 -0.0370776 0.402809 0.220747 -0.118968
 -0.0191985 -0.147434 0.65795 -0.217738
 -0.0248915 -0.00319147 0.610349 -0.222835
 -0.0315584 0.165578 0.500966 -0.206694
 -0.0389091 0.377034 0.3052 -0.157752
 -0.0433809 0.603296 0.029037 -0.0722456
 -0.0305511 0.130542 0.533076 -0.215175
 -0.0375295 0.3171 0.385392 -0.184114
 -0.0440774 0.517888 0.167116 -0.123166
 -0.0460177 0.717972 -0.113258 -0.0306948
 -0.0441271 0.48296 0.212402 -0.138678
 -0.0487083 0.678054 -0.0244502 -0.0667592
 -0.047065 0.841396 -0.293964 0.0281015
 -0.0500574 0.822771 -0.248951 0.00878883
 -0.0438435 0.941456 -0.487619 0.0981528
 -0.032497 0.974542 -0.649568 0.166314

Fourier series term #2
 -0.00010925 -0.0106849 -0.00613434 0.000531395
 -1.84368e-05 -0.0017029 -0.00103987 9.78821e-05
 5.56976e-06 0.000590432 0.000309478 -5.8253e-05
 -1.36716e-06 0.000145058 -9.24134e-05 -2.2089e-05
 -8.4774e-07 0.000489491 -0.000164836 -4.14063e-05
 -1.69783e-05 5.01359e-05 -0.00114444 0.000148508
 -6.43534e-05 -0.0036215 -0.00380618 0.000916653
 -6.64664e-06 0.002825 -0.000757854 5.74546e-05
 -5.8786e-06 0.00378312 -0.000913808 7.208e-05
 -1.51513e-05 -0.000528122 -0.00159221 0.000513517
 -1.1052e-05 -0.00635875 -0.000148746 0.000382317
 -4.71556e-05 -0.00700532 0.0019191 -0.00031205
 -5.74908e-05 -0.00681074 -0.00500724 0.000269119
 0.000196028 0.013594 0.00599132 -0.0017072
 0.000286479 0.0236677 0.0058929 -0.00250134
 5.95264e-05 0.0105607 -0.0170806 0.000763584
 -0.000241012 -0.0114898 -0.0509022 0.00801398
 -0.00023411 -0.0238445 -0.0738462 0.0159065
 0.000267864 -0.031721 -0.0758495 0.0209
 0.000722162 -0.041237 -0.0682859 0.0213891
 0.00130447 -0.052818 -0.0515229 0.018763
 0.00183181 -0.0641278 -0.0251953 0.0119901
 0.00177031 -0.0700762 0.00494466 0.00209841
 0.000256471 0.0216988 -0.0033724 -0.00203486
 0.0001078 0.0200592 -0.0280765 0.00103817
 -0.00017584 0.0100437 -0.0705532 0.00916907
 -0.000427398 -0.00988541 -0.125405 0.0238413
 -0.000327674 -0.0502911 -0.18039 0.0446689
 0.00086156 -0.103525 -0.195443 0.0610699
 0.00205821 -0.128594 -0.172269 0.0609279
 0.00353187 -0.153218 -0.126063 0.0522104
 0.00482473 -0.177984 -0.0596886 0.0339824
 0.00468147 -0.19002 0.0139098 0.00867883
 -0.000172609 0.013141 -0.0703322 0.00775505
 -0.000499613 -0.00171468 -0.130378 0.02129
 -0.000598846 -0.0298547 -0.199458 0.0420937
 2.09898e-05 -0.0783915 -0.256458 0.0672979
 0.00209032 -0.166168 -0.265451 0.0868676
 0.00397193 -0.215976 -0.230513 0.0857591
 0.00627886 -0.265059 -0.161796 0.0721006
 0.00823566 -0.302879 -0.0612964 0.0432724
 0.00785246 -0.312922 0.0463863 0.00491856
 -0.000797737 -0.0247567 -0.208274 0.0423453
 -0.00052411 -0.0646001 -0.287308 0.0702829
 0.000783053 -0.139152 -0.345595 0.101498
 0.00413817 -0.240777 -0.331887 0.118924
 0.00678748 -0.30711 -0.280373 0.114574
 0.00990007 -0.38116 -0.18753 0.0947862
 0.0124829 -0.447784 -0.0529552 0.0553618
 0.0117833 -0.475642 0.0937751 0.00231476
 0.000460338 -0.133563 -0.369835 0.104766
 0.00302166 -0.225972 -0.411397 0.136126
 0.00796489 -0.359373 -0.367285 0.148198
 0.0115038 -0.438631 -0.291477 0.136889
 0.0154128 -0.523344 -0.170516 0.107518
 0.018432 -0.604725 -0.00484591 0.0564474
 0.0171522 -0.650098 0.17532 -0.0101458
 0.00709946 -0.354842 -0.428285 0.164592
 0.0137566 -0.512454 -0.341144 0.164431
 0.0183753 -0.616739 -0.238284 0.144443
 0.022783 -0.715355 -0.0867107 0.103121
 0.0255864 -0.798972 0.105086 0.0399373
 0.0233111 -0.849086 0.310647 -0.039223
 0.0221766 -0.721474 -0.203571 0.147517
 0.0269536 -0.825884 -0.0756581 0.11588
 0.0312433 -0.934436 0.0985003 0.0636983
 0.0333939 -1.04541 0.321076 -0.0130967
 0.0280684 -1.08138 0.531725 -0.0997394
 0.0316852 -0.94783 0.0675894 0.0781103
 0.0354442 -1.06007 0.250955 0.0201619
 0.0363135 -1.16969 0.474932 -0.0598368
 0.0291312 -1.19179 0.672844 -0.144495
 0.0387135 -1.19993 0.450227 -0.0438403
 0.0376625 -1.27887 0.656736 -0.122361
 0.0272292 -1.28215 0.828422 -0.199687
 0.0336917 -1.3577 0.845677 -0.194542
 0.0202591 -1.3349 0.980284 -0.260501
 0.00316026 -1.30325 1.07506 -0.310629

Fourier series term #3
 1.54841e-05 0.0015032 0.000865444 -7.49651e-05
 1.5524e-05 0.00139578 0.00087287 -8.78881e-05
 -1.85025e-05 -0.00153414 -0.00103085 0.000129336
 -1.49641e-06 -9.97159e-05 -6.34475e-05 1.02672e-05
 2.60146e-05 0.00201313 0.00147347 -0.000266737
 -4.03138e-05 -0.00313397 -0.0021437 0.000475891
 1.11687e-05 0.00126216 0.000750426 -0.000212077
 1.80418e-05 0.00332271 0.00124686 -0.000471292
 -1.47042e-05 -0.00218341 -0.000519503 0.000246238
 -1.68006e-05 -0.00637405 -0.000337211 0.00041742
 -1.07259e-05 -0.00397726 0.000600221 4.20834e-07
 1.82092e-06 0.00301911 -0.00106539 0.000211745
 -1.1035e-05 -0.00143632 -0.000581504 6.90334e-05
 -0.000138161 -0.0121985 -0.00758152 0.0010744
 7.2793e-05 0.00542065 0.00595171 -0.000827382
 0.000204032 0.0158934 0.0149526 -0.00273191
 4.28867e-05 0.00356357 0.00613363 -0.00149489
 -9.19186e-05 -0.00460279 -0.00197632 9.87326e-05
 -8.91286e-05 0.00321146 -0.00310866 7.72342e-05
 -9.60026e-05 0.00330501 -0.00577316 0.000889553
 -6.5161e-05 0.00229202 -0.00798699 0.001778
 2.58948e-05 0.00216897 -0.00905659 0.00237073
 0.000190445 0.00222743 -0.00898927 0.00259585
 8.43077e-05 0.00381325 0.00774727 -0.00109799
 0.000230685 0.0139358 0.0191856 -0.00342428
 0.000242444 0.0166916 0.0240213 -0.00526906
 0.000174622 0.0219167 0.0239656 -0.00682517
 -0.000148674 0.0136813 0.00571426 -0.00366974
 -0.000421294 0.00315999 -0.0196175 0.00338651
 -0.000385555 0.00589959 -0.028487 0.00642102
 -0.000207854 0.0106049 -0.0352429 0.00914861
 0.000172857 0.00941858 -0.0389026 0.0114852
 0.000785005 0.00187534 -0.0351836 0.0116261
 0.000270514 0.0161982 0.026053 -0.00534171
 0.000292444 0.0257163 0.0335567 -0.00850154
 5.11246e-05 0.0271975 0.0259523 -0.00892717
 -0.000299604 0.0334983 0.00675574 -0.0062657
 -0.000627042 0.0288286 -0.0309326 0.00385672
 -0.000564689 0.0195507 -0.050353 0.0109256
 -0.00017773 0.00557244 -0.0621533 0.0168863
 0.000586351 0.000795403 -0.0638999 0.0194057
 0.0016918 -0.00414977 -0.0563752 0.0184884
 0.000132996 0.0302248 0.0333959 -0.0106886
 -0.000204334 0.0393145 0.0217472 -0.0105402
 -0.000649886 0.0529385 -0.00797199 -0.00519685
 -0.000933598 0.0541767 -0.0555288 0.00883663
 -0.000722775 0.0461662 -0.0810394 0.0185517
 -2.42368e-05 0.0271715 -0.0987763 0.0276305
 0.00130902 0.00279118 -0.100418 0.0321981
 0.00309473 -0.0226993 -0.082049 0.0292967
 -0.000662565 0.0555849 6.00216e-05 -0.00775073
 -0.00114224 0.0708823 -0.0405056 0.0018888
 -0.00112737 0.070509 -0.0977167 0.0209761
 -0.000583659 0.0658687 -0.12434 0.0320213
 0.000622807 0.0506438 -0.142258 0.0419632
 0.00264251 0.0205448 -0.141333 0.0468741
 0.00529284 -0.0218294 -0.112645 0.0419051
 -0.00144226 0.0775827 -0.0915304 0.016876
 -0.000755022 0.0838342 -0.149152 0.0383047
 0.000525719 0.0666377 -0.173973 0.0510895
 0.0021617 0.0555414 -0.185317 0.05928
 0.00500798 0.0231109 -0.175958 0.0618656
 0.00848968 -0.0215783 -0.137891 0.0539859
 0.000982731 0.0666749 -0.201677 0.062594
 0.00271229 0.0649248 -0.217321 0.0717193
 0.00530505 0.0436816 -0.217475 0.0772913
 0.00899007 0.00154526 -0.190616 0.0740654
 0.0130465 -0.0404645 -0.140435 0.0604247
 0.00459869 0.04549 -0.224803 0.0795227
 0.00758302 0.0298239 -0.219053 0.0821649
 0.0117881 -0.00914085 -0.186022 0.0758049
 0.0160392 -0.0662113 -0.118984 0.0563751
 0.0116529 -0.00994565 -0.192295 0.078454
 0.0154357 -0.0404671 -0.155224 0.0689078
 0.0188823 -0.0808655 -0.0957359 0.0501796
 0.0192299 -0.0844469 -0.104923 0.055133
 0.0222833 -0.0982035 -0.0582862 0.0379648
 0.0244937 -0.128066 0.00414932 0.0147909

Fourier series term #4
 1.1603e-05 0.00113952 0.000649236 -5.61309e-05
 7.96995e-06 0.000733317 0.000447141 -4.4856e-05
 -6.19679e-06 -0.000537364 -0.000352912 4.39072e-05
 1.59172e-05 0.00123615 0.000869931 -0.000130232
 -1.17502e-05 -0.000954361 -0.000690359 0.00012605
 -4.56785e-06 -0.000541893 -0.00036597 7.95745e-05
 3.13948e-05 0.00252877 0.00149505 -0.000415018
 -9.41044e-06 -0.00265741 -0.000969814 0.0003684
 -2.97111e-06 -0.00354516 -0.000804064 0.000392383
 1.4714e-05 -0.000523173 -3.55655e-05 3.35324e-05
 2.12004e-05 0.00361247 -0.000539976 -1.12462e-05
 4.35493e-05 0.00403288 -0.00138848 0.000282149
 7.79256e-06 0.000444788 0.000467126 -5.24207e-05
 -4.6541e-05 -0.00451651 -0.00295112 0.000375235
 -8.63768e-05 -0.00706255 -0.00528215 0.000841963
 4.11115e-05 0.00376958 0.00276538 -0.000432722
 8.5224e-05 0.00687156 0.0055844 -0.00116039
 -4.40022e-06 -0.0021521 -4.4162e-06 9.4145e-05
 -9.83984e-06 -0.00253127 0.000576007 -1.77869e-05
 -1.0121e-05 -0.00177481 0.000865828 -0.000160684
 -1.35448e-05 -0.000210183 0.000784353 -0.000248074
 -2.24023e-05 0.00149163 0.0002295 -0.00017486
 -2.21227e-05 0.00194723 -0.000401766 2.44935e-05
 -0.000140981 -0.0108893 -0.00824134 0.00138474
 -4.25375e-05 -0.00351995 -0.00239861 0.00059545
 8.1244e-05 0.00412404 0.00542982 -0.000882146
 0.000187305 0.0117958 0.0138918 -0.00297668
 0.000121847 0.00707063 0.0129979 -0.00322167
 -3.72699e-05 -0.00538327 0.00628684 -0.00149807
 -9.14735e-05 -0.00689859 0.00553634 -0.00136206
 -0.0001503 -0.00363671 0.00551255 -0.00167793
 -0.0002157 -0.000463931 0.00370298 -0.00138087
 -0.000226306 0.00138434 0.0008158 -0.000511763
 5.68519e-05 0.00165156 0.0036292 -0.000409378
 0.000162776 0.00694756 0.0115667 -0.00197927
 0.000215319 0.0085053 0.0184953 -0.00384591
 0.000210177 0.0135598 0.02532 -0.00655157
 -5.6245e-05 0.00469255 0.0211277 -0.00626601
 -0.0002196 -0.00408553 0.0158188 -0.00478394
 -0.000344574 -0.00511302 0.0112903 -0.00370811
 -0.000460818 -0.00101148 0.00687835 -0.00268356
 -0.000507825 -0.000703052 0.00327364 -0.00146375
 0.000217884 0.00516364 0.0180786 -0.00346302
 0.000309421 0.0118819 0.0307099 -0.00727606
 0.000162841 0.00945512 0.0375191 -0.0102199
 -0.000180548 0.0192403 0.0384228 -0.0129234
 -0.000485336 0.015296 0.0318446 -0.0115868
 -0.000775533 0.011956 0.0221981 -0.00894365
 -0.00096092 0.00606128 0.0123991 -0.00553933
 -0.000997235 -0.00345039 0.00736023 -0.00312176
 0.000205417 0.00668923 0.0408294 -0.0105824
 -3.95588e-05 0.0161749 0.0528717 -0.0161933
 -0.000654516 0.0256406 0.0512089 -0.0187047
 -0.00115143 0.0314586 0.0437347 -0.0178123
 -0.00164889 0.0335714 0.0314756 -0.0146786
 -0.00200297 0.0309898 0.0156235 -0.00927394
 -0.00198485 0.0213389 0.00339611 -0.00394065
 -0.00068079 0.0223331 0.060087 -0.0206701
 -0.00154649 0.0336884 0.0601733 -0.0245746
 -0.00225281 0.0387025 0.049633 -0.0224489
 -0.00321186 0.0547474 0.0314572 -0.0178307
 -0.00345184 0.0494748 0.0160709 -0.0125317
 -0.00380583 0.0551689 -0.0081794 -0.00300375
 -0.00303979 0.0447124 0.0518001 -0.0247415
 -0.00400898 0.0630227 0.0396379 -0.022936
 -0.00489814 0.0661266 0.0239744 -0.018041
 -0.0056851 0.0727919 0.00177627 -0.0102632
 -0.00578902 0.0695715 -0.0172308 -0.0018926
 -0.00512543 0.0595842 0.0301746 -0.0200144
 -0.00618802 0.0816272 0.00937345 -0.0146485
 -0.0069023 0.0889437 -0.0122221 -0.00681603
 -0.00712062 0.0732948 -0.02333 -0.000151094
 -0.00743586 0.0828921 -0.00209216 -0.0107835
 -0.00837515 0.0969267 -0.0268739 -0.00203895
 -0.00817768 0.087225 -0.0410761 0.00567577
 -0.00878401 0.0832528 -0.0306782 0.00104956
 -0.00914867 0.0874107 -0.0507311 0.00993023
 -0.0088943 0.0705197 -0.0470538 0.011007

Fourier series term #5
 1.86448e-06 0.000183806 0.00010396 -8.98956e-06
 -3.48464e-06 -0.000313884 -0.000195676 1.96949e-05
 4.9266e-06 0.000407308 0.000275355 -3.45865e-05
 -2.3274e-07 -8.51162e-06 -1.21225e-05 2.23023e-06
 -6.77671e-06 -0.000530017 -0.000378089 6.80594e-05
 1.17758e-05 0.000927757 0.00064014 -0.000142575
 -3.84881e-06 -0.000377778 -0.000211858 6.14258e-05
 -6.27686e-06 -0.00101365 -0.000405102 0.00014794
 3.67983e-06 0.000652657 0.000120501 -6.6287e-05
 4.32113e-06 0.00194791 9.26047e-05 -0.000125725
 2.01845e-06 0.00125448 -0.000167221 -7.76864e-06
 -1.97015e-06 -0.000887059 0.000335996 -7.03899e-05
 -2.95105e-05 -0.00301437 -0.00175593 0.000187501
 2.70855e-05 0.00204875 0.00159703 -0.000218225
 -4.3587e-05 -0.00386585 -0.00271635 0.000410718
 -3.12543e-05 -0.00244019 -0.00200003 0.000364182
 4.16593e-05 0.00408819 0.00272352 -0.000587583
 -5.46053e-06 -0.000787888 -0.000249435 9.13187e-05
 5.54365e-06 0.000568505 4.7353e-05 -4.03571e-05
 2.00556e-06 -0.000317432 -0.000157864 6.09602e-05
 -3.17965e-07 -0.0015067 9.31882e-05 5.63765e-05
 -5.9307e-06 -0.00109384 0.000522727 -0.000100649
 -1.03618e-05 0.00064219 8.10457e-05 -4.68752e-05
 -4.65902e-05 -0.00399512 -0.00285095 0.000434666
 -8.99966e-05 -0.00659709 -0.00559597 0.00100539
 -0.000101493 -0.00782127 -0.00635009 0.00136546
 6.03515e-05 0.00554153 0.00334564 -0.000814233
 0.000100605 0.00951195 0.00626601 -0.0018039
 1.59481e-05 -0.0015516 0.00094632 -9.9665e-05
 1.39687e-05 -0.00433755 0.000241237 0.000244312
 2.21632e-05 -0.00249602 0.00106712 -0.000123493
 1.13915e-05 -0.00126536 0.00142696 -0.000349922
 -1.69047e-05 -0.00149473 0.001686 -0.000465742
 -0.000137531 -0.0100642 -0.00823104 0.00165072
 -5.70397e-05 -0.00393246 -0.00413625 0.000967879
 4.82837e-05 0.00337709 0.00173149 -0.000386765
 0.000123755 0.00995126 0.00747324 -0.00201041
 0.000100244 0.00927077 0.00698714 -0.00219453
 5.75488e-05 0.0017762 0.0045877 -0.00125975
 2.99435e-05 -0.0044161 0.0042574 -0.000922522
 2.44304e-06 -0.00690877 0.00511321 -0.00115932
 -5.4602e-05 -0.00545579 0.00500772 -0.00132838
 -2.28342e-05 -0.00272835 -0.00293033 0.000829069
 7.56452e-05 0.00339815 0.00285877 -0.000519118
 0.000152346 0.00796963 0.00785113 -0.00206818
 0.000149149 0.0129052 0.0130614 -0.00414465
 8.64197e-05 0.0131703 0.0123842 -0.00429998
 -6.54943e-07 0.00831318 0.0106528 -0.00374073
 -7.30089e-05 -0.00107362 0.00991386 -0.00311506
 -0.000126183 -0.00809191 0.0098294 -0.00283415
 0.000132797 0.00247536 0.00483912 -0.000951707
 0.000229099 0.00690987 0.0120619 -0.00320514
 0.000142313 0.00851076 0.0179267 -0.00556826
 7.27478e-05 0.0140306 0.0196037 -0.00689722
 -0.000137581 0.0200546 0.0166834 -0.0068107
 -0.000266959 0.0179669 0.0125343 -0.0055496
 -0.000420394 0.011748 0.00893214 -0.00396872
 0.000176752 0.00249538 0.0174377 -0.00468441
 0.000113839 0.00986825 0.0235333 -0.00792408
 -0.000148484 0.0156708 0.0253542 -0.00954679
 -0.000440207 0.020277 0.0221479 -0.00916073
 -0.000673275 0.025739 0.0162306 -0.00806907
 -0.000956766 0.0363711 0.00229583 -0.00372158
 -0.00020091 0.011804 0.0293112 -0.0109554
 -0.000468283 0.0212485 0.0281111 -0.0118653
 -0.000818387 0.0296852 0.0222412 -0.0110322
 -0.00119945 0.0357599 0.0127151 -0.00834222
 -0.00135495 0.0421212 -0.000427456 -0.00387035
 -0.000636792 0.0172821 0.0273819 -0.0118118
 -0.00103876 0.0364516 0.0176474 -0.0104113
 -0.00148831 0.0463368 0.00564983 -0.00697976
 -0.0016924 0.0506575 -0.00877042 -0.00167305
 -0.00164681 0.0357692 0.0123103 -0.00869765
 -0.00201558 0.0622345 -0.010299 -0.00249875
 -0.001675 0.0646159 -0.0234821 0.00277584
 -0.00216865 0.0570016 -0.0127522 -0.00148276
 -0.00173827 0.0706205 -0.0354127 0.00684432
 -0.00151909 0.0586728 -0.0369085 0.00928476


