**************************************************************
***  MERIS LUT-169: Fourier series terms (s0,..,s5)[TERM]] ***
***                 of polynomial coefficients (k0,..,k3)  ***
***                 for each of 81 aerosol models [IAER],  ***
***                 & for each of 78 geometries [SVZA]     ***
***  - - - - - - - - - - - - - - - - - - - - - - - - - - - ***
***  => useful for multiplicative aer.scat.fct. retrieval  ***
**************************************************************

12 Gaussian angles (deg): SZA/VZA
------------------------         

 2.84 17.64 28.77 36.19 43.61 51.03 58.46 65.88 69.59 73.30 77.01 80.72

Coefficients: [SVZA x (k0,k1,k2,k3)]
------------                        

 Aerosol model #45
 - - - - - - -  

Fourier series term #0
 1.01977 1.40498 0.590147 -0.101705
 1.02125 1.49478 0.638417 -0.117788
 1.02445 1.69875 0.731628 -0.150897
 1.02756 1.90626 0.806838 -0.184185
 1.03086 2.14689 0.856718 -0.221838
 1.03388 2.42221 0.843556 -0.256585
 1.03562 2.73137 0.706106 -0.271237
 1.03429 3.06065 0.347684 -0.227762
 1.03208 3.2213 0.0442367 -0.162618
 1.02981 3.36181 -0.361434 -0.0525002
 1.03132 3.44188 -0.854764 0.109277
 1.04754 3.35184 -1.32188 0.29542
 1.02175 1.63369 0.686822 -0.134865
 1.02481 1.83813 0.760844 -0.166889
 1.02745 2.0212 0.80298 -0.195249
 1.03055 2.25646 0.820515 -0.227435
 1.03348 2.53102 0.773464 -0.254949
 1.03504 2.83007 0.603397 -0.260115
 1.03338 3.13799 0.225968 -0.20755
 1.03095 3.28679 -0.0772449 -0.139759
 1.02838 3.41752 -0.47502 -0.0293267
 1.02938 3.49276 -0.954659 0.13026
 1.04457 3.4069 -1.40874 0.313254
 1.02743 2.03733 0.785571 -0.187601
 1.02991 2.22158 0.791212 -0.21058
 1.03242 2.43342 0.754788 -0.231835
 1.03455 2.68164 0.651781 -0.245046
 1.03514 2.95693 0.435964 -0.234605
 1.03233 3.23973 0.0324475 -0.167453
 1.02933 3.3772 -0.273415 -0.0941414
 1.02622 3.4996 -0.666223 0.0196944
 1.0267 3.57167 -1.13443 0.180084
 1.04128 3.49089 -1.57538 0.362051
 1.03268 2.38652 0.760296 -0.227661
 1.03508 2.59037 0.689421 -0.241509
 1.03678 2.8077 0.54831 -0.243631
 1.03687 3.04826 0.304317 -0.221541
 1.03381 3.30596 -0.108397 -0.145501
 1.03089 3.43402 -0.410818 -0.0695486
 1.02808 3.54852 -0.794293 0.0450979
 1.02917 3.61469 -1.24745 0.203981
 1.04456 3.53132 -1.67039 0.382582
 1.03807 2.73859 0.616846 -0.259432
 1.03887 2.9376 0.44503 -0.250742
 1.0378 3.14411 0.174634 -0.215406
 1.03385 3.37274 -0.250404 -0.127413
 1.03082 3.49248 -0.551614 -0.0473166
 1.0283 3.6014 -0.92772 0.0693528
 1.03023 3.66241 -1.36572 0.227032
 1.04713 3.57318 -1.76509 0.400286
 1.03872 3.10085 0.242191 -0.227825
 1.03689 3.29334 -0.0475789 -0.179961
 1.03233 3.49714 -0.485418 -0.0781859
 1.02931 3.6051 -0.787296 0.00777892
 1.02722 3.70552 -1.15811 0.128261
 1.03017 3.75998 -1.58269 0.286313
 1.04869 3.66445 -1.95967 0.455484
 1.03432 3.45765 -0.356198 -0.116411
 1.02963 3.66022 -0.806061 -0.000380797
 1.027 3.76064 -1.10937 0.0924841
 1.02593 3.84692 -1.47325 0.217606
 1.03082 3.88365 -1.87796 0.375329
 1.05228 3.76762 -2.21905 0.536809
 1.02557 3.84162 -1.26441 0.132835
 1.02419 3.94063 -1.5665 0.232461
 1.02539 4.0202 -1.91899 0.361071
 1.03396 4.03152 -2.29012 0.514661
 1.06053 3.87267 -2.56776 0.659778
 1.02413 4.02441 -1.85952 0.333961
 1.02737 4.09249 -2.19599 0.461234
 1.03896 4.08933 -2.53923 0.608421
 1.06941 3.90219 -2.76791 0.738571
 1.03355 4.13209 -2.49983 0.58196
 1.04919 4.10031 -2.79633 0.715975
 1.08446 3.88001 -2.95943 0.823857
 1.0699 4.01854 -3.01718 0.825849
 1.11057 3.7486 -3.08588 0.899461
 1.15584 3.41367 -3.02941 0.924882

Fourier series term #1
 -0.000217493 -0.0148431 -0.00654967 0.00111295
 -0.000161447 -0.00733715 -0.00470234 0.000782891
 -0.000469934 -0.0255611 -0.0123361 0.00243806
 -0.000541792 -0.0274935 -0.0113754 0.00255562
 -0.000601181 -0.028411 -0.00758118 0.00212748
 -0.000661515 -0.0287495 -0.000627705 0.000897235
 -0.000712827 -0.0265776 0.00984802 -0.00159637
 -0.000775824 -0.0191596 0.0219025 -0.00541209
 -0.000847454 -0.0125063 0.026626 -0.00743562
 -0.000988194 -0.00338186 0.0285108 -0.00891553
 -0.00121438 0.00827851 0.0255817 -0.00902177
 -0.0014591 0.02171 0.0161848 -0.00677331
 -0.00140532 -0.0790263 -0.0403151 0.00750953
 -0.00246354 -0.133241 -0.0574168 0.0122777
 -0.00316167 -0.16444 -0.0554651 0.013766
 -0.00366838 -0.177262 -0.032314 0.0108885
 -0.00407936 -0.174933 0.0116207 0.00232604
 -0.00440867 -0.153556 0.0726996 -0.0133163
 -0.00483783 -0.100943 0.136075 -0.0349989
 -0.00532809 -0.0585613 0.157511 -0.0455193
 -0.00619946 -0.00344996 0.162139 -0.0525178
 -0.00760167 0.0652611 0.138905 -0.0511967
 -0.00906867 0.143155 0.0800334 -0.0365986
 -0.00399457 -0.203443 -0.0648955 0.015666
 -0.00496385 -0.239559 -0.0478465 0.0145879
 -0.00592789 -0.267261 -0.00931846 0.00872977
 -0.00665173 -0.263095 0.056815 -0.00568207
 -0.00717755 -0.216109 0.141326 -0.0297076
 -0.00797932 -0.120837 0.215862 -0.0588313
 -0.00884005 -0.0515391 0.233638 -0.0710478
 -0.010317 0.0345046 0.224712 -0.0766797
 -0.0125096 0.137716 0.175609 -0.0694707
 -0.0146066 0.251292 0.0778882 -0.0432443
 -0.00619805 -0.281765 -0.0188641 0.0107859
 -0.00725129 -0.298898 0.0355437 0.000178847
 -0.00815745 -0.289528 0.110182 -0.0181612
 -0.00884578 -0.229436 0.196208 -0.0454187
 -0.00982952 -0.108822 0.262735 -0.0759972
 -0.0108514 -0.0244067 0.270975 -0.0872101
 -0.0125298 0.0774382 0.247973 -0.0900155
 -0.0148702 0.196432 0.180126 -0.077723
 -0.0167604 0.323856 0.0605956 -0.0442924
 -0.0085436 -0.308056 0.0971914 -0.013857
 -0.00946498 -0.277848 0.177317 -0.0371484
 -0.0103984 -0.206614 0.254825 -0.0658266
 -0.011806 -0.0725747 0.301424 -0.0940892
 -0.0130789 0.021657 0.295581 -0.102446
 -0.0149751 0.134638 0.255493 -0.100854
 -0.017338 0.264112 0.168486 -0.0826198
 -0.0186744 0.397667 0.0315593 -0.0428057
 -0.0106382 -0.234 0.247636 -0.0615309
 -0.0119175 -0.139439 0.304334 -0.0884301
 -0.0139549 0.0035371 0.3162 -0.10866
 -0.0155585 0.100908 0.289598 -0.110879
 -0.0176896 0.218112 0.227509 -0.101956
 -0.0199993 0.351946 0.118735 -0.0755806
 -0.0206251 0.486008 -0.0353664 -0.0282754
 -0.0137763 -0.0349129 0.32623 -0.107683
 -0.0164721 0.124776 0.294203 -0.116117
 -0.0183747 0.223188 0.242915 -0.10987
 -0.0206036 0.336185 0.157092 -0.0914547
 -0.0225431 0.462226 0.0288006 -0.0559211
 -0.0219359 0.583327 -0.135071 -0.00215595
 -0.0198681 0.283788 0.211207 -0.106729
 -0.0218917 0.384891 0.13247 -0.089799
 -0.0238668 0.495731 0.0213846 -0.0601573
 -0.0248256 0.606566 -0.122445 -0.0151162
 -0.0221283 0.69779 -0.283331 0.0425278
 -0.0237963 0.479191 0.0418364 -0.066835
 -0.0253058 0.584326 -0.0785544 -0.0318876
 -0.0253177 0.686395 -0.226383 0.0169432
 -0.0210133 0.758354 -0.378635 0.074295
 -0.0260061 0.674015 -0.201215 0.00685927
 -0.0245981 0.759756 -0.344959 0.0571552
 -0.0182122 0.809614 -0.481427 0.111505
 -0.0212082 0.816658 -0.470473 0.104301
 -0.0123368 0.834352 -0.576961 0.150512
 -0.000732815 0.807659 -0.6344 0.18108

Fourier series term #2
 -3.29219e-05 -0.00234625 -0.00098452 0.00016975
 1.92688e-05 0.00131722 0.000533225 -9.90073e-05
 -7.24803e-07 -0.000191153 -0.00020344 3.89737e-05
 -4.97172e-06 -0.000560684 -0.000495786 0.00010371
 3.78506e-07 -0.000313507 -0.00056653 0.000124702
 2.86371e-06 -0.000363402 -0.000767764 0.000187094
 2.9909e-06 -0.000750937 -0.000979707 0.000278486
 1.03666e-05 -0.000820028 -0.000866242 0.000287153
 1.337e-05 -0.000995464 -0.000697881 0.000262633
 1.43312e-05 -0.00135415 -0.000393124 0.000197974
 1.20167e-05 -0.00167233 6.34602e-05 6.76266e-05
 -8.25809e-08 -0.00162784 0.000478041 -8.69304e-05
 0.000132459 0.00780785 0.00183181 -0.000394732
 9.7979e-05 0.0011915 -0.00504475 0.000917354
 -9.39438e-06 -0.0115735 -0.0151139 0.00321206
 1.93343e-05 -0.0161614 -0.0229525 0.00533951
 0.000119601 -0.018972 -0.0294622 0.00759272
 0.000229771 -0.0267858 -0.0335288 0.00991565
 0.000389036 -0.039685 -0.029357 0.0105965
 0.000501699 -0.0467769 -0.0220521 0.00937136
 0.000610383 -0.0530606 -0.0107003 0.00654641
 0.000607598 -0.0568584 0.00366742 0.00207055
 0.000232564 -0.0551002 0.017073 -0.00301915
 0.000128299 -0.00904277 -0.0207031 0.00423454
 0.000190861 -0.0178025 -0.0358786 0.00793451
 0.000197455 -0.0382863 -0.0562272 0.0138317
 0.000310408 -0.0600609 -0.0724268 0.020069
 0.000580538 -0.083491 -0.0764823 0.0245618
 0.00104276 -0.112281 -0.0594912 0.0240044
 0.00135459 -0.127187 -0.0398617 0.0200753
 0.00164399 -0.140139 -0.0121534 0.0127063
 0.00165918 -0.147686 0.0213065 0.00186696
 0.000781101 -0.142941 0.051779 -0.0100926
 0.000236703 -0.0354096 -0.0589481 0.0141777
 0.000349935 -0.0584821 -0.0825673 0.0218439
 0.000443748 -0.0980631 -0.102483 0.0307439
 0.00075701 -0.141101 -0.103482 0.0365025
 0.00143226 -0.182523 -0.0731432 0.0337741
 0.00188881 -0.201776 -0.0432824 0.0271993
 0.00229548 -0.218011 -0.00326314 0.0160137
 0.00228439 -0.226934 0.0437623 0.000247656
 0.000972024 -0.219086 0.0859734 -0.0168649
 0.000384647 -0.0954497 -0.112756 0.0332744
 0.000636155 -0.142614 -0.128738 0.0429199
 0.00108104 -0.205594 -0.122389 0.0487726
 0.00201445 -0.265196 -0.0767359 0.0430788
 0.00262873 -0.289992 -0.0359164 0.0333314
 0.00313553 -0.309502 0.0166961 0.0178409
 0.00302994 -0.319208 0.0768296 -0.00310249
 0.00114563 -0.307394 0.129546 -0.0252803
 0.00101108 -0.208098 -0.136989 0.052426
 0.00176292 -0.278021 -0.115817 0.0550186
 0.00296168 -0.355854 -0.0529999 0.0449674
 0.00369165 -0.39001 -0.00154787 0.0319255
 0.00424275 -0.415946 0.0629068 0.0121324
 0.00396273 -0.427875 0.134799 -0.0138322
 0.00139288 -0.41224 0.195986 -0.0406587
 0.00280153 -0.364248 -0.0786305 0.0536305
 0.00430705 -0.446622 0.00219384 0.0370259
 0.00508297 -0.488028 0.0630054 0.0204319
 0.00553632 -0.523447 0.137634 -0.00334173
 0.00487572 -0.54206 0.219216 -0.0336244
 0.00135579 -0.525762 0.285999 -0.0640276
 0.00590956 -0.545165 0.101201 0.0133527
 0.00655901 -0.587135 0.168674 -0.00694447
 0.00663776 -0.622467 0.247778 -0.0338933
 0.00521931 -0.644336 0.332602 -0.0666439
 0.000325468 -0.629069 0.398675 -0.0980507
 0.00693801 -0.634383 0.23917 -0.0286885
 0.00662939 -0.669344 0.318327 -0.0565287
 0.0046067 -0.686764 0.399329 -0.0889923
 -0.00122131 -0.666856 0.458208 -0.118527
 0.00570955 -0.707592 0.397095 -0.0846957
 0.00282647 -0.720406 0.471027 -0.11546
 -0.00408472 -0.691684 0.517016 -0.141041
 -0.00121258 -0.732165 0.536593 -0.143366
 -0.00941689 -0.694085 0.564846 -0.162615
 -0.0188214 -0.650428 0.574525 -0.17426

Fourier series term #3
 -2.08929e-06 -0.00014956 -6.23617e-05 1.07654e-05
 2.89322e-06 0.000207654 8.78428e-05 -1.62252e-05
 -4.42594e-07 -3.18136e-05 -1.0335e-05 2.17325e-06
 -7.63722e-09 6.56853e-08 4.08164e-06 -7.70058e-07
 1.24478e-06 9.04759e-05 4.03517e-05 -1.03001e-05
 -2.31958e-06 -0.000157429 -5.27324e-05 1.60458e-05
 7.26423e-07 6.64398e-05 1.37763e-05 -5.96476e-06
 1.68174e-06 0.000152641 5.4721e-06 -8.32498e-06
 -6.79561e-07 -7.73397e-05 -1.80791e-05 8.68887e-06
 -1.83739e-06 -0.000239206 4.42594e-06 1.02286e-05
 -7.25566e-07 -0.000148237 1.44582e-05 2.50563e-06
 2.4023e-06 9.8202e-05 -5.85345e-05 1.52726e-05
 9.6746e-06 0.000808539 0.000490934 -9.28855e-05
 9.83329e-05 0.00775588 0.00376322 -0.000809522
 1.50634e-06 0.000523193 0.00101555 -0.00021842
 -3.63479e-05 -0.00200179 -1.23076e-05 2.74496e-05
 -2.10433e-05 -0.000511972 8.80316e-06 -2.55351e-05
 9.05448e-06 0.00149638 -0.000809614 0.000104816
 4.86547e-05 0.00235587 -0.00289285 0.000681086
 7.76886e-05 0.00190491 -0.00402852 0.00109352
 0.000120891 0.000861181 -0.0047484 0.00145094
 0.000183372 -0.000676987 -0.00460547 0.00157021
 0.000250279 -0.00248768 -0.00333433 0.00128538
 7.35601e-05 0.00684624 0.00440839 -0.000992298
 7.02135e-05 0.00790291 0.0051806 -0.00128802
 -1.88516e-05 0.00156235 0.00204921 -0.000593993
 -2.93313e-05 5.59645e-05 -0.00145613 0.000205045
 6.37751e-05 0.00384091 -0.00605616 0.00129505
 0.000228056 0.00535219 -0.0127898 0.00338117
 0.000356363 0.00377786 -0.0157797 0.0046036
 0.000539039 0.000273195 -0.0171085 0.00550834
 0.000784245 -0.00509836 -0.01544 0.005534
 0.00103478 -0.0114995 -0.0100303 0.00416641
 3.47869e-05 0.00657606 0.0046184 -0.00128472
 6.40844e-05 0.0100197 0.00318807 -0.00123666
 5.27557e-05 0.00635531 -0.00434556 0.00063024
 0.000163064 0.00512767 -0.0144972 0.00355654
 0.000454787 0.00437245 -0.0249185 0.00721755
 0.000689128 0.00120961 -0.028549 0.00898319
 0.00101063 -0.00473725 -0.0291482 0.0100465
 0.00142594 -0.0130059 -0.0250311 0.0096073
 0.00182821 -0.0225962 -0.0153497 0.00698593
 0.000107924 0.0120309 -0.00171486 -0.000294331
 0.000235799 0.0162264 -0.0113613 0.00204897
 0.000409249 0.0093776 -0.0272996 0.00726256
 0.000850127 -0.001102 -0.0410149 0.0130664
 0.00123339 -0.00757406 -0.0441175 0.0152109
 0.00174592 -0.0161529 -0.0426003 0.016036
 0.0023643 -0.0272106 -0.0346324 0.0146312
 0.00290284 -0.0392368 -0.0197711 0.0103278
 0.00044026 0.0162941 -0.0261089 0.00640499
 0.00084219 0.0128031 -0.0434367 0.0125062
 0.00153712 -0.00820704 -0.056917 0.0196088
 0.00210678 -0.0217553 -0.0575444 0.0217392
 0.00285049 -0.0360463 -0.0516358 0.0216917
 0.00369833 -0.0509673 -0.0377237 0.0185171
 0.00435642 -0.0648438 -0.0164459 0.011849
 0.00149308 0.000724569 -0.0604402 0.0198055
 0.00262968 -0.0183819 -0.0689676 0.025909
 0.00343904 -0.0364242 -0.0653383 0.0271521
 0.00442863 -0.0582937 -0.0531229 0.0255529
 0.00547724 -0.0800583 -0.0313907 0.0199629
 0.00615138 -0.0973548 -0.00271052 0.0104684
 0.00427783 -0.0472517 -0.0674577 0.0297665
 0.00536338 -0.0630354 -0.0584608 0.0289112
 0.00658208 -0.0827402 -0.0409145 0.0249801
 0.00772454 -0.106738 -0.0126624 0.0167595
 0.00824007 -0.127726 0.0226369 0.00453415
 0.0065589 -0.0833901 -0.0446501 0.0265425
 0.0078035 -0.101579 -0.0247228 0.0213687
 0.00892179 -0.121109 0.00421364 0.0121522
 0.00920923 -0.13899 0.0391136 -0.000519019
 0.00901422 -0.122793 -0.000300069 0.0144363
 0.00993346 -0.138602 0.0285147 0.0045423
 0.00990731 -0.148805 0.0590243 -0.00741978
 0.0104794 -0.154568 0.058163 -0.00597853
 0.00999873 -0.157322 0.0827394 -0.0165633
 0.00880339 -0.15635 0.101751 -0.0253377

Fourier series term #4
 5.85937e-07 4.27441e-05 1.77422e-05 -3.01169e-06
 6.88083e-07 4.86373e-05 2.06206e-05 -3.83422e-06
 -2.56812e-07 -1.78715e-05 -7.71512e-06 1.60123e-06
 1.09797e-06 7.47711e-05 3.19702e-05 -7.30772e-06
 -8.11217e-07 -5.84119e-05 -2.30588e-05 5.96652e-06
 -3.45221e-07 -2.93959e-05 -1.04684e-05 3.1857e-06
 1.65463e-06 0.000117705 3.14509e-05 -1.1953e-05
 -1.04856e-06 -0.00011118 -1.13867e-05 7.94182e-06
 -1.12279e-06 -0.000142606 -1.68177e-06 7.08271e-06
 2.33186e-07 -1.96381e-05 1.70532e-06 4.07562e-07
 1.70098e-06 0.000133756 -3.29073e-05 4.12121e-06
 2.54854e-06 0.000143143 -5.49013e-05 1.2045e-05
 -6.60467e-05 -0.00504169 -0.00210714 0.000414841
 6.11156e-05 0.00475551 0.00198802 -0.000436167
 2.35144e-05 0.00178635 0.000831185 -0.000195283
 -8.16181e-06 -0.000632522 -5.65708e-05 2.87403e-05
 -1.14933e-05 -0.000727284 6.62552e-05 7.1607e-06
 -1.17995e-05 -0.000373794 0.000392601 -8.88524e-05
 -1.4718e-05 5.46762e-05 0.000570163 -0.000171561
 -1.62626e-05 0.00032935 0.000501482 -0.000175071
 -1.72987e-05 0.000588237 0.000296656 -0.000132604
 -1.57117e-05 0.000739645 1.68894e-06 -4.57418e-05
 -6.98805e-06 0.000680298 -0.000248896 4.93446e-05
 5.85374e-05 0.00466887 0.00211307 -0.000488903
 9.39209e-05 0.00790004 0.00361838 -0.000911068
 1.59739e-05 0.00210553 0.0020041 -0.000495317
 -5.54515e-05 -0.00268718 0.00128574 -0.000225651
 -7.64559e-05 -0.00211513 0.00235631 -0.000562463
 -9.03168e-05 0.000696373 0.00286541 -0.000918531
 -0.000101641 0.00211766 0.00234265 -0.000884317
 -0.000110871 0.00326089 0.00123544 -0.000630401
 -0.000104114 0.00386995 -0.000235444 -0.000177101
 -5.63477e-05 0.00361165 -0.00147431 0.000303082
 5.50458e-05 0.00525898 0.00341768 -0.000877472
 4.1685e-05 0.00618476 0.00500916 -0.00136713
 -6.89095e-05 -5.64611e-05 0.00467453 -0.00120936
 -0.000152716 -0.00250076 0.00526433 -0.00141236
 -0.000196747 0.00139198 0.00534169 -0.00180653
 -0.00021828 0.00396543 0.00412334 -0.00166075
 -0.000231716 0.00637696 0.00189101 -0.00113369
 -0.000216756 0.00773816 -0.000908033 -0.00025928
 -0.000128896 0.0071631 -0.00310327 0.000627969
 -2.6926e-05 0.00369897 0.0067607 -0.00187667
 -8.11956e-05 0.00617136 0.00974382 -0.0029969
 -0.000230639 0.00266404 0.00981348 -0.0031692
 -0.000350512 0.00384989 0.00795979 -0.00298175
 -0.000394892 0.00648664 0.00572162 -0.00254584
 -0.000419074 0.0095462 0.00228783 -0.00165964
 -0.00039404 0.0114751 -0.00181315 -0.000333187
 -0.000256915 0.0110048 -0.00505988 0.000996125
 -0.000203907 0.0070788 0.0124581 -0.00412435
 -0.000333239 0.0135905 0.013302 -0.00518766
 -0.000540156 0.0127813 0.00907285 -0.00423567
 -0.000625159 0.0126355 0.00564338 -0.00321761
 -0.000672154 0.0134946 0.00140336 -0.00185996
 -0.000642459 0.0145011 -0.00332436 -0.000176979
 -0.000463922 0.0138885 -0.00710379 0.00143773
 -0.000550674 0.0185529 0.0122901 -0.0056816
 -0.000795038 0.0268606 0.00622721 -0.00472224
 -0.000916003 0.0262214 0.00170986 -0.00323669
 -0.000987416 0.0231525 -0.00272658 -0.00140861
 -0.000959074 0.0197597 -0.00665027 0.000444411
 -0.000764155 0.0159162 -0.00911303 0.00192081
 -0.00111626 0.0316794 -0.000586043 -0.00307223
 -0.00126263 0.0356492 -0.00615548 -0.00146655
 -0.00133055 0.0364945 -0.0117006 0.000562795
 -0.00131423 0.0318549 -0.0151214 0.00247193
 -0.00109558 0.0225144 -0.0144266 0.00333438
 -0.00139099 0.0354736 -0.00991771 -0.000107188
 -0.00148746 0.0379416 -0.0156918 0.00193197
 -0.0014435 0.0365941 -0.0199568 0.00390522
 -0.00122326 0.0280644 -0.019161 0.00469049
 -0.0015846 0.0361626 -0.0185581 0.00329589
 -0.00155972 0.0361681 -0.0226033 0.00505389
 -0.00131686 0.0316369 -0.02345 0.00615396
 -0.00156453 0.0321473 -0.0229897 0.00579729
 -0.00135333 0.0291859 -0.0235059 0.00651071
 -0.00132193 0.022898 -0.0202118 0.00597084

Fourier series term #5
 1.95563e-07 1.39054e-05 5.85079e-06 -1.0109e-06
 -3.1198e-07 -2.05462e-05 -9.02643e-06 1.69438e-06
 3.80425e-07 2.69683e-05 1.15917e-05 -2.38372e-06
 -4.42257e-08 -2.06136e-06 -9.19869e-07 2.12284e-07
 -4.5345e-07 -3.26093e-05 -1.30074e-05 3.34548e-06
 6.84123e-07 4.66483e-05 1.65829e-05 -5.08097e-06
 -2.19414e-07 -1.66582e-05 -3.68336e-06 1.47476e-06
 -4.47275e-07 -4.35868e-05 -5.71933e-06 3.45997e-06
 3.18411e-07 2.57103e-05 -3.35895e-07 -1.12713e-06
 6.92664e-07 7.47904e-05 -8.05182e-06 -1.16171e-06
 4.17219e-07 4.59353e-05 -1.05093e-05 1.17783e-06
 -4.74422e-07 -3.11771e-05 1.28707e-05 -2.9238e-06
 -7.31163e-05 -0.00563746 -0.00233512 0.00046079
 2.18873e-05 0.00174708 0.000696238 -0.000154419
 1.59489e-05 0.00124742 0.000509363 -0.000123361
 1.59726e-06 8.56611e-05 3.57922e-05 -9.50309e-06
 -1.47106e-06 -0.000165553 -6.54637e-05 2.06449e-05
 -1.07149e-06 -0.000143456 -3.81789e-05 1.60496e-05
 -5.16393e-07 -8.95349e-05 1.78018e-05 2.32182e-08
 -1.30095e-06 -0.000105773 5.34819e-05 -9.99825e-06
 -2.46692e-06 -9.22753e-05 9.10876e-05 -2.35664e-05
 -3.75767e-06 -1.5291e-05 9.63053e-05 -3.10617e-05
 -4.36e-06 8.21862e-05 4.89041e-05 -2.09894e-05
 5.9727e-06 0.000488723 0.000184926 -4.46861e-05
 7.22714e-05 0.00592902 0.00223261 -0.000588293
 4.26075e-05 0.00344788 0.00121967 -0.000360289
 1.73248e-06 -0.000244961 -8.95651e-05 3.47085e-05
 -9.4171e-06 -0.00136894 -0.000202621 0.000117133
 -1.17708e-05 -0.00118053 0.000328559 -3.07857e-05
 -1.50369e-05 -0.000846732 0.000603495 -0.000135253
 -2.19894e-05 -0.000411297 0.000753538 -0.000217346
 -3.28566e-05 5.13646e-05 0.000696226 -0.000236799
 -4.26392e-05 0.000472143 0.0004164 -0.000169981
 5.25433e-05 0.00412981 0.00148499 -0.000430033
 8.88816e-05 0.00727324 0.0023874 -0.000778981
 3.36717e-05 0.00240102 0.000821727 -0.000284971
 -1.89991e-05 -0.00249625 0.000111906 0.000100223
 -3.4133e-05 -0.00294394 0.00110047 -0.000159442
 -4.41203e-05 -0.0022896 0.00167413 -0.000388757
 -6.16194e-05 -0.00119548 0.00196009 -0.000574685
 -8.67016e-05 2.55493e-05 0.00173482 -0.000603568
 -0.000106298 0.00114352 0.000972405 -0.000417983
 6.37015e-05 0.0047173 0.0016337 -0.000576413
 6.96628e-05 0.00599077 0.0022965 -0.000863252
 -7.97499e-06 -0.000306963 0.00176872 -0.000473224
 -7.53028e-05 -0.00455079 0.00285133 -0.000608848
 -0.000101544 -0.00414817 0.00363366 -0.000923321
 -0.000136605 -0.00248581 0.0039523 -0.00119442
 -0.000182152 -0.000308797 0.00340704 -0.00120845
 -0.000213082 0.00196875 0.00187145 -0.000837477
 2.51489e-05 0.00294638 0.00257658 -0.000859596
 -1.04639e-05 0.00424446 0.00429314 -0.00154892
 -0.000128533 -0.00132079 0.00545359 -0.00171716
 -0.000191181 -0.00303076 0.00610464 -0.00189462
 -0.000255694 -0.00255515 0.00620458 -0.00204598
 -0.000327104 -0.000321616 0.00519027 -0.00192383
 -0.000374685 0.00286427 0.00277125 -0.00130344
 -0.000105038 0.00240467 0.00619343 -0.00218035
 -0.000230559 0.00678664 0.00705165 -0.00301573
 -0.000330424 0.00584661 0.00689084 -0.00301715
 -0.000435391 0.00398259 0.00649672 -0.0028292
 -0.000530487 0.00373997 0.0051939 -0.00239325
 -0.000577061 0.00523619 0.00256819 -0.00152879
 -0.000428694 0.00845923 0.00729331 -0.00350219
 -0.000563248 0.0130237 0.00513508 -0.00325054
 -0.000681572 0.0169085 0.0018166 -0.00244806
 -0.000765352 0.016919 -0.00102202 -0.00139038
 -0.000766466 0.0148318 -0.00326305 -0.000244662
 -0.000689023 0.0143506 0.00358304 -0.00290806
 -0.000811124 0.019903 -0.000883694 -0.00179911
 -0.000866283 0.0238364 -0.00613096 -0.000134791
 -0.000784812 0.0228076 -0.00948927 0.00143721
 -0.00091171 0.021443 -0.00386252 -0.000854068
 -0.00093196 0.026991 -0.0104618 0.00126214
 -0.000716368 0.0293218 -0.0159853 0.00340501
 -0.000880829 0.0278668 -0.0141095 0.00269269
 -0.000554048 0.0312153 -0.0203528 0.00507413
 -0.000149809 0.0295479 -0.0220649 0.00607465


