**************************************************************
***  MERIS LUT-169: Fourier series terms (s0,..,s5)[TERM]] ***
***                 of polynomial coefficients (k0,..,k3)  ***
***                 for each of 81 aerosol models [IAER],  ***
***                 & for each of 78 geometries [SVZA]     ***
***  - - - - - - - - - - - - - - - - - - - - - - - - - - - ***
***  => useful for multiplicative aer.scat.fct. retrieval  ***
**************************************************************

12 Gaussian angles (deg): SZA/VZA
------------------------         

 2.84 17.64 28.77 36.19 43.61 51.03 58.46 65.88 69.59 73.30 77.01 80.72

Coefficients: [SVZA x (k0,k1,k2,k3)]
------------                        

 Aerosol model #57
 - - - - - - -  

Fourier series term #0
 1.0034 0.504324 0.179787 -0.0257512
 1.00794 0.895285 0.425724 -0.0631132
 1.01688 1.52276 0.876684 -0.144198
 1.02347 1.90434 1.16247 -0.213427
 1.03024 2.32025 1.41829 -0.299281
 1.03519 2.73215 1.55061 -0.38737
 1.03566 3.15668 1.47091 -0.453773
 1.02757 3.66252 1.04105 -0.444311
 1.0189 3.9245 0.599563 -0.367004
 1.00851 4.17703 -0.0417341 -0.20747
 1.0028 4.39261 -0.880397 0.0541317
 1.02176 4.42726 -1.76511 0.388326
 1.01278 1.21013 0.657068 -0.102179
 1.01945 1.63208 0.946777 -0.16601
 1.02482 1.98512 1.15805 -0.227772
 1.02992 2.37779 1.34009 -0.303047
 1.03337 2.79035 1.42597 -0.381232
 1.03239 3.22078 1.32559 -0.438573
 1.0227 3.67954 0.885729 -0.416486
 1.01369 3.93714 0.461405 -0.338945
 1.00308 4.21231 -0.153347 -0.184192
 0.996867 4.46115 -0.96995 0.0718798
 1.01475 4.52007 -1.8431 0.403104
 1.02487 1.87911 1.081 -0.215242
 1.029 2.14622 1.18215 -0.263931
 1.03267 2.45926 1.25523 -0.321604
 1.03485 2.83344 1.273 -0.384619
 1.0331 3.22983 1.14115 -0.42788
 1.02358 3.67823 0.72154 -0.400226
 1.01501 3.93067 0.326399 -0.324691
 1.00521 4.20325 -0.249426 -0.175972
 1.00006 4.45922 -1.02343 0.0703602
 1.01884 4.54312 -1.86339 0.391673
 1.0315 2.33159 1.19064 -0.296491
 1.03354 2.58615 1.18602 -0.3385
 1.03383 2.87421 1.12089 -0.378616
 1.03077 3.261 0.959879 -0.408636
 1.02043 3.69859 0.537258 -0.370307
 1.01188 3.96445 0.153356 -0.293357
 1.00234 4.24431 -0.404806 -0.145157
 0.997694 4.51882 -1.15755 0.0976498
 1.01694 4.63896 -1.98252 0.414924
 1.03344 2.74678 1.09024 -0.356253
 1.03205 2.97761 0.964438 -0.376875
 1.0274 3.29012 0.747157 -0.382716
 1.01631 3.74331 0.313131 -0.331802
 1.00782 4.01963 -0.0703671 -0.249491
 0.99871 4.30761 -0.617369 -0.0990185
 0.994787 4.59278 -1.34707 0.140968
 1.01498 4.73397 -2.15007 0.453247
 1.02904 3.13006 0.779223 -0.374264
 1.02269 3.40924 0.508264 -0.354991
 1.01035 3.80264 0.0257504 -0.273164
 1.00166 4.08079 -0.365671 -0.180437
 0.992987 4.40334 -0.915369 -0.0231939
 0.990462 4.70571 -1.63508 0.219692
 1.01308 4.83778 -2.40361 0.525763
 1.01503 3.60146 0.181938 -0.304537
 1.00202 3.98222 -0.350955 -0.191745
 0.993747 4.23429 -0.758246 -0.0832497
 0.986861 4.50029 -1.30506 0.0866889
 0.987268 4.80934 -2.01048 0.332393
 1.01438 4.96134 -2.74932 0.632043
 0.989909 4.28245 -0.924201 -0.0419606
 0.983613 4.50626 -1.35218 0.086755
 0.980402 4.72865 -1.8896 0.268292
 0.986505 4.98242 -2.55157 0.512355
 1.02188 5.05698 -3.19424 0.788524
 0.97945 4.65966 -1.76142 0.221047
 0.97891 4.87819 -2.28592 0.403964
 0.989825 5.10985 -2.92257 0.645604
 1.03171 5.10929 -3.48123 0.899029
 0.982586 5.06115 -2.7814 0.584944
 1.00027 5.19822 -3.33562 0.808276
 1.0502 5.11566 -3.7828 1.02712
 1.02608 5.2053 -3.75313 0.992888
 1.08579 5.02902 -4.05334 1.16116
 1.15343 4.69188 -4.11682 1.24362

Fourier series term #1
 -0.000278957 -0.0337647 -0.0156283 0.00216098
 -0.000944363 -0.0763348 -0.0494316 0.00690722
 -0.00116849 -0.0631241 -0.0504024 0.00771127
 -0.00125517 -0.0574723 -0.0433162 0.0075698
 -0.00126114 -0.0514997 -0.0293253 0.00632341
 -0.00119382 -0.0473246 -0.0105518 0.0037725
 -0.000953958 -0.0333999 0.0159817 -0.00193156
 -0.000810507 -0.015914 0.0405378 -0.00946218
 -0.000883807 -0.0067714 0.0478764 -0.0127897
 -0.00112549 0.00512391 0.0494752 -0.0149394
 -0.00160186 0.0233293 0.0420418 -0.0145502
 -0.00216456 0.0441864 0.0230315 -0.0097602
 -0.00470597 -0.310932 -0.224653 0.0330356
 -0.00674371 -0.374683 -0.273162 0.0456894
 -0.00736755 -0.362135 -0.241591 0.0462268
 -0.00725143 -0.31941 -0.157808 0.0372796
 -0.0067592 -0.277793 -0.0452561 0.0197624
 -0.0056912 -0.199282 0.0972554 -0.0124719
 -0.00507256 -0.089853 0.22614 -0.0540748
 -0.0056165 -0.0245671 0.265645 -0.0731758
 -0.00725102 0.0580255 0.272798 -0.0855645
 -0.010329 0.16549 0.226545 -0.0820866
 -0.0138197 0.287107 0.112182 -0.0525159
 -0.00972074 -0.503856 -0.326518 0.0636306
 -0.0108004 -0.529223 -0.291585 0.0656565
 -0.0109821 -0.514643 -0.198254 0.0559911
 -0.00986469 -0.417664 -0.0320634 0.0246581
 -0.00836127 -0.298161 0.156105 -0.0226391
 -0.00746495 -0.126781 0.328136 -0.082986
 -0.00814054 -0.0121169 0.380098 -0.11111
 -0.0104016 0.119764 0.383069 -0.127822
 -0.0146485 0.268064 0.313023 -0.121124
 -0.0193528 0.427012 0.155231 -0.0794883
 -0.0120582 -0.590287 -0.255823 0.067586
 -0.0121225 -0.57348 -0.153132 0.0538501
 -0.0113259 -0.503195 0.000378978 0.0228986
 -0.00984477 -0.340258 0.198368 -0.032326
 -0.0093328 -0.134487 0.3677 -0.0972901
 -0.0104562 9.40291e-06 0.417357 -0.127354
 -0.0132961 0.153798 0.411731 -0.143793
 -0.0182951 0.325794 0.326437 -0.134016
 -0.0237426 0.525497 0.139588 -0.0844921
 -0.0123632 -0.587987 -0.0613035 0.0392857
 -0.0117438 -0.517235 0.0786204 0.00643991
 -0.0108701 -0.379171 0.242292 -0.044045
 -0.0111485 -0.135164 0.394997 -0.11045
 -0.0128044 0.00683097 0.431907 -0.138419
 -0.0161454 0.178894 0.411533 -0.151935
 -0.0216643 0.389868 0.303574 -0.13702
 -0.0273562 0.621279 0.0886577 -0.0787887
 -0.011668 -0.478556 0.183721 -0.0223738
 -0.0117106 -0.355771 0.308956 -0.0674968
 -0.0131059 -0.14199 0.408831 -0.120454
 -0.015357 0.0228976 0.420801 -0.142785
 -0.0194207 0.21978 0.376378 -0.149881
 -0.0253846 0.451639 0.242335 -0.126363
 -0.0306715 0.694788 0.00467462 -0.0590534
 -0.0128285 -0.272452 0.377861 -0.0994773
 -0.0156892 -0.0701686 0.414776 -0.135566
 -0.0185101 0.0783316 0.391653 -0.14559
 -0.0226867 0.247717 0.317148 -0.139418
 -0.0287033 0.495103 0.154298 -0.105259
 -0.0329788 0.751662 -0.104892 -0.0289325
 -0.0198073 0.0851479 0.374443 -0.144087
 -0.0230671 0.205857 0.312937 -0.137678
 -0.0271558 0.362502 0.201515 -0.115166
 -0.0318239 0.572527 0.0150363 -0.0661483
 -0.0336654 0.792677 -0.241541 0.0152691
 -0.0261529 0.302986 0.235351 -0.122262
 -0.0297878 0.454751 0.10358 -0.0900969
 -0.0333388 0.640428 -0.0893332 -0.0343439
 -0.0330331 0.837174 -0.341849 0.0495623
 -0.0325878 0.567315 -0.0293 -0.0517861
 -0.03434 0.723725 -0.222481 0.00916307
 -0.0307602 0.882679 -0.458605 0.0922723
 -0.0331561 0.823392 -0.392377 0.0688439
 -0.0257625 0.911212 -0.576767 0.139835
 -0.014068 0.913371 -0.68204 0.187612

Fourier series term #2
 -2.65614e-05 -0.00413931 -0.00143024 0.000208538
 9.41081e-05 0.00862409 0.00487005 -0.000697229
 9.43166e-06 0.000517907 -9.41019e-05 5.55088e-06
 -0.000113948 -0.00824556 -0.00616536 0.00108688
 2.94703e-05 0.00416619 0.00132923 -0.000349627
 -9.01691e-06 0.00231991 -0.000370084 -1.64787e-05
 -0.000231305 -0.0145014 -0.00861903 0.00250526
 2.16974e-06 0.0106962 0.00226283 -0.00109055
 -1.39128e-05 0.0140656 0.00139844 -0.00109609
 -8.71191e-05 0.000137786 -0.000946854 0.000297243
 -0.000111065 -0.0163332 0.00248082 7.75047e-05
 -0.000221044 -0.0164988 0.00636779 -0.00136326
 -0.000139225 -0.039543 -0.020612 0.0034032
 -0.000457578 -0.0660371 -0.0543268 0.00899157
 -0.000636015 -0.0682349 -0.0735586 0.0128701
 -0.000702643 -0.0586539 -0.0821102 0.0157111
 -0.000642709 -0.0525556 -0.0845031 0.0184351
 -0.000499701 -0.05459 -0.0779025 0.0202541
 -0.000102161 -0.065561 -0.0576117 0.0190053
 0.000267889 -0.0685104 -0.0402282 0.0156774
 0.000654678 -0.0676946 -0.0183096 0.00991758
 0.000816516 -0.0635891 0.00542202 0.00221032
 0.000354919 -0.0541074 0.0241249 -0.00524856
 -0.00111981 -0.123821 -0.120733 0.0217081
 -0.00151267 -0.142386 -0.163091 0.0316009
 -0.00188917 -0.160116 -0.200596 0.0431697
 -0.00194792 -0.155819 -0.208534 0.050787
 -0.0015206 -0.161387 -0.192308 0.0549256
 -0.000335031 -0.168931 -0.139539 0.0492652
 0.000539374 -0.174072 -0.0968034 0.0403363
 0.00148718 -0.17512 -0.0450535 0.0263596
 0.00206358 -0.16748 0.0091459 0.00837063
 0.00131696 -0.144247 0.0520153 -0.00926802
 -0.00206792 -0.193921 -0.226115 0.0477918
 -0.00264328 -0.236879 -0.278107 0.0654433
 -0.00262192 -0.262712 -0.299351 0.0797841
 -0.00182198 -0.261493 -0.270768 0.0835565
 -4.27975e-05 -0.281981 -0.197385 0.0754847
 0.00139394 -0.277738 -0.137408 0.0617296
 0.00292572 -0.271812 -0.0669881 0.0417873
 0.0038633 -0.260247 0.0104979 0.0154999
 0.00281781 -0.225014 0.073951 -0.0110978
 -0.00297871 -0.3059 -0.335978 0.0876097
 -0.00280642 -0.357902 -0.361754 0.106445
 -0.0017607 -0.411021 -0.340011 0.116735
 0.00103438 -0.405104 -0.243114 0.102164
 0.00300672 -0.403758 -0.16931 0.0846255
 0.005097 -0.405606 -0.0776269 0.0581851
 0.00641278 -0.393933 0.0258302 0.0222239
 0.00505608 -0.347875 0.112052 -0.0148147
 -0.00240248 -0.463839 -0.392138 0.130891
 -0.000417474 -0.528119 -0.362554 0.140359
 0.00341064 -0.580244 -0.256535 0.126158
 0.00599138 -0.583266 -0.166965 0.103309
 0.00866029 -0.575069 -0.0561756 0.0687201
 0.0103473 -0.559425 0.0687589 0.0233648
 0.00862384 -0.516968 0.180458 -0.0248292
 0.00243096 -0.653942 -0.32799 0.151559
 0.00732975 -0.730822 -0.204916 0.131356
 0.0106688 -0.778402 -0.103392 0.106134
 0.014002 -0.80876 0.0306722 0.064376
 0.0158509 -0.783496 0.171297 0.00995647
 0.0133768 -0.735757 0.301569 -0.0485579
 0.013575 -0.911173 -0.0599602 0.107467
 0.0172764 -0.968121 0.0548467 0.0754829
 0.0205509 -0.991412 0.192437 0.0284136
 0.0223245 -1.04275 0.3697 -0.0363126
 0.0178813 -1.01951 0.524945 -0.105935
 0.0209211 -1.03672 0.174939 0.0405387
 0.0242238 -1.10621 0.327857 -0.00992517
 0.0253315 -1.1662 0.510511 -0.0778641
 0.019555 -1.11459 0.643184 -0.142986
 0.0271965 -1.22155 0.502252 -0.0663407
 0.0269725 -1.25727 0.665888 -0.131156
 0.0191736 -1.20107 0.782732 -0.191689
 0.02458 -1.30526 0.82457 -0.194246
 0.0138572 -1.26031 0.928504 -0.248984
 -0.000334235 -1.22338 1.00854 -0.292384

Fourier series term #3
 3.69872e-06 0.00048586 0.000199286 -2.79045e-05
 5.23903e-05 0.00593179 0.00289399 -0.000431165
 -5.26909e-05 -0.00462985 -0.00278071 0.00045676
 1.44833e-05 0.0010728 0.00071473 -0.000129778
 0.000103471 0.00784509 0.0049464 -0.00104026
 -0.000173419 -0.0129257 -0.00762545 0.00189187
 5.15885e-05 0.0048255 0.00232796 -0.000718998
 8.32922e-05 0.0119524 0.00359213 -0.00150745
 -4.93916e-05 -0.00746245 -0.00133994 0.000755636
 -5.89258e-05 -0.0204433 -0.000219344 0.00114521
 -3.15506e-05 -0.012302 0.00228416 -0.000103587
 -3.35431e-06 0.00884309 -0.0032428 0.000654803
 0.000109764 0.00297001 0.00587422 -0.000739972
 -1.30922e-05 -0.0122194 -0.00267238 0.00073626
 -0.000124974 -0.0213846 -0.0105911 0.00224554
 3.2056e-06 -0.00699327 -0.00581731 0.0011937
 -6.89791e-05 -0.00975987 -0.0104642 0.00230777
 3.85386e-06 -0.0024381 -0.00976622 0.00217118
 8.7235e-05 0.000511708 -0.0118393 0.00295323
 0.000121734 -0.00539761 -0.0130401 0.00386553
 0.000210221 -0.00978959 -0.0110913 0.00381422
 0.000322108 -0.00737381 -0.00783549 0.00285051
 0.000421971 -0.00169093 -0.00633354 0.0021447
 -3.44658e-05 -0.0310111 -0.00955648 0.0024215
 -0.00010665 -0.0378382 -0.0185761 0.00432028
 -0.00029727 -0.0518615 -0.0355886 0.00835336
 -0.000126572 -0.0264132 -0.0361906 0.00837619
 -9.24001e-05 -0.0206259 -0.0447269 0.0112965
 0.000111522 -0.0185019 -0.0490571 0.0141522
 0.000367647 -0.0152767 -0.047692 0.014641
 0.00071005 -0.0176487 -0.0430167 0.0143568
 0.00113269 -0.0275362 -0.0318803 0.0120884
 0.00141491 -0.0377005 -0.0143894 0.00693664
 -0.000229174 -0.0586977 -0.0340974 0.00810958
 -0.000137235 -0.0538928 -0.0467363 0.0111274
 -0.000356732 -0.0721603 -0.0746796 0.0193672
 -0.000154099 -0.050481 -0.0829584 0.0228789
 0.000384534 -0.0382603 -0.0879779 0.0268974
 0.000803679 -0.0458161 -0.0852018 0.0284025
 0.00139414 -0.0619418 -0.0713339 0.0268096
 0.00213505 -0.0614331 -0.0506935 0.0210962
 0.00275611 -0.0618145 -0.0273981 0.0133502
 -0.000250575 -0.0801885 -0.0758153 0.019433
 -0.000350875 -0.0993656 -0.107032 0.0298691
 4.93616e-05 -0.1014 -0.13167 0.0401663
 0.00079827 -0.0984838 -0.132589 0.0455198
 0.00159724 -0.10061 -0.12387 0.0457768
 0.00269538 -0.112605 -0.103368 0.0424506
 0.00396831 -0.119449 -0.0704492 0.0333506
 0.00485313 -0.117273 -0.032072 0.0198392
 -6.02595e-05 -0.125186 -0.143095 0.0434871
 0.000491208 -0.155391 -0.169706 0.057532
 0.00204531 -0.193342 -0.170524 0.0670318
 0.00335807 -0.193028 -0.153967 0.0653236
 0.00503804 -0.190425 -0.123234 0.0578405
 0.00688887 -0.197187 -0.076573 0.0438098
 0.00803295 -0.202813 -0.0180438 0.0228888
 0.00172306 -0.226032 -0.193758 0.0751356
 0.00432506 -0.263675 -0.181552 0.0815982
 0.00642657 -0.306127 -0.153875 0.0795703
 0.00871638 -0.320465 -0.104551 0.0666015
 0.0112021 -0.336406 -0.0385818 0.0455751
 0.0122416 -0.326722 0.0336267 0.0168495
 0.00840161 -0.384982 -0.142814 0.0856379
 0.0108945 -0.411432 -0.0996078 0.0760844
 0.0136185 -0.433533 -0.0376318 0.0579182
 0.0165049 -0.485449 0.0568759 0.0278174
 0.0171627 -0.511625 0.160898 -0.0120628
 0.0137081 -0.463053 -0.0436899 0.0632832
 0.0166991 -0.507046 0.0305508 0.0415798
 0.0193861 -0.547812 0.125313 0.00919339
 0.01904 -0.585925 0.242444 -0.0359345
 0.0197698 -0.572886 0.119093 0.0152675
 0.0216869 -0.631812 0.230852 -0.023365
 0.0200045 -0.64408 0.332191 -0.0659752
 0.0220929 -0.694157 0.34802 -0.0652575
 0.0188885 -0.67495 0.419121 -0.0996106
 0.0126171 -0.665783 0.485535 -0.131149

Fourier series term #4
 2.40604e-06 0.000367205 0.000124393 -1.78923e-05
 -5.01357e-07 0.000110133 -1.69452e-05 3.23103e-08
 -1.43492e-05 -0.00137486 -0.000789357 0.000130699
 6.32133e-05 0.00494381 0.00312386 -0.000571707
 -5.99501e-05 -0.00456875 -0.00288371 0.000606417
 -2.32202e-05 -0.00234191 -0.00140402 0.000345351
 0.000126988 0.0100488 0.00493555 -0.00150502
 -5.45898e-05 -0.00932347 -0.00271894 0.00115348
 -3.41871e-05 -0.0120815 -0.00208666 0.00119914
 3.14273e-05 -0.00188356 -7.56357e-05 0.000115718
 4.94549e-05 0.0109202 -0.00196784 5.29528e-05
 0.000110075 0.0120046 -0.00444434 0.000931217
 3.78824e-05 0.00190332 0.00228319 -0.000317787
 8.50486e-05 0.00561048 0.00492238 -0.000791843
 -2.29687e-05 -0.00684652 -0.00224861 0.000557579
 -5.42431e-05 -0.00562571 -0.00221888 0.000582851
 -2.68157e-06 -0.00216963 -0.000699394 0.000226059
 2.87697e-05 0.00228247 0.00133253 -0.000407256
 -3.17167e-05 -0.00356099 -0.000551751 0.000304464
 -1.37954e-05 -0.00445352 -0.00114426 0.000534972
 1.73815e-05 -0.00148727 -0.00118486 0.000413479
 1.87918e-05 0.002568 -0.0014569 0.000304666
 1.96119e-05 0.00463973 -0.00216373 0.000480908
 3.69243e-05 -0.00658179 0.00241466 -0.000124201
 8.85893e-06 -0.0105769 0.000834501 0.000288015
 -6.66961e-05 -0.0224192 -0.00608815 0.0020286
 -7.47939e-05 -0.0147712 -0.00315615 0.00131392
 -5.10824e-05 -0.00995582 -0.00216886 0.000948098
 -1.5271e-05 -0.00286144 -0.00201574 0.000598211
 -2.78978e-05 -0.0013629 -0.00226372 0.000617752
 -1.48626e-05 0.00031222 -0.00328231 0.000883946
 5.6255e-05 0.000685069 -0.00493504 0.00148783
 0.000193592 -0.0014887 -0.00493672 0.00171674
 9.81799e-05 -0.0145662 0.00302707 7.58002e-05
 -1.11219e-05 -0.0245147 -0.000699258 0.00120623
 -0.000127155 -0.0386577 -0.00857125 0.00364856
 -4.46017e-05 -0.0212813 -0.00529576 0.00230089
 -5.37103e-05 -0.0145193 -0.00473495 0.00196135
 -7.45008e-06 -0.0172355 -0.00760184 0.00312757
 9.91523e-05 -0.000637143 -0.00953145 0.00287471
 0.000180856 0.00993691 -0.0124255 0.00337035
 0.000377892 -0.00844972 -0.00632273 0.00261926
 -5.61128e-05 -0.041669 -0.00355431 0.00262705
 2.37073e-05 -0.0384027 -0.00357436 0.00265134
 -0.000139267 -0.058699 -0.0115621 0.00608487
 4.37577e-05 -0.0244016 -0.0106944 0.00436787
 5.85661e-05 -0.0256597 -0.0116867 0.00504015
 0.000194701 -0.0213067 -0.0130912 0.00552838
 0.000421279 -0.0183006 -0.0128452 0.00555103
 0.000640267 -0.0262567 -0.00513315 0.00351625
 -8.53854e-05 -0.0650719 -0.00731912 0.00517842
 3.63027e-05 -0.0621197 -0.0101156 0.00623524
 0.000229493 -0.0711147 -0.015122 0.00911063
 0.000325919 -0.0655088 -0.0140711 0.00892381
 0.000442862 -0.0574577 -0.0100879 0.00744734
 0.00078211 -0.0562568 -0.00509001 0.00593235
 0.00111627 -0.0555277 0.00330568 0.00285617
 0.000209512 -0.0831412 -0.0114598 0.00855592
 0.000438145 -0.107569 -0.00813188 0.0102645
 0.000744362 -0.120129 -0.00230673 0.00992561
 0.00105362 -0.118127 0.00682816 0.00704242
 0.00165419 -0.137637 0.025226 0.00228726
 0.00157665 -0.098858 0.0261327 -0.0016576
 0.00102562 -0.15326 0.0100714 0.00876857
 0.00133321 -0.161201 0.0222206 0.00567417
 0.00171222 -0.180818 0.0438308 -9.24246e-05
 0.0020045 -0.190479 0.0674412 -0.00820413
 0.00169591 -0.220811 0.109254 -0.0224147
 0.00178035 -0.203106 0.0495432 -0.000105827
 0.00192781 -0.207532 0.0699103 -0.00719128
 0.00193533 -0.212705 0.0942616 -0.0163484
 0.00129755 -0.252327 0.144251 -0.0332036
 0.00191678 -0.23125 0.101516 -0.0171229
 0.00168428 -0.25448 0.13828 -0.0297364
 0.000397235 -0.276882 0.18042 -0.0455604
 0.000730955 -0.294681 0.189553 -0.0469254
 -0.00219822 -0.310897 0.23114 -0.0636529
 -0.00660378 -0.312226 0.258493 -0.0761541

Fourier series term #5
 2.77139e-07 4.66159e-05 1.3515e-05 -1.99942e-06
 -7.44455e-06 -0.000813365 -0.00040672 6.01306e-05
 1.59487e-05 0.00136795 0.000830483 -0.000135701
 -5.10017e-06 -0.000308479 -0.000214584 3.8464e-05
 -3.13278e-05 -0.0024204 -0.00153291 0.00032181
 5.21218e-05 0.00389657 0.00228359 -0.000567779
 -1.73066e-05 -0.00139942 -0.000608273 0.000193571
 -2.62951e-05 -0.00372487 -0.00121924 0.000494183
 1.43159e-05 0.00200077 0.000235721 -0.000169664
 1.72815e-05 0.00620628 4.25381e-05 -0.00034187
 5.9161e-06 0.00403893 -0.000662839 4.41353e-06
 -3.81848e-06 -0.00248577 0.00099841 -0.000214279
 -7.939e-05 -0.00924792 -0.00445392 0.000722974
 9.92191e-05 0.0102327 0.00594486 -0.00105824
 -7.35887e-05 -0.00758507 -0.00375653 0.000779137
 5.08974e-05 0.0029918 0.00187215 -0.000410026
 -2.78151e-05 -0.00273856 -0.00133065 0.000366708
 -1.78436e-05 -0.000891288 0.000207661 -3.46974e-06
 2.55862e-05 0.0028713 0.000358617 -0.000237996
 5.88487e-06 -0.001194 -0.000725765 0.000269031
 -6.12545e-06 -0.00427632 2.94366e-05 0.000226889
 -2.67132e-05 -0.0018561 0.000914449 -0.000195494
 -4.12176e-05 0.00268196 -0.00042802 9.09197e-06
 8.21059e-05 0.00395844 0.00493414 -0.000863644
 0.000113408 0.00602393 0.00606811 -0.00119022
 -9.47035e-05 -0.01456 -0.00467821 0.00142527
 1.11386e-05 -0.00330211 -0.000264567 0.000228093
 -5.87535e-06 -0.00376676 -0.000418838 0.000308442
 -3.13422e-05 -0.00431742 0.000680021 6.18117e-05
 -2.26149e-05 -0.000611714 0.00151115 -0.000401787
 -3.5699e-05 0.000789756 0.00139533 -0.000482306
 -4.11467e-05 -0.00127083 0.00103352 -0.000264761
 -4.00838e-05 -0.00378354 0.00150287 -0.000303955
 -6.31001e-06 -0.00731227 0.00165871 -1.81019e-05
 -8.19916e-06 -0.0097661 0.000630854 0.000313292
 1.77412e-05 -0.0147351 -0.0016253 0.00108117
 -5.81157e-05 -0.0139902 -0.000468 0.000890482
 -3.01941e-05 -0.00998125 0.00118085 0.000279398
 -4.3755e-05 -0.0141025 0.00158886 0.000402727
 -9.42877e-05 -0.00323913 0.0038346 -0.00103665
 -0.000158822 0.00305771 0.00255954 -0.00108457
 -8.43724e-05 -0.00113599 0.00124953 -0.000372866
 2.63355e-05 -0.0171739 0.00104999 0.000588618
 1.06046e-05 -0.01887 0.00304096 0.000280577
 -1.07946e-05 -0.0317378 -0.000280655 0.00190004
 -8.02424e-05 -0.0231048 0.0057152 -0.00022075
 -6.05879e-05 -0.0147059 0.00621856 -0.000983001
 -0.000111785 -0.0102921 0.00649618 -0.00146412
 -0.000180733 -0.00923121 0.00667461 -0.00169532
 -0.000121925 -0.00571304 0.0036045 -0.000904225
 4.46499e-05 -0.0304035 0.00536558 0.000322112
 -1.83322e-05 -0.0367681 0.00909949 -0.000316522
 -1.91463e-05 -0.0534586 0.0117431 -6.05749e-05
 -5.35657e-05 -0.0405645 0.014301 -0.00183092
 -0.000117106 -0.0197992 0.0115 -0.00253009
 -0.000200215 -0.0156104 0.0106537 -0.00266367
 -0.000297353 -0.0138136 0.0100765 -0.00270598
 -4.51014e-05 -0.048948 0.019293 -0.00269203
 3.24475e-05 -0.0575661 0.0214842 -0.00291349
 -0.000150309 -0.0479794 0.0260984 -0.00542178
 -0.000148744 -0.0667361 0.0321219 -0.00616702
 -0.000285956 -0.0589563 0.0329436 -0.00735303
 -0.000613405 -0.020395 0.0175105 -0.00507048
 -0.000253494 -0.0644111 0.0378018 -0.00838036
 -0.000352859 -0.0766168 0.0446673 -0.00996314
 -0.000553755 -0.075257 0.047972 -0.0115421
 -0.000909228 -0.0753239 0.0530056 -0.0137826
 -0.00140992 -0.0885929 0.0651787 -0.0177432
 -0.000510131 -0.0916807 0.0555094 -0.0128551
 -0.000928839 -0.0854787 0.0592768 -0.0151929
 -0.00156728 -0.0779485 0.0616572 -0.0172456
 -0.00206843 -0.0823282 0.0668794 -0.0192854
 -0.00158801 -0.0970896 0.0733288 -0.0199102
 -0.00234554 -0.0785033 0.0673265 -0.0198016
 -0.00311772 -0.0824496 0.0729208 -0.0220209
 -0.00343947 -0.0901117 0.0802384 -0.0242313
 -0.00448389 -0.0932579 0.0858304 -0.0265535
 -0.00667867 -0.103908 0.0995091 -0.0315508


