**************************************************************
***  MERIS LUT-169: Fourier series terms (s0,..,s5)[TERM]] ***
***                 of polynomial coefficients (k0,..,k3)  ***
***                 for each of 81 aerosol models [IAER],  ***
***                 & for each of 78 geometries [SVZA]     ***
***  - - - - - - - - - - - - - - - - - - - - - - - - - - - ***
***  => useful for multiplicative aer.scat.fct. retrieval  ***
**************************************************************

12 Gaussian angles (deg): SZA/VZA
------------------------         

 2.84 17.64 28.77 36.19 43.61 51.03 58.46 65.88 69.59 73.30 77.01 80.72

Coefficients: [SVZA x (k0,k1,k2,k3)]
------------                        

 Aerosol model #11
 - - - - - - -  

Fourier series term #0
 1.01044 1.11079 0.630556 -0.0488026
 1.01231 1.2119 0.7367 -0.0673501
 1.01543 1.36949 0.912039 -0.106335
 1.01815 1.50397 1.06036 -0.149939
 1.02294 1.81606 1.32349 -0.229858
 1.02787 2.24374 1.58849 -0.341783
 1.02927 2.74197 1.67014 -0.452879
 1.02279 3.39547 1.36236 -0.495409
 1.01492 3.77729 0.939718 -0.438906
 1.00495 4.17525 0.267067 -0.287413
 0.999448 4.53244 -0.659288 -0.0139193
 1.01914 4.65983 -1.65923 0.348332
 1.01359 1.29059 0.823613 -0.0837142
 1.01718 1.48666 1.02579 -0.131206
 1.02083 1.70938 1.22746 -0.188403
 1.02463 1.98651 1.43121 -0.266844
 1.02777 2.35452 1.59212 -0.364287
 1.02795 2.85569 1.60709 -0.460341
 1.0205 3.49828 1.24568 -0.481779
 1.01252 3.86742 0.811041 -0.415801
 1.00286 4.25669 0.143464 -0.259477
 0.998011 4.60598 -0.762626 0.0130982
 1.01835 4.72117 -1.73165 0.368876
 1.02201 1.71129 1.2631 -0.205078
 1.02524 1.93717 1.44175 -0.273273
 1.02816 2.2218 1.60229 -0.35938
 1.0298 2.58432 1.6912 -0.455318
 1.02793 3.03541 1.60355 -0.53432
 1.01915 3.61181 1.16938 -0.533695
 1.01124 3.95911 0.733754 -0.463182
 1.00215 4.3295 0.0872734 -0.308357
 0.998237 4.65733 -0.781371 -0.0427836
 1.01924 4.75975 -1.70801 0.303033
 1.02814 2.16345 1.54324 -0.323087
 1.03043 2.45678 1.64082 -0.399792
 1.03097 2.81035 1.64075 -0.47461
 1.02783 3.26038 1.46435 -0.523819
 1.01746 3.8058 0.936238 -0.480876
 1.00892 4.12737 0.461306 -0.387037
 0.999636 4.46849 -0.207827 -0.212041
 0.99611 4.79009 -1.07794 0.0653513
 1.01823 4.90141 -1.99248 0.415167
 1.03072 2.72406 1.67027 -0.468933
 1.02931 3.07427 1.59994 -0.527608
 1.02387 3.4988 1.34742 -0.551642
 1.01157 4.02849 0.765323 -0.481855
 1.00244 4.33741 0.270013 -0.374009
 0.993129 4.65297 -0.407416 -0.186996
 0.990451 4.93297 -1.26358 0.0957222
 1.01421 5.0055 -2.14108 0.440585
 1.02591 3.39313 1.44325 -0.55952
 1.01858 3.80995 1.1218 -0.555
 1.00461 4.31689 0.477953 -0.451158
 0.995118 4.61827 -0.0362147 -0.327761
 0.98613 4.93404 -0.725089 -0.12734
 0.984968 5.19697 -1.57769 0.164537
 1.01173 5.22527 -2.42325 0.508543
 1.00896 4.1875 0.718721 -0.510333
 0.993564 4.70151 0.019967 -0.370727
 0.984028 4.98605 -0.514136 -0.228445
 0.976076 5.29013 -1.2113 -0.0125064
 0.977769 5.54149 -2.05408 0.288072
 1.00963 5.54281 -2.85908 0.628008
 0.979073 5.16863 -0.711587 -0.196312
 0.970633 5.46882 -1.26397 -0.0354138
 0.96549 5.73515 -1.95771 0.196797
 0.972073 5.94935 -2.76382 0.49986
 1.01274 5.90144 -3.48696 0.822293
 0.963769 5.71324 -1.81211 0.136792
 0.961156 5.99506 -2.49305 0.370475
 0.972529 6.19019 -3.26545 0.669408
 1.01976 6.06419 -3.90029 0.96935
 0.962051 6.2348 -3.14924 0.606891
 0.980457 6.38465 -3.85181 0.889242
 1.03661 6.1905 -4.37134 1.15326
 1.00938 6.39768 -4.39449 1.12475
 1.07612 6.14386 -4.76822 1.33581
 1.15226 5.72706 -4.88097 1.45209

Fourier series term #1
 -0.000442473 -0.0447596 -0.0267244 0.00208612
 -0.00027947 -0.0165745 -0.0157508 0.00154873
 -0.000281406 -0.00899433 -0.0143519 0.00200887
 -0.000451885 -0.0191184 -0.0230117 0.00387342
 -0.000918904 -0.0532618 -0.0475379 0.00937306
 -0.000777563 -0.0478617 -0.034508 0.00935458
 -0.000564631 -0.047944 -0.0144675 0.00713466
 -0.000319431 -0.0473618 0.0148152 0.00069115
 -0.000278623 -0.0446837 0.031004 -0.00425004
 -0.000414813 -0.0372319 0.0451012 -0.00972186
 -0.000886462 -0.0225344 0.051821 -0.0139472
 -0.00176443 0.000155839 0.0444141 -0.0139257
 -0.00125888 -0.0551992 -0.0678118 0.00798297
 -0.00252365 -0.120043 -0.133047 0.0199321
 -0.00350968 -0.176566 -0.178721 0.032525
 -0.00424 -0.237045 -0.202836 0.0460194
 -0.00439135 -0.295878 -0.181861 0.0544209
 -0.00341253 -0.313013 -0.0737647 0.0419439
 -0.00205061 -0.285276 0.103083 9.26684e-05
 -0.00196867 -0.257204 0.194281 -0.0291937
 -0.00298213 -0.205539 0.269424 -0.0598095
 -0.00590854 -0.117275 0.300456 -0.0819412
 -0.011009 0.0127975 0.251633 -0.0794592
 -0.00460855 -0.22803 -0.231494 0.0437028
 -0.00562003 -0.298146 -0.268164 0.060565
 -0.00610809 -0.37057 -0.264017 0.0741715
 -0.00570523 -0.429801 -0.189991 0.0740604
 -0.00454027 -0.47458 -0.0364001 0.0493958
 -0.00320942 -0.455179 0.201249 -0.0151015
 -0.00335704 -0.395603 0.331879 -0.0624184
 -0.00518278 -0.296815 0.434461 -0.110083
 -0.00975763 -0.156273 0.467521 -0.142015
 -0.017213 0.0343333 0.386996 -0.136929
 -0.00656259 -0.382947 -0.284035 0.0748854
 -0.0067174 -0.456436 -0.246668 0.0827391
 -0.00603042 -0.518241 -0.139604 0.0739342
 -0.00462944 -0.541726 0.0501374 0.036003
 -0.00378372 -0.507618 0.292835 -0.0354973
 -0.00453889 -0.444271 0.412654 -0.081733
 -0.0072125 -0.334034 0.498142 -0.125667
 -0.0129158 -0.162486 0.506818 -0.151191
 -0.0214752 0.0769806 0.386032 -0.133723
 -0.00658166 -0.534621 -0.178886 0.082568
 -0.00566598 -0.581549 -0.0358048 0.0597745
 -0.00462548 -0.588328 0.17196 0.00862719
 -0.00492436 -0.513487 0.414746 -0.0736177
 -0.00669648 -0.438474 0.517869 -0.119327
 -0.0105384 -0.317338 0.576882 -0.158357
 -0.0173359 -0.134376 0.552701 -0.175119
 -0.0265185 0.113775 0.401011 -0.147537
 -0.00517779 -0.615434 0.121092 0.0249539
 -0.00495128 -0.591043 0.329113 -0.0373054
 -0.00695365 -0.481086 0.537006 -0.120265
 -0.00986467 -0.378012 0.60886 -0.161131
 -0.0149588 -0.232786 0.627362 -0.190194
 -0.0226781 -0.03331 0.554667 -0.191455
 -0.0315718 0.214199 0.359851 -0.146854
 -0.00650412 -0.536535 0.497901 -0.0989509
 -0.0109445 -0.385691 0.640634 -0.172001
 -0.0151839 -0.264982 0.665792 -0.200985
 -0.0215435 -0.0970699 0.627932 -0.212819
 -0.0298734 0.121804 0.49758 -0.193519
 -0.0375327 0.371237 0.256566 -0.128973
 -0.017145 -0.208727 0.693613 -0.22342
 -0.0229963 -0.0643406 0.655153 -0.232363
 -0.0304852 0.109803 0.547731 -0.217751
 -0.0386088 0.332892 0.352081 -0.170945
 -0.0434875 0.571062 0.0746149 -0.0872335
 -0.0294901 0.0756097 0.575444 -0.224028
 -0.0369015 0.267855 0.431739 -0.195847
 -0.0440393 0.475641 0.21548 -0.137444
 -0.0470401 0.692084 -0.0741441 -0.0436711
 -0.044531 0.441152 0.257391 -0.151476
 -0.0499434 0.647368 0.0156851 -0.0793314
 -0.0491896 0.82502 -0.265225 0.0182601
 -0.0515735 0.797798 -0.21056 -0.0043835
 -0.046114 0.928326 -0.460322 0.0879357
 -0.0352021 0.968858 -0.631044 0.15869

Fourier series term #2
 -0.000106711 -0.0113448 -0.00646813 0.000501409
 -2.21925e-05 -0.00218465 -0.00133692 0.000115267
 6.18791e-06 0.000707814 0.000408339 -6.89735e-05
 -4.21488e-06 -2.62125e-05 -0.000172895 -1.45864e-05
 -3.30964e-07 0.000629504 1.43443e-05 -8.41189e-05
 -2.11421e-05 0.000163151 -0.00111817 0.000119553
 -8.93045e-05 -0.00487303 -0.00484934 0.00115349
 -1.3628e-05 0.00416251 -0.000250871 -0.000141275
 -1.76325e-05 0.00564646 -0.000489719 -0.000143381
 -3.56695e-05 -0.000232394 -0.00177143 0.000542148
 -3.07098e-05 -0.00831902 -0.000127174 0.000464011
 -7.87133e-05 -0.00919955 0.00256416 -0.000437504
 -8.65425e-05 -0.00984601 -0.0069017 0.000406604
 0.000244761 0.0163887 0.00931857 -0.00218136
 0.000371443 0.0294434 0.0117914 -0.00352971
 7.2521e-05 0.0137376 -0.0146277 -6.26238e-05
 -0.000359749 -0.0123685 -0.0547219 0.00814849
 -0.000447805 -0.0261297 -0.0818663 0.0171527
 6.22127e-05 -0.0318724 -0.0838218 0.0225944
 0.000548652 -0.0412093 -0.0760657 0.0233094
 0.0011939 -0.0528566 -0.0584402 0.0207045
 0.00180775 -0.0644491 -0.0303538 0.0136031
 0.00182004 -0.0709663 0.00219326 0.00303883
 0.000310354 0.0256583 0.00157244 -0.00311055
 0.00011923 0.0244509 -0.0243018 -0.000244766
 -0.000257263 0.0150381 -0.070292 0.00813665
 -0.000671257 -0.00612838 -0.132611 0.0242955
 -0.00074417 -0.049313 -0.197587 0.0480443
 0.000403758 -0.105821 -0.219818 0.0677383
 0.00168738 -0.131063 -0.196117 0.0682391
 0.00331671 -0.15523 -0.146746 0.0592051
 0.00481007 -0.180867 -0.075458 0.0398794
 0.004829 -0.194324 0.00445754 0.0126357
 -0.000216981 0.0171353 -0.0690366 0.0062722
 -0.000694093 0.00166903 -0.134681 0.0204548
 -0.000969788 -0.0252722 -0.210464 0.0425632
 -0.000538791 -0.0744008 -0.276661 0.070566
 0.00147316 -0.168634 -0.294514 0.094216
 0.00347849 -0.222028 -0.260173 0.0944113
 0.0060407 -0.274922 -0.188259 0.0808752
 0.00833795 -0.315113 -0.080029 0.0503083
 0.00820497 -0.325007 0.0373031 0.00884936
 -0.00102611 -0.0209073 -0.218869 0.0425121
 -0.000854787 -0.0595792 -0.30651 0.0726101
 0.00040807 -0.135616 -0.375277 0.107562
 0.0039449 -0.241181 -0.369187 0.129159
 0.00684447 -0.312135 -0.318284 0.126363
 0.0103529 -0.393499 -0.221586 0.106839
 0.013426 -0.468397 -0.0768871 0.065274
 0.0130539 -0.501791 0.084301 0.00766924
 4.80592e-05 -0.129582 -0.400664 0.110753
 0.00266705 -0.223064 -0.453004 0.146541
 0.00797896 -0.361331 -0.415264 0.162963
 0.0118854 -0.445874 -0.338452 0.152906
 0.0163298 -0.53758 -0.211664 0.123181
 0.0199943 -0.628529 -0.033653 0.0692288
 0.0191631 -0.683941 0.164586 -0.00306943
 0.00694237 -0.356476 -0.479603 0.179592
 0.0141953 -0.521096 -0.39486 0.182711
 0.019162 -0.631026 -0.291695 0.164507
 0.0243918 -0.738677 -0.129935 0.121374
 0.0279367 -0.831217 0.0782253 0.0533373
 0.0259889 -0.89103 0.30156 -0.0313845
 0.0235798 -0.74365 -0.257803 0.1694
 0.0289802 -0.855451 -0.122924 0.136831
 0.0341239 -0.971397 0.0635021 0.0813948
 0.0373143 -1.09714 0.304652 -0.000448469
 0.0323413 -1.14435 0.539504 -0.0956005
 0.0343477 -0.983294 0.0247263 0.0993255
 0.0391535 -1.10844 0.224204 0.0369294
 0.0411919 -1.23713 0.474101 -0.051493
 0.0338077 -1.26109 0.688472 -0.142561
 0.0427708 -1.26261 0.438381 -0.0310322
 0.0425656 -1.35294 0.666845 -0.117259
 0.0322963 -1.36281 0.861489 -0.203887
 0.0390607 -1.44128 0.874032 -0.19587
 0.0253057 -1.42292 1.02716 -0.269406
 0.00733435 -1.39489 1.13706 -0.325818

Fourier series term #3
 2.1606e-05 0.00228349 0.00130257 -0.000100791
 1.84717e-05 0.00177564 0.00111396 -0.000102246
 -2.27277e-05 -0.00197269 -0.00134427 0.000157041
 -2.53738e-06 -0.000180521 -0.000123108 1.8327e-05
 3.41568e-05 0.00267673 0.00202342 -0.00035027
 -5.50505e-05 -0.00426411 -0.00306072 0.000656337
 1.57348e-05 0.00174269 0.00110268 -0.000301763
 2.54019e-05 0.00462231 0.00189847 -0.000689911
 -2.03015e-05 -0.00306264 -0.000816756 0.000367722
 -2.12885e-05 -0.00896248 -0.000681591 0.000644035
 -1.30518e-05 -0.00561916 0.000769918 2.27154e-05
 -1.74102e-06 0.00426852 -0.00144792 0.000282191
 -1.87046e-05 -0.00233007 -0.00112686 0.000120569
 -0.000183788 -0.0157653 -0.0104898 0.00141177
 8.98185e-05 0.00637625 0.00699361 -0.000913114
 0.000276431 0.019786 0.0191451 -0.00336723
 7.11456e-05 0.0043777 0.00777086 -0.00180425
 -0.000115215 -0.00660234 -0.00304064 0.000330014
 -0.000107795 0.00334552 -0.00333071 3.34987e-05
 -0.000126508 0.00310053 -0.0063435 0.000960523
 -0.000103387 0.00160588 -0.00871465 0.00193983
 -1.50547e-05 0.00184436 -0.00971769 0.0025204
 0.000153277 0.00284821 -0.00986069 0.00279758
 9.47918e-05 0.00351697 0.00829917 -0.00109329
 0.000287779 0.0158062 0.0226437 -0.00388451
 0.000330676 0.0197866 0.0294998 -0.00623849
 0.000267243 0.0258053 0.0302649 -0.00828333
 -0.00013537 0.0146683 0.00824047 -0.00448886
 -0.00051024 -6.27266e-06 -0.0222704 0.00405656
 -0.00049825 0.00340977 -0.0319004 0.00736534
 -0.000335977 0.0103245 -0.0388266 0.0101355
 4.1662e-05 0.0101905 -0.042928 0.0126893
 0.00067808 0.00245661 -0.0391786 0.0129682
 0.000330545 0.0183363 0.03054 -0.00594377
 0.000379947 0.0295929 0.0403614 -0.00977075
 9.97436e-05 0.0305906 0.0322244 -0.0104442
 -0.000344298 0.0367808 0.0111549 -0.00777108
 -0.000828055 0.0307522 -0.0317127 0.00345491
 -0.000836321 0.0192125 -0.0542687 0.0115582
 -0.000473772 0.00159433 -0.0677314 0.0183855
 0.000308767 -0.00210935 -0.06936 0.0209868
 0.00147516 -0.00431314 -0.0618515 0.0200803
 0.000217514 0.0331659 0.0409105 -0.0124657
 -0.00017225 0.0413466 0.0286017 -0.0125709
 -0.00069383 0.0579122 -0.00220257 -0.00763129
 -0.00111417 0.0586213 -0.0551773 0.00764596
 -0.000950839 0.049758 -0.0844289 0.0185507
 -0.000241945 0.0277031 -0.105375 0.0290147
 0.0011847 1.12379e-05 -0.108157 0.0344437
 0.00312418 -0.0281539 -0.0884225 0.0314775
 -0.000628481 0.0587933 0.00757473 -0.0106741
 -0.00122935 0.0752954 -0.0355791 -0.000868158
 -0.00134013 0.0763654 -0.0987046 0.0197118
 -0.000838331 0.072288 -0.12915 0.0320121
 0.000380786 0.0566767 -0.151033 0.0435606
 0.00255792 0.0235343 -0.152154 0.049744
 0.00544654 -0.0242263 -0.122017 0.0449901
 -0.00155009 0.0813468 -0.0897897 0.0147393
 -0.00112405 0.0916074 -0.154512 0.0382294
 -0.000201349 0.0759515 -0.186536 0.0536265
 0.00192158 0.0640537 -0.197253 0.0618213
 0.00475989 0.0301974 -0.191508 0.0663335
 0.00844064 -0.0184098 -0.152739 0.0588131
 0.000280555 0.0752989 -0.216752 0.0661826
 0.00205322 0.0767692 -0.235463 0.0763782
 0.00496456 0.0555261 -0.236856 0.0826373
 0.00894146 0.00872844 -0.209885 0.0803117
 0.012986 -0.0372117 -0.158392 0.0670361
 0.00436725 0.0533268 -0.240712 0.0836944
 0.00756362 0.0365971 -0.235198 0.0867798
 0.0119303 -0.00312396 -0.204828 0.0820745
 0.0163495 -0.0634098 -0.138513 0.0640417
 0.011476 -0.00195643 -0.214993 0.0865723
 0.0159396 -0.0399384 -0.170251 0.0745359
 0.0197288 -0.0858333 -0.103679 0.053322
 0.0199134 -0.0872654 -0.117775 0.0604957
 0.023179 -0.0997622 -0.0707828 0.0434368
 0.0253538 -0.130876 -0.00664053 0.0203848

Fourier series term #4
 1.35365e-05 0.00144681 0.000816308 -6.30776e-05
 9.51548e-06 0.0009373 0.000572043 -5.22813e-05
 -7.66649e-06 -0.000699531 -0.000464337 5.37976e-05
 2.01349e-05 0.00161055 0.00115848 -0.000163904
 -1.54214e-05 -0.00126987 -0.000952428 0.000166451
 -6.01992e-06 -0.000728795 -0.000512459 0.000107391
 4.39479e-05 0.0034826 0.00218852 -0.000589517
 -1.30576e-05 -0.00370186 -0.00148093 0.000541475
 -3.51463e-06 -0.00495725 -0.00127569 0.000585827
 2.09938e-05 -0.000733627 -6.71949e-05 5.12448e-05
 2.76455e-05 0.00509661 -0.000674481 -4.15198e-05
 5.87692e-05 0.00571508 -0.00191284 0.000385392
 8.36476e-06 0.000401548 0.0005063 -5.33157e-05
 -5.55e-05 -0.00542347 -0.00361056 0.00043207
 -0.000116172 -0.00902516 -0.00711051 0.00108402
 4.96061e-05 0.00441981 0.0032838 -0.000490912
 0.00012116 0.0089894 0.00759454 -0.00154722
 -5.77533e-06 -0.00278195 -0.000270083 0.000174847
 -9.16329e-06 -0.00321006 0.00042132 6.41504e-05
 -6.91621e-06 -0.00230007 0.000797773 -0.000111892
 -8.2896e-06 -0.000331732 0.000756131 -0.000236413
 -1.73851e-05 0.00187666 0.000164783 -0.000177339
 -1.75697e-05 0.00244782 -0.000527505 4.25583e-05
 -0.000190525 -0.0144349 -0.0114619 0.00185019
 -7.14048e-05 -0.00550369 -0.00426032 0.000939311
 0.000102836 0.00518136 0.00663642 -0.00107022
 0.000246394 0.0146987 0.0174919 -0.0037164
 0.00018052 0.00931091 0.0163047 -0.00403865
 -1.09391e-05 -0.00669468 0.00663881 -0.00150839
 -6.8626e-05 -0.00920512 0.00545416 -0.00119417
 -0.000129036 -0.00531523 0.00587444 -0.00168603
 -0.000203301 -0.00159907 0.00418746 -0.00147736
 -0.000223142 0.000511746 0.00112957 -0.000575411
 6.23858e-05 0.00147406 0.00370212 -0.000358901
 0.000198638 0.00787712 0.0132934 -0.00217598
 0.000294195 0.0109379 0.0222771 -0.00453255
 0.000318806 0.0174502 0.0304711 -0.00777796
 1.58595e-05 0.00583593 0.0245715 -0.00717007
 -0.000174271 -0.00610281 0.0175361 -0.00512879
 -0.000310552 -0.00804175 0.0121807 -0.00382217
 -0.000440273 -0.00334483 0.00764213 -0.00282401
 -0.000510101 -0.00352697 0.0043993 -0.00171996
 0.000264303 0.00609359 0.0208056 -0.00383893
 0.000394841 0.0146988 0.0358909 -0.00833777
 0.000250914 0.0116631 0.0437363 -0.0116884
 -0.000119965 0.0232745 0.044985 -0.0149511
 -0.000459365 0.0172745 0.0370527 -0.0132652
 -0.000778581 0.0124403 0.0257339 -0.0101492
 -0.000970439 0.00418987 0.0146355 -0.00624319
 -0.00100762 -0.00917022 0.010165 -0.00382296
 0.000300464 0.00751736 0.0468814 -0.0118834
 8.37163e-05 0.0179269 0.061171 -0.01842
 -0.000621226 0.0293999 0.0598993 -0.0215828
 -0.00112951 0.0353078 0.0518756 -0.0207811
 -0.00171474 0.036961 0.0380249 -0.0172622
 -0.00210996 0.0329931 0.019916 -0.0110975
 -0.00205614 0.0209603 0.0063445 -0.00515223
 -0.000478599 0.0232765 0.0712487 -0.0243203
 -0.00162435 0.0356489 0.0693937 -0.0275575
 -0.00245257 0.0418676 0.0581807 -0.0256214
 -0.00328763 0.0601402 0.0410226 -0.0221559
 -0.00384625 0.0543683 0.0194516 -0.0140927
 -0.00411079 0.0611069 -0.00564788 -0.00487716
 -0.0033302 0.0471021 0.0621032 -0.0287787
 -0.004409 0.0681061 0.0488689 -0.0270116
 -0.00539974 0.0707898 0.0316921 -0.0216619
 -0.0064752 0.0810201 0.00573932 -0.0129238
 -0.00680465 0.0777387 -0.0169757 -0.00305789
 -0.00553009 0.0612988 0.0409201 -0.0247298
 -0.00702597 0.0882933 0.0166353 -0.018607
 -0.00813332 0.100425 -0.0116287 -0.00847801
 -0.00791361 0.0811938 -0.02404 -0.000855228
 -0.00791998 0.0889105 0.00491607 -0.0145002
 -0.00900634 0.103791 -0.0218709 -0.00525543
 -0.00933944 0.0954346 -0.0417835 0.00459933
 -0.00937927 0.0884758 -0.0267564 -0.00161012
 -0.0100846 0.0936932 -0.0508719 0.00889112
 -0.00986842 0.0775134 -0.0500518 0.0112426

Fourier series term #5
 1.9415e-06 0.000209746 0.000116967 -9.01139e-06
 -4.29358e-06 -0.000411423 -0.000257527 2.3671e-05
 6.09265e-06 0.000526424 0.000360851 -4.22357e-05
 -2.83679e-07 -6.36704e-06 -1.43455e-05 2.62367e-06
 -8.71295e-06 -0.000691858 -0.00050893 8.75783e-05
 1.61107e-05 0.00126376 0.000914127 -0.000196605
 -5.4486e-06 -0.000526024 -0.000316533 8.89986e-05
 -8.82982e-06 -0.00140688 -0.000611191 0.000215359
 5.03437e-06 0.000912542 0.000196346 -0.000100002
 5.38901e-06 0.00273587 0.000196887 -0.000194948
 2.27648e-06 0.00177422 -0.000206592 -1.92522e-05
 -1.52983e-06 -0.0012584 0.000464751 -9.6323e-05
 -3.0262e-05 -0.00318141 -0.00186349 0.000186503
 3.42321e-05 0.00246957 0.00203277 -0.000264147
 -5.41404e-05 -0.00463797 -0.0033811 0.000490046
 -4.55787e-05 -0.0033359 -0.00286264 0.000501946
 5.86407e-05 0.00531038 0.00373653 -0.000784889
 -9.33877e-06 -0.0011941 -0.000434714 0.000148823
 7.67584e-06 0.000885666 0.000128896 -8.02176e-05
 1.88166e-06 -0.000308204 -0.000224504 7.65198e-05
 -9.32355e-07 -0.00201858 4.33591e-05 9.92676e-05
 -6.76422e-06 -0.00149479 0.000660602 -0.000120216
 -1.21569e-05 0.00091766 8.4911e-05 -5.76885e-05
 -6.00427e-05 -0.00520486 -0.00378972 0.0005578
 -0.000125622 -0.00906331 -0.00791997 0.00138248
 -0.000136062 -0.00999148 -0.00859864 0.00180857
 7.31749e-05 0.00674126 0.00428149 -0.00103212
 0.000132441 0.0121194 0.00860472 -0.00245184
 2.2469e-05 -0.00188167 0.00126511 -0.000154716
 2.00938e-05 -0.00552873 2.65978e-05 0.000389879
 3.35737e-05 -0.00287677 0.00108761 -9.64698e-05
 2.41397e-05 -0.00125345 0.00148807 -0.000364383
 -4.22903e-06 -0.00188053 0.0018669 -0.000499507
 -0.000184664 -0.0133598 -0.011299 0.00218359
 -9.03216e-05 -0.00609609 -0.00627142 0.0014084
 6.11211e-05 0.00427586 0.00234961 -0.000533499
 0.000163599 0.012308 0.00979161 -0.00258987
 0.000143543 0.0123999 0.00931471 -0.00294052
 8.79724e-05 0.00304133 0.00578143 -0.00164164
 5.63553e-05 -0.00508976 0.00491693 -0.00106113
 3.36801e-05 -0.00879005 0.00582682 -0.00125726
 -2.50904e-05 -0.00719878 0.00581418 -0.00148714
 -4.27978e-05 -0.00415285 -0.00436692 0.00117067
 7.61392e-05 0.00326945 0.00301885 -0.000485369
 0.000183353 0.0105906 0.0101568 -0.0026989
 0.000179935 0.0169969 0.0165027 -0.00525157
 0.000103336 0.0178361 0.0153686 -0.00540647
 3.49562e-06 0.011759 0.0126876 -0.00454418
 -6.15742e-05 -0.00074754 0.0114324 -0.00359141
 -9.14982e-05 -0.0108117 0.0115403 -0.00322751
 0.000138553 0.00320996 0.00562319 -0.00107568
 0.000280259 0.00894536 0.014054 -0.00367469
 0.000119186 0.0115585 0.0216162 -0.00673881
 6.50446e-05 0.0190341 0.0232777 -0.00825227
 -0.00013601 0.0264698 0.0197973 -0.00824098
 -0.000375959 0.0234179 0.0139553 -0.00634876
 -0.000408385 0.0149898 0.0100768 -0.00457434
 0.000189784 0.00374657 0.0206264 -0.00557394
 0.000107331 0.0123082 0.0266942 -0.00889006
 -0.000125428 0.0203742 0.0300549 -0.0113401
 -0.000510743 0.0258979 0.0260937 -0.0109738
 -0.000831045 0.0323391 0.0179086 -0.00903458
 -0.00104987 0.0447661 0.00249975 -0.0045
 -0.000229916 0.0148108 0.0345729 -0.0129375
 -0.000535523 0.023896 0.0333887 -0.0138991
 -0.00100781 0.0340979 0.0263298 -0.0128654
 -0.00151301 0.0431242 0.0147253 -0.00977065
 -0.00165778 0.0510934 -0.00092921 -0.00451861
 -0.00083897 0.0205138 0.0313333 -0.0134616
 -0.00145871 0.0431807 0.019494 -0.0116274
 -0.00201774 0.0547348 0.00611355 -0.0079007
 -0.00193674 0.0593284 -0.00909342 -0.00247685
 -0.00180519 0.0401628 0.0169594 -0.0110872
 -0.0024804 0.0734113 -0.0115714 -0.00314156
 -0.00231066 0.0781986 -0.0299643 0.00413472
 -0.00223334 0.0636375 -0.0101832 -0.0034002
 -0.00209395 0.0791011 -0.0369984 0.00642027
 -0.00168922 0.0640085 -0.0363567 0.00790176


