**************************************************************
***  MERIS LUT-169: Fourier series terms (s0,..,s5)[TERM]] ***
***                 of polynomial coefficients (k0,..,k3)  ***
***                 for each of 81 aerosol models [IAER],  ***
***                 & for each of 78 geometries [SVZA]     ***
***  - - - - - - - - - - - - - - - - - - - - - - - - - - - ***
***  => useful for multiplicative aer.scat.fct. retrieval  ***
**************************************************************

12 Gaussian angles (deg): SZA/VZA
------------------------         

 2.84 17.64 28.77 36.19 43.61 51.03 58.46 65.88 69.59 73.30 77.01 80.72

Coefficients: [SVZA x (k0,k1,k2,k3)]
------------                        

 Aerosol model #39
 - - - - - - -  

Fourier series term #0
 1.01315 1.13139 0.609611 -0.0785641
 1.01479 1.20969 0.678904 -0.097453
 1.01962 1.49028 0.87934 -0.148411
 1.02498 1.80889 1.08431 -0.209351
 1.03057 2.15093 1.25886 -0.283188
 1.03556 2.52262 1.34538 -0.360491
 1.03831 2.93284 1.25552 -0.417333
 1.03602 3.38295 0.849187 -0.398724
 1.03224 3.61153 0.463822 -0.328357
 1.02789 3.82275 -0.0742388 -0.192636
 1.02824 3.96849 -0.74972 0.0202417
 1.04826 3.90774 -1.414 0.276525
 1.01644 1.41151 0.800869 -0.124651
 1.02069 1.69436 0.976559 -0.176493
 1.0242 1.93735 1.09723 -0.225335
 1.02822 2.25677 1.20473 -0.286959
 1.03186 2.63633 1.23879 -0.351313
 1.03326 3.04643 1.10308 -0.391982
 1.02983 3.4799 0.671162 -0.357471
 1.02571 3.70141 0.287382 -0.282357
 1.02118 3.91052 -0.239481 -0.145339
 1.02126 4.05953 -0.898209 0.0656991
 1.0406 4.00758 -1.54772 0.318985
 1.02509 1.94048 1.11032 -0.236857
 1.02791 2.17518 1.17662 -0.281209
 1.03037 2.43977 1.19185 -0.326933
 1.03206 2.76487 1.13349 -0.368924
 1.03153 3.15355 0.936712 -0.38794
 1.02615 3.57687 0.476307 -0.334476
 1.02113 3.79363 0.0927052 -0.252745
 1.01583 3.99973 -0.423035 -0.112752
 1.01534 4.14986 -1.06104 0.0967057
 1.03418 4.10711 -1.68717 0.345172
 1.02997 2.38707 1.14722 -0.294811
 1.03187 2.64459 1.1095 -0.328149
 1.03253 2.92326 0.982434 -0.349305
 1.03097 3.26091 0.728527 -0.344638
 1.02498 3.66063 0.244732 -0.272495
 1.0199 3.87415 -0.138542 -0.184199
 1.01477 4.07797 -0.646774 -0.0398606
 1.01476 4.22946 -1.27087 0.170948
 1.03439 4.19261 -1.87979 0.417887
 1.03434 2.83579 1.04229 -0.35873
 1.03415 3.09808 0.87549 -0.366893
 1.0314 3.38162 0.577936 -0.34279
 1.02457 3.72834 0.0721161 -0.252688
 1.01945 3.92897 -0.308452 -0.159058
 1.01461 4.13017 -0.804314 -0.0130682
 1.01531 4.28171 -1.40699 0.19532
 1.03605 4.24745 -1.98864 0.435964
 1.03263 3.31073 0.657148 -0.354024
 1.02887 3.58356 0.330011 -0.312743
 1.02118 3.88644 -0.203011 -0.200745
 1.01604 4.06189 -0.587495 -0.0976832
 1.01175 4.24456 -1.0767 0.0540585
 1.01371 4.38612 -1.65989 0.262463
 1.03631 4.34954 -2.2118 0.497106
 1.02394 3.81189 -0.0343338 -0.246732
 1.01591 4.12089 -0.589039 -0.114467
 1.01115 4.28215 -0.979541 -0.000551078
 1.00811 4.43559 -1.46213 0.159095
 1.0125 4.54421 -2.01958 0.368089
 1.03874 4.47309 -2.52217 0.592422
 1.00905 4.38854 -1.15691 0.0409824
 1.00574 4.55358 -1.55114 0.165202
 1.00534 4.69887 -2.02314 0.330838
 1.01438 4.77048 -2.54013 0.536441
 1.04721 4.63544 -2.96204 0.741551
 1.00365 4.68932 -1.9363 0.293991
 1.00585 4.82475 -2.39117 0.459229
 1.01872 4.88501 -2.87835 0.658404
 1.05644 4.71061 -3.23881 0.845583
 1.01161 4.92223 -2.81173 0.620027
 1.02958 4.9439 -3.24136 0.804137
 1.0737 4.72798 -3.51819 0.962998
 1.05438 4.88548 -3.5647 0.955418
 1.10578 4.60748 -3.72209 1.07116
 1.16284 4.23378 -3.71103 1.12396

Fourier series term #1
 -0.000348497 -0.0285246 -0.0160829 0.00208174
 -0.000181233 -0.0070988 -0.00714892 0.0010959
 -0.000810199 -0.0482234 -0.032872 0.00572896
 -0.000858689 -0.0464744 -0.0300228 0.00617399
 -0.000854701 -0.0440046 -0.0218014 0.00567229
 -0.000812911 -0.0421927 -0.00857736 0.00382247
 -0.000710327 -0.0376382 0.0103238 -0.000296026
 -0.000622757 -0.0278744 0.0313168 -0.00674221
 -0.000656921 -0.0199221 0.0397633 -0.0102649
 -0.000812054 -0.00899512 0.0440911 -0.0130959
 -0.00113509 0.00508402 0.0414289 -0.0139746
 -0.00154262 0.0210629 0.029758 -0.0115491
 -0.00205034 -0.122009 -0.0874509 0.014215
 -0.00369658 -0.219009 -0.14194 0.0271716
 -0.00458302 -0.269384 -0.15103 0.0337903
 -0.00489461 -0.279807 -0.113019 0.0321927
 -0.00474859 -0.262196 -0.032332 0.0194789
 -0.00438256 -0.225253 0.0760061 -0.00558571
 -0.00425703 -0.156338 0.188431 -0.0418452
 -0.00471069 -0.105329 0.230469 -0.0606062
 -0.00589652 -0.0387447 0.248443 -0.0748361
 -0.00805158 0.0461288 0.226491 -0.0775929
 -0.0106281 0.144962 0.151961 -0.0610084
 -0.00565894 -0.318066 -0.178102 0.0415193
 -0.00659432 -0.369315 -0.161577 0.0448453
 -0.0072952 -0.413398 -0.109744 0.0411333
 -0.00738354 -0.409009 -0.00234253 0.0214402
 -0.00708544 -0.343874 0.14911 -0.0181379
 -0.00742791 -0.222253 0.296794 -0.0710017
 -0.00848845 -0.135372 0.345302 -0.0963074
 -0.0106871 -0.0267872 0.3563 -0.113429
 -0.0142665 0.105584 0.308942 -0.112773
 -0.018205 0.254977 0.188215 -0.0841775
 -0.00768891 -0.430581 -0.125344 0.0425705
 -0.0083288 -0.458643 -0.0483384 0.0318668
 -0.00871147 -0.461929 0.0640667 0.00890743
 -0.00880293 -0.396883 0.211983 -0.0323912
 -0.00959111 -0.244299 0.352779 -0.0869315
 -0.0110299 -0.134126 0.391994 -0.111378
 -0.0137483 -0.000130714 0.386546 -0.124957
 -0.0179035 0.158918 0.314635 -0.117223
 -0.022076 0.335661 0.161705 -0.0777171
 -0.00920635 -0.485254 0.0382113 0.0161627
 -0.00962351 -0.464256 0.162079 -0.014973
 -0.0101674 -0.400071 0.296542 -0.0580414
 -0.0116199 -0.244724 0.412727 -0.110358
 -0.0134559 -0.124402 0.437552 -0.132596
 -0.0165928 0.0287299 0.414408 -0.142607
 -0.0210676 0.210353 0.319881 -0.128848
 -0.0250495 0.4055 0.142948 -0.0814639
 -0.010497 -0.434428 0.272683 -0.0482251
 -0.0116528 -0.340046 0.384931 -0.0917231
 -0.0141731 -0.1837 0.454029 -0.133819
 -0.0165662 -0.0651842 0.451121 -0.147995
 -0.0201723 0.0886034 0.400651 -0.148969
 -0.0248176 0.278175 0.279457 -0.125661
 -0.0282518 0.483902 0.0787409 -0.0689582
 -0.0138583 -0.236106 0.451309 -0.126589
 -0.0175358 -0.0528008 0.462269 -0.154655
 -0.0204977 0.0660531 0.42394 -0.157168
 -0.024401 0.209024 0.33966 -0.144749
 -0.0287543 0.382766 0.192237 -0.109014
 -0.0309033 0.569504 -0.0213835 -0.0438159
 -0.0220111 0.129779 0.402919 -0.159914
 -0.0253651 0.256701 0.324149 -0.147706
 -0.0292008 0.40023 0.201433 -0.119367
 -0.0324777 0.554352 0.0274621 -0.0689768
 -0.0320849 0.69866 -0.18662 0.00346741
 -0.028949 0.374379 0.225365 -0.125941
 -0.0322582 0.515799 0.0852121 -0.089262
 -0.0344374 0.662138 -0.0997709 -0.0320167
 -0.0320358 0.782901 -0.307673 0.0422204
 -0.0346701 0.63609 -0.063334 -0.0450981
 -0.0351964 0.765621 -0.249963 0.0166703
 -0.0300084 0.860139 -0.442154 0.0887823
 -0.0330376 0.853831 -0.415105 0.0759547
 -0.0244257 0.90698 -0.571802 0.139008
 -0.0125031 0.900278 -0.66959 0.184873

Fourier series term #2
 -5.25022e-05 -0.00452539 -0.00244223 0.000314517
 3.00911e-05 0.00240071 0.00135332 -0.000196793
 2.02074e-06 -8.76259e-05 -0.000167256 1.32529e-05
 -2.79415e-05 -0.00203044 -0.00168392 0.000296634
 -6.56928e-06 -0.000262414 -0.000976665 0.000173365
 -9.61374e-06 -0.00037171 -0.00136449 0.00029148
 -3.37182e-05 -0.00232467 -0.00232415 0.000656367
 5.30333e-06 0.0002193 -0.0011174 0.000314888
 1.16829e-05 0.00042619 -0.000950933 0.000278101
 3.17082e-06 -0.00129774 -0.000741999 0.000327003
 -8.30645e-06 -0.00321886 0.000146772 0.000154161
 -2.88324e-05 -0.00309857 0.000962032 -0.000153581
 0.000335977 0.0248604 0.0131333 -0.00220095
 0.000144233 0.00563068 -0.00513455 0.00036005
 -0.000224088 -0.0260908 -0.0329747 0.00563995
 -0.000356901 -0.0377924 -0.0509624 0.0102099
 -0.000243675 -0.0345755 -0.0578325 0.0133734
 -6.13487e-05 -0.0385225 -0.0601076 0.0164936
 0.000287337 -0.0490995 -0.0503769 0.0170845
 0.000550747 -0.054627 -0.0385384 0.0150989
 0.00082039 -0.0592808 -0.0217658 0.0109606
 0.000943189 -0.0616233 -0.0016093 0.00469885
 0.000578594 -0.0584677 0.0167944 -0.00225538
 -6.20045e-05 -0.0149194 -0.0382897 0.00633791
 -0.000229387 -0.0328877 -0.0703501 0.013493
 -0.000507275 -0.070198 -0.113898 0.025466
 -0.00048696 -0.101155 -0.144464 0.0374381
 7.52336e-05 -0.118349 -0.146237 0.0443878
 0.00114976 -0.138756 -0.115298 0.0430048
 0.00184785 -0.151313 -0.0846514 0.0370661
 0.00252292 -0.162886 -0.0432905 0.0262745
 0.00281158 -0.16919 0.00535412 0.01067
 0.00187295 -0.161406 0.0494185 -0.00648151
 -0.000382291 -0.0607677 -0.111874 0.0231426
 -0.00043675 -0.0938957 -0.155396 0.0365332
 -0.000328041 -0.148391 -0.194535 0.0528828
 0.000431969 -0.198138 -0.199259 0.0638318
 0.002068 -0.235642 -0.150496 0.0602062
 0.00314083 -0.251534 -0.104046 0.0502839
 0.00415575 -0.265776 -0.0436049 0.0337332
 0.0045588 -0.272849 0.0264551 0.0105932
 0.00310243 -0.259373 0.0891111 -0.0143926
 -0.000530587 -0.139377 -0.208508 0.0554378
 -3.95443e-05 -0.194533 -0.241001 0.0727718
 0.00103372 -0.277132 -0.243122 0.0864405
 0.00327639 -0.350106 -0.179186 0.0813585
 0.00476572 -0.377176 -0.116773 0.0672119
 0.00614883 -0.395929 -0.0353919 0.0436958
 0.00664972 -0.403209 0.0575974 0.0117017
 0.00457851 -0.382796 0.139711 -0.0222809
 0.000864916 -0.274406 -0.267464 0.0915559
 0.00267366 -0.360854 -0.249801 0.101055
 0.00560813 -0.469554 -0.167037 0.0921503
 0.00746683 -0.518619 -0.090393 0.0742049
 0.00916094 -0.554704 0.00991698 0.0444387
 0.00965023 -0.568969 0.124457 0.00379581
 0.00671367 -0.541979 0.223803 -0.0390044
 0.0051321 -0.47365 -0.213335 0.106323
 0.0088906 -0.587256 -0.103912 0.0875512
 0.011039 -0.652349 -0.0137564 0.0647174
 0.012832 -0.711004 0.102505 0.0292819
 0.0130852 -0.745205 0.236085 -0.0189028
 0.00890765 -0.726713 0.35135 -0.0694145
 0.0132671 -0.732058 0.0310127 0.0592001
 0.0154598 -0.796343 0.132033 0.0302231
 0.0169632 -0.853544 0.256021 -0.0107214
 0.0162955 -0.900627 0.398095 -0.0635926
 0.0102203 -0.893641 0.518942 -0.11771
 0.0175379 -0.870005 0.239306 -0.00170429
 0.0185489 -0.928924 0.36435 -0.0444013
 0.0168271 -0.968628 0.4995 -0.0964836
 0.00938988 -0.953538 0.609693 -0.148126
 0.0186886 -1.00021 0.493697 -0.089052
 0.0157941 -1.02863 0.617364 -0.13909
 0.00667912 -0.997052 0.705398 -0.184093
 0.0112464 -1.05814 0.729756 -0.185026
 0.00015873 -1.01325 0.792592 -0.221462
 -0.0132801 -0.961161 0.825739 -0.245646

Fourier series term #3
 5.42995e-06 0.000462428 0.000250654 -3.23181e-05
 9.54037e-06 0.000788367 0.000442846 -6.34577e-05
 -2.53812e-06 -0.000198357 -0.000106681 1.82582e-05
 1.13413e-06 6.87634e-05 5.48029e-05 -1.06283e-05
 1.20883e-05 0.000853229 0.000510346 -0.00011499
 -2.10125e-05 -0.00144755 -0.000782287 0.000208198
 6.36092e-06 0.000552104 0.000224489 -7.71716e-05
 1.30563e-05 0.00135255 0.000321022 -0.000155612
 -9.23669e-06 -0.000844285 -0.00014346 8.60262e-05
 -1.91541e-05 -0.00237176 8.03612e-07 0.000132593
 -1.21542e-05 -0.00143491 0.000235102 3.12996e-06
 1.03503e-05 0.00102376 -0.000382833 7.47982e-05
 3.84935e-05 0.0034295 0.00236201 -0.000349448
 0.000248329 0.0204495 0.0134332 -0.00236497
 5.34974e-05 0.0029106 0.00373851 -0.000750797
 -7.82252e-05 -0.00739684 -0.0030509 0.000623765
 -7.27408e-05 -0.00481926 -0.00333693 0.00067983
 -4.57352e-05 -0.000954808 -0.00406987 0.000817103
 -1.54541e-05 0.000600657 -0.00651473 0.00159551
 8.67401e-06 -0.000491571 -0.00766099 0.00214491
 6.01666e-05 -0.00171018 -0.00788648 0.0024685
 0.000141951 -0.00230803 -0.00708068 0.00241076
 0.000235339 -0.00245311 -0.00550969 0.00199317
 0.000270065 0.0201021 0.0160847 -0.00331142
 0.000230479 0.0184837 0.014972 -0.00352369
 -3.57837e-05 -0.00199857 0.000437482 -0.000506103
 -0.000198226 -0.0133901 -0.0127601 0.00274733
 -0.000168863 -0.00985999 -0.0205338 0.00501672
 9.07101e-06 -0.00498052 -0.0273655 0.00763896
 0.000186139 -0.00439805 -0.0298046 0.00898498
 0.000449052 -0.00579735 -0.0300681 0.00984323
 0.000798428 -0.00949233 -0.026627 0.00954293
 0.00114836 -0.0143714 -0.0188675 0.00752195
 0.000129239 0.0123183 0.0102054 -0.00286121
 6.24188e-05 0.012087 0.00348565 -0.00199485
 -0.000191492 -0.00830965 -0.0182814 0.00345264
 -0.000229834 -0.0198625 -0.0383032 0.00971369
 0.000148603 -0.0163709 -0.0500144 0.0145751
 0.000506797 -0.0160435 -0.0523949 0.0164051
 0.00100156 -0.019909 -0.0502075 0.0170732
 0.00163813 -0.0245227 -0.0423017 0.0156365
 0.00225761 -0.0307136 -0.0283379 0.0116162
 -6.31616e-05 0.00756331 -0.0095743 0.000696917
 -0.000144064 0.00452014 -0.0293141 0.00577492
 -0.000128688 -0.0156602 -0.0598753 0.0160669
 0.000430889 -0.0351348 -0.08048 0.0258731
 0.00105079 -0.0405925 -0.0821912 0.0284902
 0.00189961 -0.0452512 -0.076144 0.0284953
 0.00291745 -0.0519616 -0.0613515 0.0251589
 0.00381449 -0.059337 -0.0384419 0.0180379
 -9.17815e-05 1.45122e-05 -0.0550417 0.0134183
 0.000272678 -0.00846262 -0.0838989 0.0239708
 0.00126599 -0.0459992 -0.10721 0.0369126
 0.00223084 -0.0665494 -0.106967 0.0404304
 0.00353711 -0.0849652 -0.0946177 0.0396479
 0.00502077 -0.100123 -0.0692293 0.0332835
 0.00616692 -0.108713 -0.0348581 0.0217643
 0.0010859 -0.0271329 -0.113006 0.0366188
 0.00281722 -0.0529958 -0.127919 0.0473838
 0.00422802 -0.0843837 -0.121244 0.049812
 0.00602373 -0.117481 -0.100615 0.0473955
 0.00794215 -0.152012 -0.0614729 0.037346
 0.00925849 -0.174445 -0.0102722 0.0199454
 0.00541417 -0.0964854 -0.128876 0.0555964
 0.00729027 -0.117731 -0.114773 0.0546048
 0.00949614 -0.14715 -0.0855838 0.0483701
 0.0117197 -0.188956 -0.0351969 0.0340462
 0.0128805 -0.22532 0.0292727 0.0118176
 0.00966497 -0.149214 -0.0917721 0.0508652
 0.0120068 -0.176539 -0.0584734 0.0424865
 0.013947 -0.208694 -0.00891588 0.0271121
 0.0145573 -0.243513 0.0575694 0.00332382
 0.0140043 -0.211628 -0.0164812 0.0308316
 0.0157059 -0.238206 0.0337129 0.0138937
 0.0159445 -0.257116 0.0901366 -0.00791337
 0.0170709 -0.268735 0.0889846 -0.00533863
 0.0165102 -0.271405 0.132404 -0.0239751
 0.0148948 -0.273551 0.172735 -0.042015

Fourier series term #4
 4.65963e-06 0.000400789 0.0002154 -2.77543e-05
 3.47416e-06 0.000287225 0.000160464 -2.29735e-05
 -1.17846e-06 -9.16327e-05 -5.44095e-05 9.20151e-06
 8.26735e-06 0.000585929 0.00035552 -6.85274e-05
 -7.04859e-06 -0.000512458 -0.000300786 6.77638e-05
 -2.90279e-06 -0.000262013 -0.000144155 3.80229e-05
 1.61471e-05 0.00111689 0.000492049 -0.000162426
 -8.85556e-06 -0.00106668 -0.000258435 0.000123199
 -8.89073e-06 -0.00137776 -0.000183957 0.00012711
 3.14401e-06 -0.00020242 -5.15847e-06 1.24196e-05
 1.47182e-05 0.00127413 -0.00023386 3.58661e-06
 2.33206e-05 0.00136651 -0.000472175 8.8602e-05
 -0.000125064 -0.0109693 -0.00622999 0.00096413
 0.000124371 0.0111988 0.00647925 -0.00113832
 8.43259e-05 0.00676771 0.00443327 -0.000868243
 -1.81711e-05 -0.00224513 -0.00055864 0.000161667
 -1.50859e-05 -0.00177134 -0.000276715 0.000112692
 -7.94718e-06 -0.000669924 0.000394889 -7.66345e-05
 -1.42812e-05 -0.000491019 0.000476103 -0.000124601
 -1.49602e-05 -0.000239497 0.000306215 -9.8276e-05
 -1.42089e-05 6.13973e-05 5.51489e-05 -4.13365e-05
 -1.24614e-05 0.000281324 -0.00017731 2.54956e-05
 -8.53919e-06 0.000205671 -0.000272582 7.08729e-05
 0.000177907 0.0144733 0.00965508 -0.00193782
 0.000259311 0.0214997 0.0146076 -0.00322512
 0.000113401 0.00817242 0.00811169 -0.00189903
 -5.10432e-05 -0.00619813 0.00131319 -9.92293e-05
 -8.20496e-05 -0.00692561 0.00123671 -8.67724e-05
 -8.80318e-05 -0.00254173 0.00213708 -0.000601877
 -0.000104518 -0.00123171 0.00170951 -0.000581204
 -0.000118155 -0.000505133 0.000822103 -0.000359029
 -0.000111846 -0.000245963 -0.000263409 1.88507e-06
 -6.95186e-05 -0.000392885 -0.0010609 0.000329032
 0.000229666 0.0184129 0.0143892 -0.00324131
 0.000213034 0.0189821 0.0166099 -0.00409373
 9.60557e-06 0.00174669 0.00962443 -0.00240773
 -0.000156433 -0.0109877 0.00436654 -0.000870172
 -0.000230662 -0.00957376 0.00393526 -0.000943663
 -0.000253858 -0.00709026 0.00318104 -0.000888467
 -0.000255899 -0.00263789 0.00141307 -0.00059828
 -0.000235717 0.000310537 -0.000894902 3.19834e-05
 -0.000162294 -0.00106094 -0.0017575 0.000494614
 0.000152777 0.01406 0.0181548 -0.00480634
 7.21568e-05 0.0150656 0.020291 -0.00600608
 -0.000231263 -0.00415978 0.0128506 -0.00377862
 -0.000429593 -0.01461 0.00666357 -0.00172596
 -0.000481226 -0.0153025 0.00483206 -0.00113246
 -0.000486579 -0.0104229 0.00261437 -0.000690534
 -0.000445284 -0.00607158 -0.000210926 6.91918e-05
 -0.000336442 -0.00489172 -0.00182816 0.000684944
 -0.000130741 0.0102572 0.0219031 -0.00693328
 -0.000371108 0.0124696 0.0210115 -0.00763364
 -0.000702111 -0.00531547 0.011489 -0.00422666
 -0.000799633 -0.0140599 0.00762467 -0.00243878
 -0.000812277 -0.0193128 0.00537454 -0.00123377
 -0.000747834 -0.0197458 0.00375295 -0.00049949
 -0.000601881 -0.0160862 0.00207953 -3.49307e-05
 -0.000629496 0.0117993 0.0202654 -0.00828226
 -0.00114035 0.0136681 0.0118185 -0.00618035
 -0.00126689 0.0032458 0.00749741 -0.00405332
 -0.00120119 -0.00954968 0.00585797 -0.00245003
 -0.0012342 -0.0239074 0.00618737 -0.00111062
 -0.000989452 -0.0302503 0.0105782 -0.00217945
 -0.00161311 0.0119202 0.00660311 -0.00468649
 -0.00181589 0.0148043 0.00164115 -0.00320044
 -0.00191633 0.00956815 -0.00153943 -0.0014455
 -0.00185649 -0.00492328 0.000421957 -0.000635992
 -0.00176714 -0.0265864 0.0111491 -0.00262138
 -0.0019524 0.00748346 0.000926883 -0.00231114
 -0.00208515 0.00917469 -0.00311903 -0.000805212
 -0.00212687 0.00349681 -0.00340239 6.07979e-05
 -0.00215111 -0.0168481 0.0072895 -0.00200659
 -0.0024633 0.00491821 -0.00364197 -4.44413e-05
 -0.00255312 0.00311589 -0.00465479 0.000755138
 -0.00243975 -0.00850508 0.0025661 -0.000827473
 -0.00282376 -0.0079904 0.00322442 -0.00129223
 -0.0031581 -0.0108976 0.00470112 -0.00127655
 -0.00361061 -0.0201015 0.0149771 -0.00460022

Fourier series term #5
 9.43124e-07 8.12272e-05 4.35903e-05 -5.64227e-06
 -1.41118e-06 -0.000113891 -6.49623e-05 9.31339e-06
 2.42272e-06 0.000181629 0.000108506 -1.83256e-05
 -4.60051e-07 -2.91604e-05 -1.82261e-05 3.59636e-06
 -3.91799e-06 -0.000278032 -0.000165152 3.69378e-05
 6.19348e-06 0.000433151 0.000232803 -6.23621e-05
 -2.07912e-06 -0.000158579 -6.10917e-05 2.1211e-05
 -4.23688e-06 -0.000419653 -0.000117465 5.27031e-05
 2.59922e-06 0.00024383 2.02923e-05 -1.90825e-05
 5.64596e-06 0.000719651 -1.22271e-05 -3.67676e-05
 3.44712e-06 0.000448712 -7.27159e-05 -1.5253e-06
 -3.30701e-06 -0.000294368 0.000113271 -2.28611e-05
 -0.000115531 -0.0105937 -0.00584211 0.000899692
 2.35483e-05 0.00252129 0.00125208 -0.000220232
 4.53702e-05 0.00406689 0.00236982 -0.000470016
 7.19283e-06 0.000366338 0.000308507 -6.97841e-05
 -5.94657e-06 -0.000661711 -0.000271103 7.87543e-05
 -3.12959e-06 -0.000364227 -4.68033e-05 2.87918e-05
 2.37164e-06 9.57114e-05 5.55883e-05 -1.82853e-05
 4.3505e-08 -0.000164149 2.9157e-05 1.47118e-06
 -2.33993e-06 -0.000308593 0.00011535 -1.78222e-05
 -4.17135e-06 -8.78234e-05 0.000164065 -4.86105e-05
 -2.6417e-06 0.000243582 2.26789e-05 -2.04659e-05
 2.6338e-05 0.0025393 0.00144302 -0.000291767
 0.000169702 0.0152508 0.00882284 -0.00200606
 0.000113548 0.00998338 0.00617268 -0.001551
 1.82897e-05 0.000556174 0.00105082 -0.000252473
 -1.73174e-05 -0.00332521 -0.000552042 0.000303298
 -9.5284e-06 -0.00205775 0.00054155 -3.13142e-05
 -6.53432e-06 -0.000948372 0.000901549 -0.000209628
 -9.57934e-06 -8.73619e-05 0.000914983 -0.000283381
 -1.75147e-05 2.56542e-05 0.000756278 -0.000254356
 -2.78989e-05 -0.000431993 0.000739053 -0.000231121
 0.000141544 0.0127366 0.00755014 -0.00176974
 0.000210396 0.0199317 0.0112758 -0.00295727
 0.000106872 0.0095268 0.00632295 -0.00179255
 -1.38291e-05 -0.00419624 0.00115175 -7.84514e-05
 -2.26482e-05 -0.00579232 0.00138916 -7.04015e-05
 -2.6845e-05 -0.00479698 0.00213724 -0.000362132
 -4.53092e-05 -0.00262425 0.0026669 -0.000693251
 -7.35151e-05 -0.00127231 0.00250954 -0.000765009
 -9.18904e-05 -0.00110684 0.0020253 -0.000638082
 0.000191767 0.0165969 0.0106405 -0.00302493
 0.000200385 0.0199487 0.0126972 -0.00399072
 6.17041e-05 0.00589405 0.00747954 -0.00231941
 -5.83833e-05 -0.00882454 0.0047849 -0.000910584
 -7.90094e-05 -0.0108389 0.00520688 -0.000968236
 -0.00011042 -0.00878429 0.00603406 -0.00143737
 -0.000164814 -0.00642973 0.00610368 -0.00170237
 -0.000207116 -0.00368016 0.00475094 -0.00147448
 0.000151293 0.0169981 0.0129311 -0.00428348
 7.46727e-05 0.0192331 0.0145777 -0.00534281
 -0.000119355 0.000785387 0.011387 -0.00372461
 -0.000203372 -0.00784751 0.0109166 -0.00314489
 -0.000239335 -0.0125296 0.011087 -0.00299632
 -0.000326226 -0.0139278 0.0115982 -0.00319344
 -0.000418929 -0.00981862 0.0100109 -0.00303467
 -5.66131e-05 0.0162355 0.0166977 -0.00635115
 -0.00029767 0.019071 0.0153671 -0.00671397
 -0.000456796 0.0128965 0.0138613 -0.00602584
 -0.000545629 -0.00022644 0.0144212 -0.00542629
 -0.000683093 -0.00934913 0.0146851 -0.00487254
 -0.000745004 -0.0122838 0.0146985 -0.00475735
 -0.000651167 0.02005 0.0154313 -0.00748529
 -0.000872745 0.0242071 0.0123628 -0.0070283
 -0.00108297 0.0260589 0.00756199 -0.00563371
 -0.00120923 0.0178505 0.0056661 -0.00423367
 -0.00125496 0.00391842 0.00830784 -0.00394141
 -0.00115205 0.02256 0.0103636 -0.0063964
 -0.00140341 0.0296971 0.00379489 -0.00476011
 -0.00150218 0.031466 -0.00245484 -0.00255659
 -0.00138522 0.0217604 -0.0032155 -0.00118279
 -0.00155745 0.0295394 -9.31014e-05 -0.00336378
 -0.00155269 0.0380854 -0.0102329 -0.000185391
 -0.00130328 0.0359619 -0.0150095 0.0021098
 -0.00192815 0.0375329 -0.0148277 0.00170611
 -0.00148894 0.040703 -0.0235684 0.00523797
 -0.00125074 0.0354462 -0.0244214 0.00640178


