**************************************************************
***  MERIS LUT-169: Fourier series terms (s0,..,s5)[TERM]] ***
***                 of polynomial coefficients (k0,..,k3)  ***
***                 for each of 81 aerosol models [IAER],  ***
***                 & for each of 78 geometries [SVZA]     ***
***  - - - - - - - - - - - - - - - - - - - - - - - - - - - ***
***  => useful for multiplicative aer.scat.fct. retrieval  ***
**************************************************************

12 Gaussian angles (deg): SZA/VZA
------------------------         

 2.84 17.64 28.77 36.19 43.61 51.03 58.46 65.88 69.59 73.30 77.01 80.72

Coefficients: [SVZA x (k0,k1,k2,k3)]
------------                        

 Aerosol model #21
 - - - - - - -  

Fourier series term #0
 1.02057 1.51017 0.566421 -0.0968577
 1.0215 1.57854 0.609544 -0.111032
 1.02321 1.71456 0.682406 -0.138243
 1.02472 1.84928 0.738877 -0.16524
 1.02647 2.03298 0.786258 -0.19905
 1.02802 2.26721 0.788749 -0.233939
 1.02857 2.55557 0.683304 -0.25406
 1.02669 2.89708 0.364491 -0.221541
 1.02451 3.08002 0.0771066 -0.162782
 1.02233 3.25462 -0.320935 -0.0579138
 1.02377 3.38026 -0.821062 0.102164
 1.03956 3.34487 -1.31494 0.293222
 1.02238 1.66038 0.651514 -0.12583
 1.02436 1.80391 0.717645 -0.154137
 1.02616 1.94795 0.763988 -0.181249
 1.02822 2.13497 0.791544 -0.213189
 1.03016 2.36975 0.765302 -0.243271
 1.03115 2.65466 0.626577 -0.255329
 1.02967 2.98093 0.279223 -0.212448
 1.02767 3.15156 -0.0151465 -0.149145
 1.02568 3.3122 -0.412034 -0.0416146
 1.02728 3.42439 -0.902059 0.118244
 1.04303 3.37972 -1.37987 0.306314
 1.0278 1.95202 0.779534 -0.187421
 1.03024 2.10131 0.811309 -0.217281
 1.03295 2.28729 0.813738 -0.249775
 1.03557 2.51435 0.755382 -0.27766
 1.03717 2.77688 0.583459 -0.284135
 1.03637 3.06816 0.217523 -0.235152
 1.03486 3.21846 -0.0749767 -0.170431
 1.03352 3.3582 -0.460325 -0.0637871
 1.03589 3.45091 -0.929444 0.0923083
 1.05227 3.3926 -1.38244 0.27497
 1.02943 2.278 0.768415 -0.221922
 1.03078 2.47626 0.72232 -0.241616
 1.0315 2.70528 0.60536 -0.251133
 1.0308 2.96703 0.374241 -0.235112
 1.02747 3.25336 -0.0441487 -0.160925
 1.02476 3.40109 -0.357479 -0.0836722
 1.02245 3.53876 -0.758175 0.0344115
 1.02433 3.62964 -1.23493 0.19937
 1.04094 3.56812 -1.6855 0.386579
 1.03445 2.63576 0.681435 -0.269512
 1.03481 2.85262 0.530886 -0.26941
 1.03352 3.09286 0.269351 -0.240922
 1.02966 3.36061 -0.169229 -0.153694
 1.02688 3.49931 -0.487283 -0.070391
 1.02484 3.62709 -0.886488 0.0521216
 1.02753 3.70629 -1.35293 0.218411
 1.04572 3.63021 -1.78173 0.402054
 1.03429 3.05113 0.342217 -0.254722
 1.03213 3.28017 0.0501244 -0.210894
 1.02757 3.53305 -0.411577 -0.107114
 1.02478 3.66593 -0.73565 -0.016387
 1.02313 3.78725 -1.1354 0.112144
 1.02691 3.85631 -1.59294 0.281163
 1.04703 3.76458 -1.99994 0.462214
 1.0292 3.49277 -0.269565 -0.149477
 1.02436 3.74147 -0.751351 -0.0283195
 1.02187 3.8674 -1.08066 0.0709143
 1.02122 3.98015 -1.47815 0.20575
 1.02702 4.03555 -1.92059 0.376398
 1.0504 3.92094 -2.29363 0.551306
 1.02013 3.97663 -1.2474 0.112003
 1.01881 4.10028 -1.57808 0.219489
 1.02043 4.20014 -1.96426 0.358928
 1.03006 4.22786 -2.37294 0.526156
 1.05898 4.07229 -2.68297 0.685205
 1.01879 4.21125 -1.90189 0.329781
 1.02249 4.30094 -2.27297 0.468452
 1.03526 4.30979 -2.65132 0.629069
 1.06826 4.12108 -2.90847 0.772324
 1.02923 4.3636 -2.612 0.601039
 1.04626 4.34441 -2.94249 0.748242
 1.08442 4.11614 -3.12734 0.867323
 1.06874 4.27461 -3.19409 0.870215
 1.11278 3.99581 -3.2799 0.953262
 1.16177 3.65139 -3.23465 0.985594

Fourier series term #1
 -0.000135817 -0.00951602 -0.00395765 0.000644316
 -0.000137645 -0.00718448 -0.00499308 0.000719773
 -0.00021568 -0.0108304 -0.00715267 0.00118309
 -0.000303598 -0.0147647 -0.00824052 0.00159529
 -0.000368232 -0.0190418 -0.00740039 0.00171967
 -0.000430537 -0.0214612 -0.00323635 0.00118165
 -0.000500569 -0.0226025 0.0048212 -0.000489303
 -0.000608181 -0.0200879 0.0162236 -0.00371775
 -0.000702643 -0.0162366 0.021898 -0.00577978
 -0.000874086 -0.00973254 0.025721 -0.00765503
 -0.00115577 1.16178e-06 0.025436 -0.0085115
 -0.00152665 0.0129612 0.0185446 -0.0071774
 -0.000813083 -0.0407914 -0.028151 0.00436721
 -0.00146751 -0.0723875 -0.0426237 0.00782319
 -0.00177899 -0.0958152 -0.0423282 0.0085853
 -0.00231514 -0.116005 -0.0335448 0.00884772
 -0.00277782 -0.132321 -0.00585364 0.0046872
 -0.00321178 -0.134805 0.0439504 -0.0065497
 -0.00378122 -0.111195 0.108147 -0.0260815
 -0.00434233 -0.0839635 0.136528 -0.0374022
 -0.00528115 -0.042751 0.152693 -0.0469367
 -0.00686351 0.0156995 0.1439 -0.0497482
 -0.0087987 0.0899533 0.0990644 -0.0402372
 -0.00257092 -0.121557 -0.0564362 0.0121403
 -0.00334276 -0.154521 -0.0508955 0.0132677
 -0.00411836 -0.18501 -0.0259016 0.0106056
 -0.0047944 -0.201787 0.0258442 0.000605632
 -0.00536021 -0.194528 0.10375 -0.0198392
 -0.00605756 -0.14529 0.191371 -0.050595
 -0.00672928 -0.0983355 0.225057 -0.0668565
 -0.00793504 -0.0327137 0.238235 -0.0792598
 -0.00989494 0.0541707 0.215195 -0.0811878
 -0.0121315 0.159643 0.142105 -0.0649645
 -0.00404205 -0.19546 -0.0307805 0.0106474
 -0.00492952 -0.224456 0.00965972 0.00400656
 -0.00580987 -0.234837 0.075262 -0.0106394
 -0.00675198 -0.209491 0.15997 -0.0350972
 -0.00832398 -0.133584 0.237878 -0.0657604
 -0.0096668 -0.0702136 0.258499 -0.0793422
 -0.0116872 0.0142084 0.251645 -0.0863014
 -0.0144711 0.121355 0.202115 -0.0798954
 -0.0172237 0.246174 0.0975458 -0.0524126
 -0.00606836 -0.246198 0.0628836 -0.00689825
 -0.00699538 -0.241574 0.140032 -0.0275288
 -0.00815791 -0.198478 0.22506 -0.0561747
 -0.0100711 -0.0998491 0.289621 -0.0875018
 -0.0117033 -0.0247207 0.296494 -0.0987118
 -0.0139655 0.0708606 0.272208 -0.101518
 -0.0168324 0.188253 0.201725 -0.0887592
 -0.0190803 0.31907 0.0772495 -0.0540976
 -0.00848677 -0.215892 0.21154 -0.0496708
 -0.0100593 -0.14912 0.282993 -0.0791929
 -0.0127382 -0.028671 0.316491 -0.105043
 -0.0147217 0.0575825 0.3027 -0.11114
 -0.0173307 0.163686 0.253505 -0.106361
 -0.0202394 0.288502 0.156995 -0.0843473
 -0.0217785 0.419844 0.0110883 -0.0406311
 -0.0122938 -0.0616959 0.325612 -0.10464
 -0.0158618 0.0813739 0.314558 -0.119385
 -0.0183167 0.175671 0.272978 -0.116632
 -0.0211659 0.288358 0.194587 -0.101388
 -0.0238069 0.415423 0.0707993 -0.0681755
 -0.0240523 0.539359 -0.0927131 -0.0153013
 -0.0203189 0.238421 0.248032 -0.116471
 -0.0230251 0.340343 0.174691 -0.102077
 -0.0257143 0.453861 0.0662197 -0.0741583
 -0.0273893 0.572389 -0.0801001 -0.0293216
 -0.0253427 0.675225 -0.249561 0.0303166
 -0.0255647 0.439294 0.0868831 -0.0811486
 -0.0278187 0.550933 -0.0349376 -0.046677
 -0.0285284 0.661123 -0.188031 0.00311454
 -0.0247511 0.74483 -0.351121 0.0635137
 -0.0292725 0.651182 -0.163697 -0.0068197
 -0.0284706 0.747743 -0.316395 0.0457579
 -0.0223944 0.807361 -0.464131 0.103701
 -0.0254689 0.816857 -0.453455 0.0962403
 -0.0165481 0.844465 -0.572402 0.146685
 -0.00461799 0.826613 -0.641872 0.181532

Fourier series term #2
 -3.4646e-05 -0.00254512 -0.000953554 0.00016323
 2.95548e-07 -4.64736e-06 -1.87319e-05 3.00532e-06
 1.54495e-06 4.40188e-05 -6.15703e-05 9.30666e-06
 2.66629e-06 5.54141e-05 -0.000144862 2.4168e-05
 3.21889e-06 -2.08368e-06 -0.000318526 6.17766e-05
 4.82024e-06 -8.68449e-05 -0.000551647 0.000122147
 6.88927e-06 -0.000343018 -0.000818409 0.000212811
 1.48406e-05 -0.000427217 -0.000878687 0.000263611
 1.91166e-05 -0.000624204 -0.000807573 0.000269049
 2.26334e-05 -0.00100945 -0.000588725 0.000235232
 2.37863e-05 -0.00140921 -0.000176657 0.000128667
 1.52278e-05 -0.00152456 0.000282026 -2.78514e-05
 2.39437e-05 0.000662104 -0.000693954 9.96837e-05
 6.36227e-05 0.00120543 -0.00314004 0.000504781
 8.90945e-05 0.00108764 -0.0070736 0.00129624
 0.000130418 -0.000835583 -0.0133931 0.00273004
 0.000185426 -0.00506624 -0.0218722 0.00508854
 0.000293205 -0.0120284 -0.0296698 0.00798791
 0.000488019 -0.024099 -0.0313619 0.0101056
 0.000632205 -0.0322008 -0.0272403 0.00991105
 0.000792897 -0.0408363 -0.0183577 0.00809795
 0.000873292 -0.0483468 -0.00484933 0.00428057
 0.000610305 -0.0513694 0.0101447 -0.000942478
 0.000147226 0.00169593 -0.0118976 0.00216608
 0.000214139 2.34117e-05 -0.0232917 0.00468976
 0.000265322 -0.00665084 -0.0403727 0.00916662
 0.000347674 -0.0183894 -0.0600205 0.0155027
 0.000488011 -0.0402083 -0.0760549 0.0228446
 0.000834965 -0.0718442 -0.0748078 0.0272123
 0.00113115 -0.0900613 -0.0623475 0.0260241
 0.00146219 -0.108329 -0.0397283 0.021062
 0.00160768 -0.123594 -0.00767676 0.0116368
 0.000955545 -0.128772 0.0266796 -0.000775707
 0.000383504 -0.00613517 -0.0410509 0.00879477
 0.000575782 -0.0183359 -0.0642442 0.0152999
 0.000840493 -0.0429197 -0.0882 0.0238667
 0.00131085 -0.0795871 -0.101324 0.0319667
 0.00213147 -0.129137 -0.0874723 0.0343639
 0.00270179 -0.156287 -0.064305 0.0305569
 0.0032772 -0.182375 -0.0280762 0.021597
 0.00350774 -0.203058 0.0195953 0.00679943
 0.00246837 -0.208564 0.0680007 -0.0113152
 0.000670644 -0.0400984 -0.096126 0.025746
 0.00101732 -0.0764045 -0.121732 0.0367981
 0.00163967 -0.129649 -0.129865 0.0459103
 0.00277168 -0.193551 -0.101483 0.0458803
 0.00352011 -0.22792 -0.0675354 0.0392919
 0.00423727 -0.260967 -0.0180281 0.0262131
 0.00443152 -0.286832 0.0444713 0.00606315
 0.00287261 -0.292516 0.106025 -0.0177345
 0.00157 -0.12954 -0.142216 0.0487841
 0.00253351 -0.196651 -0.137316 0.0560492
 0.00405671 -0.276748 -0.0896951 0.0514232
 0.00500021 -0.317746 -0.0435223 0.0410107
 0.0058128 -0.356453 0.0192947 0.0232024
 0.00586497 -0.386477 0.0954636 -0.00243452
 0.00361947 -0.392083 0.168185 -0.0315751
 0.00388876 -0.28016 -0.113982 0.0590173
 0.0058186 -0.372158 -0.0440953 0.0473743
 0.00686428 -0.420801 0.0142621 0.0326212
 0.00762463 -0.465228 0.0894122 0.00983592
 0.00730049 -0.497957 0.176537 -0.0209122
 0.00406109 -0.501048 0.255751 -0.054158
 0.00793738 -0.479368 0.0494079 0.0270172
 0.00888213 -0.530964 0.118139 0.00746084
 0.00927282 -0.579239 0.202416 -0.0199166
 0.00812837 -0.614103 0.295737 -0.0544762
 0.00336744 -0.611835 0.37352 -0.0891872
 0.00965457 -0.587669 0.192316 -0.0145599
 0.00961768 -0.634832 0.278084 -0.0435159
 0.00779252 -0.666677 0.369601 -0.0785208
 0.00197923 -0.660266 0.441791 -0.112074
 0.00895765 -0.683846 0.364246 -0.0733045
 0.0061616 -0.709605 0.449164 -0.107065
 -0.000919069 -0.694392 0.509105 -0.137012
 0.002073 -0.731896 0.525103 -0.13807
 -0.00642776 -0.704311 0.565709 -0.161457
 -0.0163608 -0.667215 0.584494 -0.176416

Fourier series term #3
 -3.20899e-06 -0.000236433 -8.80694e-05 1.51091e-05
 1.61759e-06 0.000118546 4.63994e-05 -8.46158e-06
 -1.21129e-06 -8.77986e-05 -3.37029e-05 6.93366e-06
 1.20317e-07 1.09944e-05 7.6098e-06 -1.57567e-06
 1.08678e-06 8.68331e-05 3.91145e-05 -9.63409e-06
 -1.57552e-06 -0.0001169 -3.49972e-05 1.07637e-05
 3.65312e-07 5.12162e-05 1.71038e-05 -6.07708e-06
 9.32576e-07 0.000123498 1.20729e-05 -8.7866e-06
 -5.77638e-07 -5.2172e-05 -1.04123e-05 5.12693e-06
 -1.2282e-06 -0.00018093 3.34739e-06 7.43243e-06
 -4.39571e-07 -0.000108674 8.30489e-06 2.37852e-06
 1.90399e-06 9.35665e-05 -5.50352e-05 1.42219e-05
 3.32856e-06 0.000282837 0.000201471 -3.51189e-05
 -6.62581e-06 -0.000268487 0.000273822 -4.14098e-05
 -1.48086e-07 0.000529426 0.000931306 -0.000182213
 4.00909e-06 0.00131232 0.00157252 -0.000358959
 -8.56081e-06 0.00105767 0.00146586 -0.000384065
 -7.93706e-06 0.00185365 0.000832584 -0.00031997
 1.23575e-05 0.00340278 -0.00100267 7.69355e-05
 3.21595e-05 0.00365181 -0.0024235 0.000495321
 6.72557e-05 0.00329126 -0.00381464 0.000992445
 0.000130443 0.00218049 -0.0046096 0.00138425
 0.000220239 0.00030703 -0.00420815 0.00142009
 7.32134e-06 0.00137734 0.00213633 -0.000432317
 1.58455e-05 0.00294038 0.00390269 -0.000884619
 1.09324e-06 0.00337876 0.00481036 -0.00122584
 1.43683e-05 0.00649526 0.00482611 -0.00153945
 3.08078e-05 0.00971766 0.00121471 -0.000950394
 8.18724e-05 0.0119853 -0.00671245 0.00117426
 0.000146706 0.0120183 -0.0115607 0.00279198
 0.00026588 0.0103899 -0.015832 0.00451829
 0.000469675 0.00642022 -0.0178689 0.00578432
 0.000753498 0.000115694 -0.0158803 0.00578123
 -4.41301e-06 0.00449357 0.00575344 -0.00138956
 3.93387e-06 0.00884576 0.0072169 -0.00206142
 1.08793e-05 0.0131737 0.00495563 -0.00197496
 6.84146e-05 0.0190846 -0.00247363 -0.000526157
 0.000226079 0.0207125 -0.0154656 0.00320451
 0.000393879 0.0185578 -0.0222521 0.00567573
 0.000671695 0.013745 -0.0270842 0.00792571
 0.00109788 0.00619792 -0.0278402 0.00911679
 0.00164176 -0.00427641 -0.0222988 0.00817075
 3.67339e-05 0.0147544 0.00717449 -0.00261424
 8.81633e-05 0.0233034 0.00170443 -0.00190954
 0.000185592 0.0288429 -0.0115773 0.00135418
 0.000455705 0.0291129 -0.0297641 0.00721425
 0.000733354 0.0249196 -0.038067 0.010621
 0.0011654 0.0169965 -0.0430938 0.0134867
 0.00179665 0.00527775 -0.0419804 0.0145999
 0.00254955 -0.00947351 -0.0324921 0.0126899
 0.000214333 0.0318135 -0.00878169 0.000216103
 0.000429771 0.0377321 -0.0268476 0.00532793
 0.000922964 0.0329017 -0.0476356 0.013037
 0.0013728 0.0264629 -0.0555498 0.0168766
 0.00203601 0.0158452 -0.0586297 0.0196116
 0.00293193 0.000610891 -0.0538398 0.0199104
 0.0039241 -0.018127 -0.039021 0.0164074
 0.000829985 0.0389713 -0.0478479 0.0124429
 0.00168567 0.0318671 -0.0670772 0.020676
 0.00238624 0.02152 -0.0720294 0.0241626
 0.00333434 0.00791357 -0.0708469 0.0258781
 0.00451547 -0.00952542 -0.0608358 0.0245332
 0.0057135 -0.0298078 -0.0405407 0.0190018
 0.00300606 0.0184249 -0.080075 0.0280706
 0.00400779 0.00870636 -0.080547 0.030122
 0.00526077 -0.00638829 -0.0735978 0.0298902
 0.00668919 -0.026024 -0.0569834 0.0260927
 0.00795959 -0.0458653 -0.031748 0.0182882
 0.0051787 -0.00464621 -0.0769417 0.0309954
 0.00651632 -0.0181857 -0.0673879 0.0295253
 0.00803054 -0.0357933 -0.0487664 0.0245549
 0.00922829 -0.0550776 -0.0215913 0.0156808
 0.00806073 -0.0344505 -0.0531547 0.0262877
 0.00949311 -0.0486324 -0.0338607 0.0204571
 0.010528 -0.0633687 -0.0079201 0.0113451
 0.0107086 -0.0629499 -0.0126053 0.0135692
 0.0114388 -0.0709488 0.00933585 0.00509333
 0.0116471 -0.0759689 0.0283704 -0.00273381

Fourier series term #4
 4.60167e-07 3.35983e-05 1.26163e-05 -2.13864e-06
 6.817e-07 5.06292e-05 1.94462e-05 -3.56547e-06
 -3.81813e-07 -2.86014e-05 -1.12223e-05 2.2664e-06
 7.98013e-07 5.89121e-05 2.35059e-05 -5.22152e-06
 -5.10366e-07 -4.12153e-05 -1.58547e-05 3.99386e-06
 -2.11629e-07 -2.182e-05 -7.55553e-06 2.26028e-06
 1.10036e-06 8.82224e-05 2.44767e-05 -9.01823e-06
 -6.04949e-07 -8.66705e-05 -9.77793e-06 6.31449e-06
 -5.98394e-07 -0.00011239 -2.20155e-06 5.7328e-06
 2.78011e-07 -1.53285e-05 1.55716e-06 2.64664e-07
 1.25692e-06 0.000110565 -2.61726e-05 3.10716e-06
 1.98334e-06 0.000121325 -4.60516e-05 1.00425e-05
 -3.51274e-06 -0.000274586 -9.89674e-05 1.98492e-05
 -4.91746e-07 -4.56148e-05 -2.29497e-05 4.95048e-06
 -5.51523e-06 -0.000434527 -0.000164142 3.99623e-05
 3.77086e-06 0.000291557 0.000175209 -4.08579e-05
 1.34237e-06 0.000162027 0.000255514 -5.86768e-05
 -7.31548e-06 -0.000325582 0.000332027 -6.74881e-05
 -1.33427e-05 -0.000188649 0.00061869 -0.000164661
 -1.70235e-05 6.14952e-05 0.000674343 -0.000204847
 -2.11885e-05 0.000395275 0.000572958 -0.000202977
 -2.40517e-05 0.000709071 0.000292188 -0.000135795
 -1.93627e-05 0.00084351 -6.39091e-05 -1.94005e-05
 -1.89468e-06 -0.000157641 -4.35326e-05 1.37594e-05
 1.08188e-05 0.000762784 0.000470605 -0.000108306
 -2.66885e-06 -0.000195732 0.000585279 -0.00010954
 -7.14344e-06 -7.59795e-05 0.00159484 -0.000368341
 -2.99101e-05 -0.000459141 0.00281519 -0.000730193
 -6.39194e-05 5.97942e-05 0.00384043 -0.00117114
 -8.41276e-05 0.00111962 0.00384504 -0.00131245
 -0.000106739 0.00251038 0.00313149 -0.0012408
 -0.000121945 0.00377617 0.00163051 -0.000855468
 -9.87571e-05 0.00435181 -0.000197213 -0.000235705
 1.18148e-06 0.000216475 0.000762835 -0.000148465
 -5.99407e-06 0.00045747 0.00202171 -0.000443877
 -4.66881e-05 -0.000825975 0.00365903 -0.000842749
 -9.45362e-05 0.000407586 0.00622509 -0.00170322
 -0.000183539 0.00277739 0.00739663 -0.00240873
 -0.000242319 0.00449331 0.00667649 -0.0024265
 -0.000300539 0.00675067 0.00470664 -0.00204078
 -0.000336474 0.00884635 0.00155951 -0.00115298
 -0.000290167 0.00951503 -0.00178124 3.10545e-05
 -3.75699e-05 -0.000665629 0.00421395 -0.00097993
 -7.89336e-05 0.000588866 0.00804009 -0.00215269
 -0.000177001 0.00210429 0.0114548 -0.00346981
 -0.000321147 0.00784313 0.0121981 -0.00446333
 -0.000422293 0.0108929 0.0103341 -0.00429026
 -0.000524625 0.013823 0.00666761 -0.00343065
 -0.000585745 0.0159507 0.00160017 -0.00186475
 -0.000514187 0.01613 -0.00339573 2.33621e-05
 -0.000175435 0.00216524 0.0128521 -0.00380644
 -0.000319319 0.00838957 0.0167137 -0.00576305
 -0.000570048 0.0153698 0.0154825 -0.00644778
 -0.000728244 0.0199154 0.0120083 -0.00590189
 -0.000885539 0.0238928 0.00640835 -0.00445729
 -0.000977833 0.0263418 -0.000694938 -0.00212808
 -0.000876694 0.0257429 -0.00721787 0.00050114
 -0.000574026 0.0157778 0.0188422 -0.00749372
 -0.000952222 0.0270104 0.0148732 -0.00769594
 -0.00118109 0.031071 0.00982844 -0.00656093
 -0.00139696 0.0351517 0.00263198 -0.00448727
 -0.00152295 0.0377801 -0.00595159 -0.00150815
 -0.00139742 0.0367211 -0.013457 0.00168947
 -0.00148883 0.0373949 0.00805323 -0.00678029
 -0.00178363 0.0440538 0.00139083 -0.00518053
 -0.00206085 0.0481795 -0.00681326 -0.00258389
 -0.00221013 0.0488755 -0.0151337 0.000645467
 -0.00205957 0.0463206 -0.0219325 0.00387795
 -0.00211831 0.0476323 -0.00474586 -0.0033954
 -0.00242302 0.0531273 -0.0133935 -0.000668088
 -0.00257215 0.0546183 -0.021855 0.00262941
 -0.00239484 0.0504454 -0.0272516 0.00555151
 -0.00267542 0.0546572 -0.01971 0.00161005
 -0.00282867 0.0573063 -0.0282403 0.00491909
 -0.00260442 0.0537954 -0.0329596 0.00753456
 -0.00294065 0.0557025 -0.0328041 0.00709996
 -0.00272982 0.0534095 -0.0372153 0.00947976
 -0.00253731 0.0467718 -0.0361456 0.00994063

Fourier series term #5
 1.91897e-07 1.3286e-05 5.0518e-06 -8.74173e-07
 -2.21621e-07 -1.5636e-05 -6.26123e-06 1.17619e-06
 2.85242e-07 2.15211e-05 8.60996e-06 -1.7432e-06
 -2.85923e-08 -7.00831e-07 -5.34817e-07 1.35318e-07
 -3.29452e-07 -2.43358e-05 -9.60406e-06 2.45326e-06
 4.45407e-07 3.49304e-05 1.2305e-05 -3.65641e-06
 -1.40495e-07 -1.25991e-05 -3.06407e-06 1.16103e-06
 -2.79089e-07 -3.3371e-05 -4.74216e-06 2.72378e-06
 1.92982e-07 2.08726e-05 -1.74664e-07 -8.80856e-07
 4.41966e-07 6.02683e-05 -5.89877e-06 -1.08842e-06
 2.5862e-07 3.75063e-05 -8.58058e-06 9.93064e-07
 -3.24181e-07 -2.69698e-05 1.10809e-05 -2.51528e-06
 -1.58974e-05 -0.00120202 -0.000455811 8.94613e-05
 5.78107e-06 0.000432931 0.000170456 -3.6869e-05
 -4.3612e-06 -0.000334335 -0.000136681 3.23456e-05
 -5.55516e-07 -4.68532e-05 -3.38498e-05 7.89006e-06
 2.85347e-06 0.000211148 5.18609e-05 -1.80427e-05
 4.08936e-07 -2.77823e-05 -3.60048e-05 1.06193e-05
 5.45132e-07 -7.07625e-05 -2.61547e-05 1.16951e-05
 -5.50738e-09 -0.000119539 7.49313e-06 4.87348e-06
 -1.04335e-06 -0.000148213 6.22938e-05 -1.07867e-05
 -2.57593e-06 -0.00010021 0.00010228 -2.77379e-05
 -4.21908e-06 1.24048e-05 8.09222e-05 -2.79215e-05
 -1.30398e-06 -0.000105634 -5.93248e-05 1.3038e-05
 7.7718e-06 0.000568121 0.000145481 -4.51769e-05
 -3.83436e-06 -0.000363778 -0.000268846 7.08407e-05
 8.36894e-06 0.000404065 -7.96019e-05 6.7807e-06
 8.94531e-06 0.000232423 -0.000130324 3.15369e-05
 -3.71751e-07 -0.000756119 -1.60511e-05 5.74505e-05
 -3.4256e-06 -0.00095863 0.000274185 -1.84705e-05
 -7.81324e-06 -0.000845386 0.000610984 -0.000140705
 -1.74221e-05 -0.000522667 0.000821215 -0.000246839
 -3.14185e-05 -4.43655e-05 0.000749833 -0.000267302
 3.33228e-07 -0.000100978 -0.000198808 4.40332e-05
 1.4372e-05 0.000860218 -5.94208e-05 -1.17239e-05
 1.01043e-05 -6.79786e-05 -0.00047006 0.000129042
 1.33018e-05 -0.000284967 -0.000262943 0.000105921
 3.79118e-06 -0.00119481 0.000451175 -4.19679e-05
 -8.51891e-06 -0.00169239 0.00104979 -0.000204863
 -2.82852e-05 -0.00165945 0.00165143 -0.000420621
 -5.91141e-05 -0.000982921 0.00190329 -0.000577734
 -9.59223e-05 0.000194943 0.00147199 -0.000523817
 1.24373e-05 0.000106586 -0.000556488 0.000144435
 2.31173e-05 0.000250862 -0.000470572 0.000141197
 1.1875e-05 -0.00172659 -9.01731e-05 0.000163511
 -4.0609e-06 -0.00214515 0.00165837 -0.000339672
 -2.62671e-05 -0.00203116 0.00262309 -0.000684848
 -6.4273e-05 -0.00161485 0.00335827 -0.00100783
 -0.000119729 -0.000675656 0.00348115 -0.00117294
 -0.000176461 0.000995853 0.0025501 -0.000993852
 1.4205e-05 -0.00171117 -0.000373799 0.000255974
 9.46251e-06 -0.00210588 0.00129756 -0.000188073
 -3.66739e-05 -0.00334436 0.00376716 -0.000934856
 -7.67693e-05 -0.00231751 0.00489328 -0.00144645
 -0.000138739 -0.000532294 0.0052844 -0.00179949
 -0.000221883 0.00163794 0.00460019 -0.00180332
 -0.000293769 0.00401157 0.00265222 -0.00130805
 -2.49962e-05 -0.00400857 0.00371238 -0.000844017
 -9.68655e-05 -0.00149171 0.0063302 -0.00201311
 -0.000168388 -0.000775403 0.00711486 -0.00244381
 -0.000262512 0.00161913 0.00677282 -0.00263067
 -0.000367432 0.00526714 0.00470815 -0.00226659
 -0.000424705 0.0090026 0.00106781 -0.00122313
 -0.000227064 0.000313266 0.0080908 -0.00296181
 -0.000309352 0.00436849 0.00737632 -0.00318622
 -0.000423979 0.00830582 0.00522594 -0.00285127
 -0.000529019 0.0115045 0.00183882 -0.0019058
 -0.000502117 0.0150218 -0.00277223 -0.000411521
 -0.000419949 0.0062646 0.00644438 -0.00311963
 -0.000520079 0.0121052 0.00284719 -0.00240239
 -0.000600658 0.0167467 -0.00196628 -0.000998461
 -0.000508535 0.019354 -0.00671431 0.000697204
 -0.000617133 0.0147315 -0.000134371 -0.00156029
 -0.000617135 0.0210733 -0.00642483 0.000303989
 -0.000432669 0.0246 -0.012271 0.00240461
 -0.000531538 0.0232759 -0.0105734 0.00177267
 -0.000197345 0.027807 -0.0174173 0.00424942
 0.000264043 0.0273184 -0.0198748 0.0053955


