**************************************************************
***  MERIS LUT-169: Fourier series terms (s0,..,s5)[TERM]] ***
***                 of polynomial coefficients (k0,..,k3)  ***
***                 for each of 81 aerosol models [IAER],  ***
***                 & for each of 78 geometries [SVZA]     ***
***  - - - - - - - - - - - - - - - - - - - - - - - - - - - ***
***  => useful for multiplicative aer.scat.fct. retrieval  ***
**************************************************************

12 Gaussian angles (deg): SZA/VZA
------------------------         

 2.84 17.64 28.77 36.19 43.61 51.03 58.46 65.88 69.59 73.30 77.01 80.72

Coefficients: [SVZA x (k0,k1,k2,k3)]
------------                        

 Aerosol model #74
 - - - - - - -  

Fourier series term #0
 1.02221 1.35622 0.42913 -0.0897314
 1.02668 1.62091 0.514767 -0.114603
 1.02987 1.80582 0.56435 -0.139608
 1.03254 1.96695 0.590422 -0.161378
 1.03546 2.15896 0.593339 -0.184786
 1.03813 2.37596 0.545629 -0.203771
 1.03952 2.60771 0.403855 -0.205152
 1.03794 2.83499 0.101005 -0.161075
 1.0357 2.93686 -0.139628 -0.106332
 1.03325 3.01766 -0.453212 -0.0181615
 1.0336 3.04683 -0.82795 0.108059
 1.04535 2.93999 -1.17584 0.250912
 1.02607 1.70929 0.512087 -0.119381
 1.02947 1.91092 0.546974 -0.141273
 1.03225 2.07689 0.554879 -0.158657
 1.03521 2.26401 0.532627 -0.175163
 1.03792 2.47013 0.457455 -0.185304
 1.03933 2.68228 0.292284 -0.176914
 1.03783 2.88326 -0.019538 -0.125018
 1.03571 2.97222 -0.255862 -0.0686012
 1.03342 3.04261 -0.558591 0.0188915
 1.03392 3.06618 -0.917421 0.141859
 1.04548 2.96227 -1.25017 0.28023
 1.0338 2.0429 0.560971 -0.166697
 1.03683 2.2007 0.54461 -0.181294
 1.04002 2.38048 0.494923 -0.19369
 1.04256 2.56181 0.389351 -0.197011
 1.04348 2.74128 0.200573 -0.180858
 1.04138 2.91093 -0.118693 -0.122942
 1.03902 2.98774 -0.350711 -0.0652014
 1.0366 3.04993 -0.643376 0.0218385
 1.03705 3.07088 -0.987812 0.142534
 1.0485 2.97243 -1.30643 0.277949
 1.04015 2.3206 0.483556 -0.178851
 1.04296 2.48021 0.402199 -0.181567
 1.04502 2.64766 0.26953 -0.174915
 1.04519 2.80622 0.0591136 -0.147971
 1.04236 2.95819 -0.271438 -0.080253
 1.03976 3.02945 -0.50417 -0.0186615
 1.03731 3.08834 -0.793617 0.0709716
 1.03802 3.10799 -1.13023 0.192292
 1.05009 3.01002 -1.43662 0.325929
 1.04311 2.59707 0.286547 -0.173152
 1.04431 2.73677 0.131324 -0.157189
 1.04378 2.88116 -0.0924648 -0.122171
 1.04046 3.01903 -0.428188 -0.0469493
 1.03786 3.08515 -0.659306 0.0175207
 1.03567 3.14062 -0.943265 0.108695
 1.03699 3.1581 -1.26959 0.229516
 1.04996 3.05941 -1.56123 0.360195
 1.04449 2.82876 -0.0433846 -0.130298
 1.04327 2.95229 -0.278641 -0.0859789
 1.03966 3.0882 -0.62045 -0.00227454
 1.03717 3.15274 -0.851449 0.065965
 1.03541 3.20584 -1.13139 0.159787
 1.03762 3.22006 -1.44764 0.280888
 1.05198 3.11704 -1.72165 0.408233
 1.04133 3.03821 -0.523775 -0.0299845
 1.0377 3.16494 -0.87186 0.0642709
 1.03566 3.23235 -1.10383 0.137137
 1.03484 3.28599 -1.38005 0.234245
 1.03875 3.29428 -1.68212 0.354825
 1.05561 3.17895 -1.92858 0.475967
 1.03477 3.25864 -1.21935 0.17052
 1.03386 3.31543 -1.44638 0.247898
 1.03506 3.36184 -1.71061 0.346539
 1.04211 3.3587 -1.98734 0.463239
 1.06323 3.22086 -2.18719 0.571482
 1.03386 3.35857 -1.66588 0.326776
 1.03676 3.3892 -1.91367 0.423359
 1.04626 3.36979 -2.16493 0.533907
 1.07047 3.21228 -2.32665 0.63006
 1.04223 3.3931 -2.13182 0.513418
 1.0549 3.3445 -2.34195 0.612331
 1.08285 3.15589 -2.44825 0.689709
 1.07155 3.25273 -2.4894 0.69115
 1.10365 3.0184 -2.51699 0.740289
 1.13917 2.72942 -2.44374 0.750705

Fourier series term #1
 -0.000280815 -0.0165784 -0.00546179 0.00111961
 -0.00033123 -0.0160978 -0.0061287 0.00121611
 -0.00041653 -0.0175837 -0.00600269 0.00127562
 -0.000518675 -0.0205011 -0.00530704 0.00126827
 -0.000616288 -0.0220966 -0.0027286 0.000851494
 -0.000701388 -0.0218584 0.00209201 -0.00019315
 -0.000761038 -0.0182773 0.00900909 -0.00208891
 -0.000804669 -0.00950559 0.0161304 -0.00468728
 -0.000845583 -0.00267748 0.0182897 -0.00590354
 -0.00092307 0.00587988 0.0181294 -0.00658827
 -0.00105309 0.0160592 0.0142546 -0.00612211
 -0.00114863 0.0268027 0.00598974 -0.00395049
 -0.0019557 -0.101336 -0.0337893 0.00704636
 -0.0025897 -0.113818 -0.0310654 0.00694639
 -0.0031384 -0.12456 -0.022267 0.00567571
 -0.00375456 -0.132591 -0.00448673 0.00237704
 -0.00427418 -0.126632 0.0250648 -0.00448574
 -0.0046117 -0.098796 0.0632704 -0.0155482
 -0.00485879 -0.0417533 0.0974951 -0.0290599
 -0.00505434 -0.000856533 0.105342 -0.0347416
 -0.00552516 0.0492135 0.0991588 -0.0369005
 -0.00622379 0.107014 0.0727846 -0.0325697
 -0.00668482 0.167316 0.0226804 -0.0187846
 -0.00455768 -0.182819 -0.035589 0.00992892
 -0.00547801 -0.196954 -0.0162683 0.00648831
 -0.00626546 -0.194133 0.0180923 -0.00121178
 -0.00687791 -0.173545 0.0642082 -0.013497
 -0.00716242 -0.120899 0.115481 -0.030651
 -0.00727349 -0.0294756 0.153161 -0.0492427
 -0.00758192 0.0323672 0.155348 -0.0556252
 -0.00817842 0.104729 0.137824 -0.0566639
 -0.00904988 0.186391 0.0919366 -0.0479871
 -0.00944512 0.269776 0.014993 -0.0263545
 -0.00692385 -0.228467 0.00821205 0.00144931
 -0.00780628 -0.219821 0.0506172 -0.00898967
 -0.00829534 -0.179071 0.102643 -0.0243986
 -0.00851476 -0.107213 0.151189 -0.0426728
 -0.00867387 0.00399471 0.176206 -0.0594429
 -0.00903907 0.0760273 0.168069 -0.0634177
 -0.0097267 0.158826 0.137007 -0.0605997
 -0.0106533 0.250687 0.0748485 -0.0466352
 -0.0107477 0.342025 -0.0193802 -0.0184948
 -0.00882431 -0.216694 0.0943817 -0.0207892
 -0.00939091 -0.162232 0.143521 -0.0374861
 -0.00963636 -0.0685558 0.182218 -0.0557158
 -0.0101119 0.0587355 0.187418 -0.0687572
 -0.0106341 0.137266 0.166468 -0.0693792
 -0.0114844 0.226269 0.12102 -0.0622855
 -0.0124085 0.323275 0.0436361 -0.0430804
 -0.0120981 0.41674 -0.0639461 -0.00962298
 -0.0101438 -0.111025 0.179597 -0.0520904
 -0.01057 -0.00786348 0.199497 -0.0670388
 -0.0112845 0.134134 0.178716 -0.0738912
 -0.0119594 0.216713 0.143052 -0.0701645
 -0.0128807 0.307829 0.0820033 -0.0576088
 -0.0136765 0.405033 -0.0103613 -0.0323636
 -0.0127472 0.49469 -0.128389 0.00620136
 -0.0114824 0.0842247 0.193194 -0.0744419
 -0.0125834 0.226404 0.142613 -0.0721586
 -0.0133805 0.312427 0.0899876 -0.0625854
 -0.0143243 0.404728 0.0118459 -0.0432838
 -0.0147208 0.497502 -0.0931087 -0.0120271
 -0.0127477 0.575983 -0.215755 0.0304815
 -0.0142514 0.346614 0.0610984 -0.0568855
 -0.0150891 0.424302 -0.00664868 -0.0402791
 -0.0157005 0.510637 -0.0982372 -0.0142535
 -0.0152692 0.595208 -0.212268 0.0227838
 -0.0116439 0.656355 -0.331719 0.0671911
 -0.0158643 0.491748 -0.0797257 -0.0200152
 -0.0161163 0.567348 -0.173736 0.00881324
 -0.014965 0.641475 -0.286833 0.047429
 -0.0101538 0.689568 -0.398622 0.0908506
 -0.0156692 0.625891 -0.264135 0.0388041
 -0.0135008 0.681821 -0.368908 0.076885
 -0.00721213 0.710225 -0.465015 0.116639
 -0.00990864 0.711452 -0.45494 0.110863
 -0.00186976 0.711075 -0.523584 0.142745
 0.00793084 0.674282 -0.551427 0.161274

Fourier series term #2
 -1.51921e-05 -0.000933956 -0.000294347 6.17963e-05
 -1.99756e-05 -0.00127242 -0.000434197 9.71764e-05
 9.36313e-07 -0.000105082 -0.000132601 3.11696e-05
 1.01827e-06 -0.000218603 -0.000247649 6.11246e-05
 3.00513e-06 -0.000260151 -0.000364313 9.48451e-05
 4.00804e-06 -0.000411861 -0.000507064 0.000144043
 3.6864e-06 -0.000714493 -0.000605736 0.000196892
 4.70542e-06 -0.0010133 -0.000514754 0.000205801
 5.34985e-06 -0.00117657 -0.000362607 0.000178082
 5.4145e-06 -0.00134185 -0.000122508 0.00011722
 3.06155e-06 -0.00142839 0.000180733 2.08734e-05
 -6.74249e-06 -0.00133173 0.000440249 -8.33596e-05
 -0.000348611 -0.02607 -0.00903008 0.00212233
 -4.9687e-05 -0.0110854 -0.00730286 0.00178676
 7.18451e-05 -0.00809098 -0.00937733 0.00234525
 0.000117642 -0.0119023 -0.0138751 0.00369179
 0.000142347 -0.0186284 -0.0183388 0.00535063
 0.000141528 -0.0286774 -0.0202509 0.00678285
 0.000147481 -0.0407034 -0.0157238 0.00673035
 0.000169698 -0.0462074 -0.00982743 0.00553541
 0.000183638 -0.0502651 -0.00140717 0.00326414
 0.000117426 -0.0516419 0.00862206 -4.42085e-05
 -0.000214723 -0.048156 0.0171985 -0.00353646
 -0.00019876 -0.0329192 -0.0214414 0.00573812
 -9.31794e-06 -0.0328485 -0.0285059 0.00787175
 0.00014386 -0.0375486 -0.0368945 0.010775
 0.000128824 -0.0556112 -0.0450274 0.0145877
 6.36033e-05 -0.0804186 -0.0455539 0.0173231
 8.64978e-05 -0.106095 -0.0310525 0.0161013
 0.00015292 -0.11701 -0.0163899 0.0128724
 0.000211137 -0.124842 0.00327377 0.00732185
 8.53187e-05 -0.127172 0.0259408 -0.000410421
 -0.000662087 -0.119286 0.0452514 -0.00856535
 -0.000120239 -0.0568266 -0.0438336 0.0127101
 -4.74233e-05 -0.0728581 -0.0551155 0.0171297
 -4.42098e-05 -0.0959644 -0.0610359 0.0211269
 -0.000123901 -0.130399 -0.0557288 0.0232431
 -4.0822e-05 -0.164826 -0.0304767 0.0196867
 8.84765e-05 -0.178789 -0.00856632 0.014406
 0.00019515 -0.188559 0.0193706 0.00614786
 1.36009e-05 -0.19108 0.0506852 -0.00486796
 -0.00107857 -0.179869 0.0767501 -0.0161715
 -0.000152642 -0.117091 -0.069417 0.023944
 -0.000186911 -0.15339 -0.0711708 0.028067
 -0.000147967 -0.191456 -0.0566023 0.0283252
 5.28742e-05 -0.231629 -0.019499 0.0217465
 0.000241152 -0.248166 0.00941907 0.0143067
 0.000364864 -0.259613 0.045017 0.00333151
 8.33403e-05 -0.262271 0.0840706 -0.0108455
 -0.00141092 -0.248005 0.116051 -0.0251768
 -0.000427036 -0.21602 -0.0672315 0.0324072
 -0.000340729 -0.263444 -0.0423402 0.0304185
 3.33043e-05 -0.303137 0.00670867 0.0198987
 0.000275797 -0.320921 0.042047 0.010089
 0.000395541 -0.33396 0.0843153 -0.0035482
 -3.72674e-05 -0.337154 0.129712 -0.0205895
 -0.0020058 -0.320427 0.165987 -0.0374732
 -0.000321885 -0.334233 -0.00632365 0.0262178
 0.000136669 -0.381262 0.0544233 0.0116123
 0.000399998 -0.397713 0.0947865 -0.000622288
 0.000427422 -0.409673 0.141466 -0.0166322
 -0.000271805 -0.41242 0.190835 -0.0360156
 -0.00285196 -0.393334 0.228743 -0.0545712
 0.000414938 -0.452379 0.128353 -0.00705651
 0.000518697 -0.475105 0.173991 -0.021557
 0.000267909 -0.486984 0.223276 -0.0395325
 -0.000961147 -0.485517 0.271684 -0.0599097
 -0.00443579 -0.460037 0.304776 -0.0780228
 0.0004529 -0.505292 0.223265 -0.0373109
 -9.92265e-05 -0.52127 0.27402 -0.0559986
 -0.00177513 -0.518978 0.320512 -0.0761899
 -0.00587249 -0.488587 0.347674 -0.0927646
 -0.00112681 -0.543147 0.325989 -0.0750911
 -0.00341705 -0.542809 0.370313 -0.0946276
 -0.00829141 -0.508522 0.389851 -0.10872
 -0.00652649 -0.545602 0.411218 -0.11269
 -0.0123311 -0.509792 0.422123 -0.123365
 -0.0190563 -0.474188 0.423471 -0.129736

Fourier series term #3
 -9.59699e-07 -5.92933e-05 -1.85557e-05 3.88533e-06
 -2.94873e-06 -0.00018132 -5.67334e-05 1.27408e-05
 -3.80206e-07 -2.16876e-05 -5.68434e-06 1.4517e-06
 2.31657e-08 3.79872e-06 2.99562e-06 -6.97181e-07
 3.10372e-07 2.13584e-05 8.06474e-06 -2.3097e-06
 -4.43111e-07 -2.57029e-05 -4.82156e-06 1.96202e-06
 3.74258e-07 2.08105e-05 7.4211e-07 -9.37275e-07
 7.18907e-07 3.64817e-05 -7.41366e-06 6.12665e-07
 2.69182e-07 -1.07188e-05 -1.12293e-05 4.14124e-06
 9.63563e-08 -4.37823e-05 -7.79727e-06 5.12221e-06
 4.5838e-07 -3.49267e-05 -5.55503e-06 4.0534e-06
 1.20636e-06 4.18671e-06 -1.54259e-05 5.35672e-06
 -0.00023762 -0.0159847 -0.00464783 0.00110289
 -7.73105e-05 -0.00498426 -0.0011869 0.000324749
 -1.09704e-05 -0.000304212 0.000287781 -5.67112e-05
 -5.91068e-08 0.000419206 0.000469388 -0.000117365
 1.86628e-05 0.00122334 0.00025668 -9.46833e-05
 4.98259e-05 0.00202759 -0.000596555 0.000100041
 8.67133e-05 0.00174735 -0.00206753 0.000557585
 0.000107927 0.000936307 -0.00272692 0.0008305
 0.000136874 -0.000354145 -0.00297687 0.00102078
 0.000172444 -0.00199371 -0.00253658 0.00100444
 0.000198961 -0.00368349 -0.00129109 0.000678453
 -0.000266717 -0.0168344 -0.003949 0.00125294
 -0.00014113 -0.00854601 -0.00128676 0.000529691
 1.78818e-05 0.00120378 0.000723458 -0.000204793
 0.000116702 0.00506984 -0.000500162 -2.71416e-05
 0.000218958 0.00622977 -0.00415754 0.000970318
 0.000334404 0.0038788 -0.00886929 0.00265886
 0.000411621 0.000789351 -0.0104859 0.00349576
 0.000510795 -0.00358825 -0.0106471 0.0039956
 0.00063104 -0.0089559 -0.0085181 0.00376132
 0.000716603 -0.0143907 -0.00390209 0.00252207
 -0.000204843 -0.0134794 -0.00251005 0.00101549
 -7.5854e-06 -0.00328275 -0.00171666 0.000594328
 0.000236388 0.00711536 -0.00375143 0.000816302
 0.000420079 0.00839764 -0.00978992 0.00258947
 0.000614099 0.00263168 -0.0161912 0.00515917
 0.000748 -0.00288374 -0.0176543 0.00620504
 0.000921316 -0.0100994 -0.0165947 0.00657538
 0.00112684 -0.0185203 -0.0119799 0.00573268
 0.00125564 -0.0267809 -0.00375671 0.00334455
 4.7211e-05 -0.00682292 -0.00600504 0.00197769
 0.000344654 0.00159906 -0.0108317 0.00316747
 0.000683433 0.00596648 -0.0182786 0.00546731
 0.0010213 -0.00323058 -0.0246986 0.00858481
 0.00124174 -0.0115404 -0.0249696 0.00958839
 0.00152224 -0.0217079 -0.0216599 0.00953677
 0.00183149 -0.0330413 -0.0136461 0.00776275
 0.00200013 -0.0436818 -0.00125847 0.00397585
 0.000534969 -0.00754347 -0.0197528 0.00655597
 0.000966673 -0.00872889 -0.0276662 0.00967396
 0.00152592 -0.0167413 -0.0317062 0.0123767
 0.00186257 -0.0264753 -0.0297012 0.0128984
 0.00226135 -0.0389405 -0.0230726 0.0119614
 0.00267219 -0.052627 -0.0108081 0.00882475
 0.00284911 -0.0648072 0.00602253 0.00337747
 0.00140305 -0.0306179 -0.0333633 0.0137504
 0.00217301 -0.0444778 -0.0320997 0.0154794
 0.00266287 -0.0524339 -0.0269765 0.0148801
 0.00320462 -0.063696 -0.0166902 0.0125209
 0.00368551 -0.0772545 -0.000419677 0.0077788
 0.00379162 -0.0891226 0.0200606 0.000687108
 0.00311691 -0.0792758 -0.0198345 0.0151229
 0.00371512 -0.0917652 -0.00907121 0.0127874
 0.00433099 -0.101418 0.00519071 0.00862482
 0.00479425 -0.110084 0.0236159 0.00230712
 0.00469223 -0.116249 0.044229 -0.00572602
 0.00434148 -0.110391 0.00628781 0.0091524
 0.00492738 -0.123044 0.023942 0.00379459
 0.00528763 -0.130323 0.0434102 -0.00328796
 0.00497608 -0.131691 0.0620915 -0.011241
 0.00538489 -0.140557 0.0456263 -0.0028675
 0.00553949 -0.149158 0.0669486 -0.0107978
 0.00490687 -0.146653 0.083181 -0.0183624
 0.00533694 -0.160379 0.0899989 -0.0193694
 0.00424471 -0.156394 0.104071 -0.0263496
 0.00256903 -0.152087 0.115435 -0.0322729

Fourier series term #4
 7.05813e-08 4.64646e-06 1.36794e-06 -2.58958e-07
 -1.76627e-07 -1.13499e-05 -3.46764e-06 7.93056e-07
 -1.29289e-07 -8.59137e-06 -2.50938e-06 5.89646e-07
 2.74357e-07 1.64596e-05 5.01537e-06 -1.37813e-06
 -2.0995e-07 -1.18902e-05 -3.35759e-06 1.0575e-06
 -9.57058e-08 -6.01125e-06 -1.31571e-06 4.95003e-07
 3.65221e-07 2.27318e-05 3.96639e-06 -1.939e-06
 -2.66839e-07 -2.05643e-05 -4.22598e-07 1.09111e-06
 -2.94636e-07 -2.61011e-05 1.3475e-06 9.33022e-07
 6.47469e-09 -2.98625e-06 5.01941e-07 1.12436e-08
 3.49368e-07 2.46918e-05 -6.49211e-06 7.87613e-07
 4.58341e-07 2.64684e-05 -1.04277e-05 2.2004e-06
 -0.000130803 -0.00887705 -0.0026037 0.000617675
 -5.28074e-05 -0.0035931 -0.00101938 0.000268093
 -5.36089e-06 -0.000307444 -5.25473e-05 1.69817e-05
 -4.31271e-06 -0.000135647 5.88067e-05 -1.15507e-05
 -7.87902e-06 -0.000187838 0.000156268 -3.57865e-05
 -9.41721e-06 1.96319e-05 0.00031588 -9.01284e-05
 -9.76606e-06 0.000387402 0.000359807 -0.000128744
 -9.46439e-06 0.000586178 0.00027125 -0.000117308
 -8.28706e-06 0.000742142 9.80534e-05 -7.40118e-05
 -4.8554e-06 0.000786147 -0.000118108 -3.56738e-06
 3.92247e-06 0.000662055 -0.000275964 6.37652e-05
 -0.000209557 -0.0137228 -0.00376573 0.00114237
 -0.000131942 -0.00836515 -0.00193542 0.00067012
 -4.69983e-05 -0.001998 0.000215853 4.57607e-07
 -4.13172e-05 -0.000460138 0.00120062 -0.000318351
 -4.73023e-05 0.00066547 0.00186914 -0.0005909
 -4.51843e-05 0.00260106 0.00177699 -0.000725382
 -4.31053e-05 0.00352872 0.00119933 -0.000628036
 -3.84311e-05 0.00415885 0.000269303 -0.000378424
 -2.26589e-05 0.00426359 -0.000805333 -1.01069e-05
 2.06085e-05 0.00360165 -0.00156414 0.000335841
 -0.000242703 -0.0149359 -0.00280023 0.00109965
 -0.000174629 -0.00903535 -0.00022737 0.000344635
 -9.62844e-05 -0.00126656 0.00253498 -0.000673986
 -8.52255e-05 0.00257476 0.00363737 -0.00123396
 -8.45623e-05 0.00598593 0.00286877 -0.00129777
 -8.30145e-05 0.00751082 0.00158156 -0.00102727
 -7.51547e-05 0.00855045 -0.000241575 -0.000509335
 -4.52571e-05 0.00864114 -0.00220608 0.000186267
 3.64894e-05 0.00731099 -0.00348025 0.000796531
 -0.000285194 -0.0148141 0.000502367 0.000410468
 -0.000224828 -0.00625365 0.00368392 -0.000820046
 -0.00015321 0.00498609 0.00525605 -0.00194281
 -0.00014668 0.011238 0.00332416 -0.00187443
 -0.000149425 0.0131658 0.00114793 -0.00135353
 -0.000139443 0.0142823 -0.00162675 -0.000507175
 -9.1809e-05 0.0141275 -0.00444873 0.000544078
 3.79673e-05 0.0120557 -0.00618995 0.00143468
 -0.000327677 -0.0090794 0.00511528 -0.00114146
 -0.000269114 0.00303813 0.00582043 -0.00214439
 -0.000220864 0.0161956 0.00241166 -0.00207235
 -0.00022166 0.0194232 -0.000729109 -0.00130541
 -0.000210468 0.0206478 -0.00431596 -0.000150309
 -0.000145737 0.0200314 -0.00768379 0.00118681
 3.1031e-05 0.0170977 -0.00955359 0.00226072
 -0.000362402 0.00183911 0.00522558 -0.0020131
 -0.000341351 0.0142819 0.000783684 -0.0015418
 -0.00032542 0.0210625 -0.00335782 -0.000659638
 -0.000295791 0.0249021 -0.00788879 0.000675417
 -0.000211519 0.0250807 -0.0117352 0.00219359
 2.51204e-06 0.0216953 -0.0134207 0.00330565
 -0.000428831 0.0104742 -0.00118267 -0.00062764
 -0.000430313 0.0139411 -0.00417553 0.000165599
 -0.000394441 0.0195076 -0.00879001 0.00143391
 -0.000289435 0.0234812 -0.0135814 0.00301097
 -4.50315e-05 0.0229574 -0.0160686 0.00420739
 -0.000452211 0.0117299 -0.00485616 0.000629601
 -0.000431351 0.0139635 -0.00760168 0.00151205
 -0.000335137 0.0180218 -0.0118024 0.0028513
 -9.72074e-05 0.019789 -0.0149925 0.00409293
 -0.000441007 0.0103384 -0.0068802 0.0016215
 -0.000384333 0.0112343 -0.00858314 0.00227376
 -0.000191962 0.013503 -0.0113303 0.00325596
 -0.000415361 0.00654574 -0.00599614 0.00174474
 -0.000335198 0.00611655 -0.0060322 0.00185115
 -0.000494562 0.00137174 -0.00208386 0.000704836

Fourier series term #5
 3.13577e-08 2.28851e-06 6.34463e-07 -1.18535e-07
 -1.1447e-07 -6.17868e-06 -2.11119e-06 5.0118e-07
 9.36206e-08 5.62171e-06 1.76148e-06 -4.41568e-07
 -3.63782e-10 -4.18178e-07 -1.75153e-08 -7.0957e-09
 -1.16773e-07 -6.67112e-06 -1.95472e-06 6.153e-07
 1.49025e-07 9.31914e-06 2.04683e-06 -7.51845e-07
 -4.10492e-08 -3.17827e-06 -3.33751e-07 1.88401e-07
 -1.09379e-07 -8.24808e-06 -4.57905e-07 5.37477e-07
 6.11146e-08 4.8447e-06 -3.93053e-07 -1.14131e-07
 1.6601e-07 1.35702e-05 -1.90999e-06 -1.37067e-07
 8.63864e-08 8.40923e-06 -2.14646e-06 2.49931e-07
 -7.87772e-08 -5.77003e-06 2.47415e-06 -5.5304e-07
 -6.17554e-05 -0.00421085 -0.00122735 0.00029194
 -3.39892e-05 -0.00233415 -0.000666354 0.000175238
 -3.21389e-06 -0.000222608 -6.57923e-05 1.87253e-05
 6.81999e-07 3.23018e-05 1.72892e-07 -6.73346e-07
 -2.87352e-07 -4.57256e-05 -2.02282e-05 6.61061e-06
 -8.11932e-07 -7.45402e-05 -1.24612e-05 6.29087e-06
 -1.37469e-06 -6.50269e-05 2.29267e-05 -3.9366e-06
 -1.94076e-06 -5.14133e-05 4.51353e-05 -1.17975e-05
 -2.72812e-06 -1.9955e-05 5.94186e-05 -1.87534e-05
 -3.44105e-06 3.53116e-05 5.10878e-05 -1.9826e-05
 -3.55104e-06 9.30683e-05 1.57016e-05 -1.08458e-05
 -0.00015303 -0.0101749 -0.00286837 0.000865475
 -9.32238e-05 -0.00632769 -0.00172135 0.000570987
 -1.65005e-05 -0.00123731 -0.000367938 0.000131824
 -3.0454e-06 -0.000331608 -0.000119301 4.55458e-05
 -9.13176e-06 -0.000610778 -8.5842e-06 3.08555e-05
 -1.53181e-05 -0.000555149 0.000300647 -6.53138e-05
 -1.87578e-05 -0.000325273 0.000445896 -0.000129578
 -2.32007e-05 1.86858e-05 0.000494568 -0.000174641
 -2.82326e-05 0.000423748 0.000381576 -0.000169084
 -2.9372e-05 0.000793915 0.000105622 -9.62846e-05
 -0.000173841 -0.0118136 -0.00293368 0.00105397
 -0.000103553 -0.00738711 -0.00168444 0.00068481
 -2.85077e-05 -0.00212803 -0.000359674 0.000185325
 -2.61915e-05 -0.00136581 0.000237879 -5.75453e-06
 -4.07341e-05 -0.00108368 0.000896936 -0.000228762
 -4.93841e-05 -0.00054595 0.0011347 -0.000349709
 -5.98764e-05 0.00027465 0.00112767 -0.000415986
 -7.11069e-05 0.00122234 0.00075529 -0.000362498
 -7.17712e-05 0.00206499 4.79877e-05 -0.000163011
 -0.000178942 -0.01381 -0.00248982 0.0012168
 -0.000121848 -0.00938847 -0.000882615 0.000682996
 -6.9128e-05 -0.00346629 0.000862357 -8.28572e-05
 -8.54285e-05 -0.00130868 0.00193693 -0.000567687
 -0.000103229 -0.000248392 0.00214676 -0.0007326
 -0.00012509 0.00114174 0.00191729 -0.000780537
 -0.000146159 0.00274283 0.00108396 -0.000620768
 -0.000144741 0.00420362 -0.000282947 -0.000219835
 -0.000214033 -0.0164938 -0.000166185 0.000914479
 -0.00017842 -0.0106922 0.00215604 -5.11255e-05
 -0.000160394 -0.00200685 0.00333178 -0.00102188
 -0.000182862 0.000790782 0.0031846 -0.00121613
 -0.000216364 0.00313415 0.00241463 -0.00116619
 -0.00024726 0.00538625 0.00087848 -0.000807672
 -0.000238935 0.00732655 -0.00127493 -0.000136917
 -0.000281119 -0.0167755 0.00472789 -0.000453567
 -0.000289852 -0.0075477 0.00570321 -0.00147895
 -0.000306233 -0.000705462 0.00456416 -0.00166743
 -0.000341926 0.00497422 0.00244601 -0.00141854
 -0.000372841 0.00899819 -0.000367381 -0.000730184
 -0.000341227 0.0115486 -0.00349048 0.000287414
 -0.00041956 -0.0116601 0.00838321 -0.00216377
 -0.000465751 -0.00697128 0.00741957 -0.00226382
 -0.000505218 0.00110832 0.0040216 -0.00176295
 -0.000520504 0.00933474 -0.00114463 -0.000549679
 -0.000432676 0.0149818 -0.00646515 0.00107434
 -0.000537981 -0.00716112 0.00785876 -0.00245662
 -0.000592365 -0.00190089 0.00535071 -0.00203176
 -0.000602674 0.00660147 -0.000204746 -0.000686115
 -0.000481729 0.0142135 -0.0068409 0.00128093
 -0.000661824 -0.00192697 0.00513584 -0.00197958
 -0.000680038 0.00357301 0.00101509 -0.000889991
 -0.000531153 0.011271 -0.00575662 0.0011309
 -0.000709933 0.00338396 0.000356437 -0.000601105
 -0.000566369 0.0079709 -0.00425833 0.000867415
 -0.000484377 0.00711093 -0.00459872 0.00113295


