**************************************************************
***  MERIS LUT-169: Fourier series terms (s0,..,s5)[TERM]] ***
***                 of polynomial coefficients (k0,..,k3)  ***
***                 for each of 81 aerosol models [IAER],  ***
***                 & for each of 78 geometries [SVZA]     ***
***  - - - - - - - - - - - - - - - - - - - - - - - - - - - ***
***  => useful for multiplicative aer.scat.fct. retrieval  ***
**************************************************************

12 Gaussian angles (deg): SZA/VZA
------------------------         

 2.84 17.64 28.77 36.19 43.61 51.03 58.46 65.88 69.59 73.30 77.01 80.72

Coefficients: [SVZA x (k0,k1,k2,k3)]
------------  

 Aerosol model #4
 - - - - - - -  

Fourier series term #0
 1.00438 0.859406 0.384647 -0.0220008
 1.00655 1.05208 0.543378 -0.0360667
 1.00875 1.1353 0.673828 -0.0574816
 1.00998 1.10815 0.724419 -0.0770534
 1.01588 1.45939 1.11012 -0.150921
 1.02499 2.03637 1.71523 -0.300226
 1.02871 2.54595 2.08877 -0.474385
 1.02072 3.40113 2.17145 -0.653501
 1.00664 3.92389 1.83104 -0.65787
 0.985021 4.47999 1.07341 -0.523832
 0.9631 5.06671 -0.143818 -0.195786
 0.969785 5.5279 -1.66751 0.321858
 1.00704 1.04186 0.580653 -0.0441443
 1.01028 1.21337 0.795306 -0.0769599
 1.01476 1.46004 1.08848 -0.129962
 1.01955 1.72166 1.40174 -0.211066
 1.02464 2.10488 1.75743 -0.337034
 1.02602 2.67403 2.04868 -0.503068
 1.01473 3.48958 1.98595 -0.641134
 1.00012 3.99088 1.61181 -0.627225
 0.978716 4.58987 0.874805 -0.491031
 0.957086 5.24574 -0.3147 -0.16557
 0.964853 5.71025 -1.81421 0.351469
 1.01534 1.45813 1.12405 -0.136648
 1.02041 1.7059 1.4239 -0.211602
 1.0259 2.02662 1.75521 -0.322404
 1.03008 2.39513 2.0176 -0.459309
 1.02995 2.8753 2.1399 -0.610772
 1.01851 3.55046 1.90567 -0.711405
 1.00555 4.0186 1.52955 -0.69306
 0.98703 4.60219 0.848151 -0.569234
 0.969265 5.21317 -0.260221 -0.264581
 0.98032 5.64086 -1.66571 0.224535
 1.02557 1.95539 1.68547 -0.292994
 1.02962 2.27358 1.93958 -0.402541
 1.03163 2.65072 2.10241 -0.526524
 1.02834 3.16237 2.11294 -0.650518
 1.01237 3.79943 1.71742 -0.691916
 0.997273 4.21296 1.24427 -0.629776
 0.977805 4.68241 0.483371 -0.457963
 0.95995 5.29131 -0.635821 -0.132249
 0.970932 5.82334 -2.03535 0.36263
 1.03182 2.56606 2.09446 -0.506289
 1.03123 2.94787 2.15943 -0.615056
 1.02476 3.45594 2.07105 -0.71369
 1.00549 4.08993 1.57405 -0.716103
 0.989104 4.52223 1.05438 -0.633355
 0.969126 4.96353 0.252347 -0.436595
 0.952777 5.44945 -0.86807 -0.0917956
 0.966977 5.83196 -2.20083 0.396712
 1.02789 3.31185 2.12074 -0.698274
 1.01823 3.8047 1.91085 -0.757326
 0.996174 4.44264 1.3205 -0.716762
 0.978859 4.85422 0.761764 -0.60885
 0.958592 5.35037 -0.0751303 -0.392227
 0.943925 5.84074 -1.22581 -0.0248236
 0.963185 6.1198 -2.52881 0.471278
 1.00473 4.23381 1.57509 -0.764081
 0.978954 4.9058 0.877226 -0.670385
 0.960501 5.32088 0.285683 -0.53793
 0.940944 5.80001 -0.584771 -0.294209
 0.929277 6.30011 -1.76347 0.0989017
 0.953445 6.63604 -3.07479 0.607864
 0.950156 5.56505 0.0938615 -0.51998
 0.931589 6.00925 -0.581232 -0.343634
 0.916714 6.34285 -1.48134 -0.054009
 0.908189 6.89931 -2.63212 0.341535
 0.943188 7.23297 -3.90599 0.850527
 0.917272 6.28818 -1.24923 -0.144261
 0.902395 6.7381 -2.12618 0.137118
 0.898493 7.31848 -3.29025 0.545229
 0.94568 7.42514 -4.40528 1.02227
 0.8891 7.27544 -3.03562 0.43305
 0.89768 7.65048 -4.08874 0.829531
 0.957718 7.61231 -5.02396 1.25516
 0.922355 7.80193 -4.93103 1.17269
 0.997932 7.74386 -5.72083 1.54427
 1.09106 7.42785 -6.12953 1.78174


Fourier series term #1
 -0.00038821 -0.0662056 -0.0344836 0.00201244
 -0.000253111 -0.0186977 -0.017311 0.000822801
 -0.000118205 0.00988986 -0.00199094 -0.000242628
 -0.000116258 0.017852 -0.000366184 -0.000237132
 -0.00178719 -0.109423 -0.115312 0.0156546
 -0.00135949 -0.057376 -0.0764525 0.0141588
 -0.00106666 -0.057416 -0.0552002 0.0149088
 -0.000443133 -0.0598963 -0.0136419 0.00947225
 -0.000107631 -0.0678561 0.0104762 0.0042691
 7.94772e-05 -0.0652825 0.0393924 -0.00454844
 -0.000348288 -0.0450461 0.0621442 -0.0141979
 -0.00177888 -0.00848718 0.0619148 -0.0179341
 -0.000920541 -0.0287618 -0.0514738 0.00235461
 -0.00232208 -0.0806909 -0.132164 0.0111224
 -0.00433886 -0.173152 -0.251838 0.0294326
 -0.00618379 -0.269273 -0.359682 0.0561943
 -0.00767115 -0.396252 -0.446498 0.0924435
 -0.00637839 -0.427767 -0.351597 0.101636
 -0.00259026 -0.368947 -0.0700978 0.0545911
 -0.00099249 -0.369624 0.0788415 0.0180722
 -0.000585255 -0.342556 0.235958 -0.0316721
 -0.00357983 -0.240384 0.357108 -0.0837356
 -0.0120205 -0.0461409 0.350228 -0.102821
 -0.0055793 -0.234745 -0.330482 0.039713
 -0.007846 -0.32312 -0.445463 0.0684727
 -0.00964502 -0.422994 -0.52918 0.104521
 -0.00979102 -0.506794 -0.51603 0.132232
 -0.00814737 -0.620812 -0.406241 0.142381
 -0.00337292 -0.682113 -0.103833 0.090142
 -0.000583971 -0.621946 0.139061 0.020169
 0.000173511 -0.494776 0.387404 -0.0701573
 -0.00367201 -0.335353 0.553185 -0.149617
 -0.0144481 -0.106201 0.554077 -0.18235
 -0.0102055 -0.438908 -0.551103 0.102895
 -0.0110321 -0.526465 -0.575612 0.133485
 -0.0103426 -0.619921 -0.512928 0.152827
 -0.00756534 -0.69498 -0.323531 0.139603
 -0.00285475 -0.748604 -0.00364389 0.0733221
 -0.000760441 -0.724435 0.213488 0.00868506
 -0.000889549 -0.635953 0.432716 -0.0726905
 -0.00619184 -0.462411 0.589702 -0.150055
 -0.0201453 -0.115296 0.560874 -0.17851
 -0.0112973 -0.644348 -0.570065 0.161088
 -0.00936684 -0.714806 -0.436741 0.160627
 -0.00603391 -0.769302 -0.204016 0.126688
 -0.00183676 -0.745842 0.15568 0.0329638
 -0.000766922 -0.733391 0.350584 -0.0309462
 -0.0021449 -0.644305 0.532096 -0.106139
 -0.00858794 -0.464451 0.638755 -0.170906
 -0.0227164 -0.172381 0.585339 -0.188754
 -0.00694673 -0.794477 -0.280334 0.144709
 -0.00361097 -0.817861 -0.0148945 0.0875364
 -0.000713734 -0.733795 0.333602 -0.0218922
 -0.000950489 -0.660913 0.500324 -0.0877847
 -0.00401172 -0.550074 0.63507 -0.15363
 -0.0119471 -0.349677 0.676488 -0.199686
 -0.0255717 -0.0676449 0.553433 -0.191401
 -0.00177015 -0.794075 0.239081 0.0137113
 -0.00189147 -0.692164 0.521186 -0.0916627
 -0.00438054 -0.565334 0.643787 -0.153134
 -0.0094283 -0.41557 0.700428 -0.199106
 -0.0193533 -0.188412 0.668863 -0.221473
 -0.0332271 0.125512 0.46397 -0.182698
 -0.00737526 -0.500071 0.686705 -0.178521
 -0.0121561 -0.398157 0.726713 -0.21304
 -0.0193382 -0.258246 0.706006 -0.231064
 -0.0310292 0.0403537 0.561842 -0.216468
 -0.0435994 0.380802 0.27429 -0.143825
 -0.017928 -0.284693 0.723728 -0.23441
 -0.0267619 -0.0783909 0.63899 -0.233431
 -0.0379596 0.155032 0.473099 -0.201741
 -0.0494314 0.511621 0.139345 -0.109491
 -0.0366407 0.0993737 0.514426 -0.211288
 -0.0475011 0.361123 0.292336 -0.15795
 -0.0543555 0.643071 -0.0381988 -0.0558508
 -0.054005 0.578868 0.0494671 -0.0882977
 -0.0556262 0.758985 -0.235029 0.010325
 -0.0493518 0.862906 -0.465757 0.0978904

Fourier series term #2
 -4.44079e-05 -0.00884224 -0.00399796 0.000237294
 -5.48231e-05 -0.00763182 -0.0044538 0.000301143
 4.95274e-06 0.00184549 0.00120038 -0.000127643
 -6.82114e-05 -0.00529071 -0.00347167 0.000329719
 2.254e-05 0.00247105 0.00380639 -0.000598322
 -6.21837e-05 0.00356055 0.00204537 -0.000579676
 -0.000573367 -0.028922 -0.028097 0.00603005
 -0.000149931 0.0334878 0.0200041 -0.00631665
 -0.00034794 0.0489391 0.0209903 -0.0079596
 -0.000533345 0.0073094 -0.00273097 0.000253762
 -0.000142664 -0.0577855 -0.00381375 0.0038617
 -0.000332044 -0.0678585 0.017561 -0.00302315
 -0.000297451 -0.0429038 -0.02808 0.00202597
 0.000673056 0.0455625 0.0437018 -0.00488198
 0.00126585 0.0883982 0.0817157 -0.0114027
 0.000685789 0.0441606 0.0299833 -0.00806858
 -0.000267488 -0.014723 -0.0555455 0.00355364
 -0.00113307 -0.053097 -0.137495 0.0224739
 -0.00077823 -0.0344935 -0.144162 0.0318729
 -0.000126247 -0.0442894 -0.141393 0.0362518
 0.000976447 -0.0547237 -0.121046 0.0355023
 0.00226041 -0.0639475 -0.0788168 0.0265022
 0.00288594 -0.0748641 -0.0234025 0.0102476
 0.00111104 0.0573381 0.0597883 -0.0101197
 0.00112391 0.0651044 0.0454433 -0.0128873
 0.000654061 0.0695615 -0.00278034 -0.0107314
 -0.000889124 0.0271717 -0.127097 0.0111437
 -0.00249661 -0.0417757 -0.281909 0.0530038
 -0.00246865 -0.13444 -0.399807 0.105235
 -0.000869398 -0.166307 -0.389638 0.117167
 0.00183407 -0.178748 -0.319079 0.108592
 0.00511463 -0.210736 -0.210406 0.0834337
 0.00707661 -0.245742 -0.0738295 0.0411297
 0.000714181 0.0605109 -0.00562228 -0.0106601
 -0.000697287 0.0302898 -0.120123 0.0060939
 -0.00172554 0.0307823 -0.230081 0.0295094
 -0.00276623 -0.0164485 -0.384491 0.0770211
 -0.00175517 -0.184005 -0.531288 0.14664
 0.00110294 -0.267927 -0.525276 0.16497
 0.00583932 -0.357966 -0.450689 0.1618
 0.0114239 -0.428258 -0.284395 0.122009
 0.0136724 -0.424581 -0.074612 0.0516053
 -0.00182659 0.0216749 -0.238405 0.0287264
 -0.00278163 0.00735598 -0.38464 0.0676835
 -0.0031297 -0.0862815 -0.562524 0.133737
 0.000214068 -0.212615 -0.660161 0.197226
 0.00444292 -0.315364 -0.644825 0.216497
 0.0110879 -0.464403 -0.548364 0.212021
 0.0192683 -0.633532 -0.335211 0.162939
 0.0236278 -0.74504 -0.0376319 0.066337
 -0.00324232 -0.0840846 -0.577093 0.130554
 -0.00146311 -0.175619 -0.730146 0.199964
 0.00478326 -0.335272 -0.784899 0.260544
 0.0109402 -0.462265 -0.731161 0.271465
 0.0196415 -0.60564 -0.590384 0.252129
 0.0296383 -0.783872 -0.33312 0.186557
 0.0355475 -0.960874 0.0249028 0.0692599
 0.00279197 -0.333309 -0.864807 0.276665
 0.0126832 -0.52508 -0.844454 0.319688
 0.0210896 -0.68857 -0.754167 0.320808
 0.0317698 -0.856738 -0.556342 0.282272
 0.0421639 -0.996867 -0.247575 0.190288
 0.0491316 -1.22531 0.163932 0.0519955
 0.0268134 -0.85011 -0.765204 0.350985
 0.0370817 -1.0146 -0.605417 0.325047
 0.047007 -1.12023 -0.348072 0.251916
 0.0601727 -1.41421 0.0286246 0.142192
 0.063171 -1.60577 0.485908 -0.0244455
 0.0457852 -1.11813 -0.423353 0.281226
 0.0580375 -1.34902 -0.147098 0.209136
 0.0714118 -1.70912 0.287088 0.079606
 0.0689349 -1.73405 0.669604 -0.0789229
 0.0722381 -1.69915 0.19153 0.121591
 0.0801046 -1.87629 0.573878 -0.0122813
 0.0734702 -1.91399 0.949017 -0.171109
 0.0821399 -2.01606 0.93286 -0.146648
 0.0701274 -2.07914 1.2865 -0.296852
 0.0520806 -2.12226 1.5692 -0.420678

Fourier series term #3
 6.01536e-05 0.01167 0.00525135 -0.000300297
 4.95425e-05 0.00737898 0.00415882 -0.000281396
 -6.31827e-05 -0.00755653 -0.00488866 0.000423258
 -2.07573e-05 -0.0020217 -0.00140089 0.000148595
 0.000142962 0.0122327 0.0101945 -0.00137902
 -0.000332156 -0.0250648 -0.0224509 0.0039203
 0.000120979 0.01148 0.0103588 -0.00235534
 0.000179957 0.0339156 0.0230765 -0.00688539
 -9.83162e-05 -0.0238799 -0.0123276 0.00433025
 0.000166592 -0.071975 -0.019789 0.00915605
 0.000229812 -0.0470461 0.000464253 0.00201728
 -0.000455489 0.037066 -0.00918803 0.00134799
 -7.93794e-05 -0.0137877 -0.00806988 0.000732419
 -0.000587539 -0.0564838 -0.0449427 0.00445048
 9.67036e-05 0.014064 0.0115637 -0.00100179
 0.000808049 0.063226 0.0646919 -0.00877034
 0.000328925 0.0127276 0.0271507 -0.00411009
 -0.000189461 -0.0348742 -0.0167077 0.00392066
 -5.82585e-05 0.0161893 0.00572332 -0.00341783
 -0.000210603 0.00290706 -0.00858361 0.000699146
 -0.000153916 -0.0165156 -0.017232 0.00445045
 -7.4031e-05 -0.0114067 -0.0140358 0.00371735
 -8.7501e-05 0.0129748 -0.0174092 0.00411831
 8.00577e-05 -0.000800678 0.00743158 9.72557e-06
 0.000597965 0.0320194 0.0487482 -0.00531683
 0.000954748 0.0465976 0.0780086 -0.011238
 0.00135226 0.069449 0.106504 -0.0213597
 0.000526597 0.0295857 0.055586 -0.0152853
 -0.000728793 -0.0398391 -0.0366931 0.00805914
 -0.000934264 -0.0291725 -0.0563743 0.0137535
 -0.00103087 0.0129883 -0.0622236 0.0146265
 -0.000799327 0.0251267 -0.074316 0.0198932
 0.000216706 0.00149266 -0.0714848 0.0226922
 0.000819751 0.0288207 0.0666637 -0.00824239
 0.00164981 0.0719845 0.126042 -0.0222096
 0.00126738 0.058239 0.113497 -0.0253499
 0.000500207 0.0626877 0.0877213 -0.0267589
 -0.000842584 0.0650791 0.00629464 -0.0123094
 -0.0014054 0.0282872 -0.0609548 0.00838843
 -0.000924119 -0.0615693 -0.112198 0.0319294
 1.28831e-06 -0.0518536 -0.113494 0.0351027
 0.00131405 0.000195507 -0.116729 0.0359675
 0.00161412 0.0635063 0.13416 -0.0285258
 0.000872006 0.0453784 0.109927 -0.0290965
 0.000284213 0.122697 0.107164 -0.0406835
 -0.00159334 0.107521 -0.00304783 -0.0151259
 -0.00216458 0.0990962 -0.0738408 0.0061829
 -0.00159812 0.0383296 -0.141424 0.0341476
 0.000661456 -0.0304312 -0.169587 0.0526165
 0.00442334 -0.101103 -0.142555 0.0519355
 0.000523862 0.100723 0.119217 -0.0417564
 -0.000902079 0.129362 0.0647798 -0.0362147
 -0.00261547 0.140225 -0.0515075 -0.00603711
 -0.00294225 0.145925 -0.123655 0.0171188
 -0.00198413 0.13378 -0.194228 0.0449325
 0.00108504 0.0675852 -0.233259 0.0690446
 0.00666287 -0.0477146 -0.199031 0.0706298
 -0.00264338 0.126967 -0.026559 -0.0142769
 -0.00384408 0.180309 -0.134237 0.0158855
 -0.00309959 0.141224 -0.221126 0.0508714
 -0.00216069 0.179576 -0.265357 0.0685439
 0.00196085 0.111784 -0.297222 0.0919664
 0.00921228 -0.0128424 -0.248484 0.0903263
 -0.00281731 0.115702 -0.264822 0.0689231
 -0.00225002 0.160546 -0.302083 0.0828622
 5.74139e-05 0.165009 -0.333859 0.10013
 0.00610921 0.0809202 -0.334826 0.115194
 0.0140772 -0.00622666 -0.282034 0.108517
 -0.000761882 0.163063 -0.340808 0.102328
 0.00293014 0.134395 -0.361057 0.11881
 0.00933393 0.0761455 -0.356598 0.129117
 0.0178466 -0.0831009 -0.236294 0.10246
 0.00800999 0.105378 -0.371992 0.131383
 0.0158211 -0.0288502 -0.298443 0.122207
 0.022676 -0.138627 -0.177978 0.0886302
 0.021642 -0.134775 -0.20227 0.0990387
 0.0270521 -0.117807 -0.156973 0.0808223
 0.0307559 -0.155494 -0.0674952 0.0486468

Fourier series term #4
 2.00314e-05 0.00408617 0.00172321 -9.66493e-05
 2.51007e-05 0.00391962 0.00211682 -0.000145354
 -2.30702e-05 -0.00302651 -0.00188394 0.000164731
 5.95721e-05 0.00594589 0.00422359 -0.000451856
 -6.70495e-05 -0.00605801 -0.00513447 0.000699083
 -2.21946e-05 -0.00382749 -0.00307529 0.000529777
 0.000313555 0.0223927 0.0195474 -0.00440159
 -8.17991e-05 -0.0271576 -0.018363 0.0055157
 5.7386e-05 -0.0377014 -0.0190253 0.00669917
 0.000193181 -0.00539574 -0.00151249 0.000634158
 -9.01789e-05 0.0430747 0.000371753 -0.00222548
 1.32657e-05 0.0510519 -0.0133966 0.00230021
 -7.88177e-06 -0.00327283 -0.00113661 0.000135113
 -1.38648e-05 -0.00764276 -0.00362114 0.000397575
 -0.000375847 -0.0327676 -0.0291332 0.00330781
 -3.88725e-06 0.00786058 0.00269188 -0.000339096
 0.000446252 0.0379721 0.0350622 -0.00618145
 -1.82309e-06 -0.0140427 -0.00603995 0.00174877
 1.9869e-05 -0.013519 -0.00324336 0.00179237
 7.70407e-05 -0.00991889 -0.000637062 0.000832254
 8.60042e-05 -0.000336315 0.000112512 -9.12928e-05
 -1.50597e-05 0.0130137 -0.00101258 -0.000423374
 -6.36411e-05 0.0164353 -0.00344745 0.00042728
 -0.000632712 -0.0570472 -0.0503458 0.00590423
 -0.000414065 -0.0294064 -0.0307167 0.00440351
 0.000227542 0.0192427 0.0174447 -0.00266015
 0.000562601 0.0400329 0.0460619 -0.00808097
 0.000674163 0.0331622 0.0529553 -0.0113262
 0.000277107 -0.0167729 0.0143809 -0.00217624
 0.000166723 -0.0383278 0.00204109 0.00215982
 8.55862e-05 -0.0236983 0.0105304 -0.00137618
 -0.000133216 -0.0100922 0.0115839 -0.00302045
 -0.000223185 -0.00743131 0.00438111 -0.00104826
 7.56022e-05 0.0031174 0.00288524 -0.000101596
 0.00026808 0.0134439 0.0208182 -0.00216309
 0.000747038 0.031392 0.0552902 -0.00924093
 0.00118866 0.0602971 0.0916843 -0.0211215
 0.000681424 0.0159948 0.0742018 -0.0185819
 0.000416251 -0.036524 0.0420507 -0.00871949
 0.000277186 -0.0350136 0.0275589 -0.00621607
 -3.50541e-05 -0.0169171 0.0190441 -0.00537821
 -9.8137e-05 -0.039327 0.0206885 -0.00493857
 0.00052586 0.00859199 0.0379215 -0.00459391
 0.00132235 0.0497275 0.095107 -0.0194532
 0.00117612 0.0218538 0.107797 -0.0235689
 0.000780992 0.0725248 0.134771 -0.0403584
 0.000142144 0.0371196 0.111846 -0.0347446
 -0.000555316 0.0283515 0.081754 -0.0279744
 -0.000857707 0.00394209 0.0470695 -0.0167219
 -0.000355492 -0.076552 0.0486389 -0.0127183
 0.00115838 0.00326335 0.101206 -0.0198756
 0.00123029 0.0346531 0.152927 -0.0392786
 0.000327789 0.0816917 0.175903 -0.0568158
 -0.000782089 0.0866461 0.15825 -0.0559794
 -0.0022897 0.0866613 0.132839 -0.0514067
 -0.00309261 0.0728145 0.0807466 -0.0351308
 -0.00318169 0.0474244 0.0372647 -0.0181753
 0.000665673 0.0506671 0.187637 -0.0564914
 -0.00128638 0.048255 0.20094 -0.0684216
 -0.00281527 0.0731576 0.18454 -0.0692424
 -0.00585586 0.171983 0.155448 -0.0716283
 -0.00630174 0.103862 0.0945958 -0.0462194
 -0.00858003 0.188504 0.0092541 -0.0218696
 -0.00429487 0.0844319 0.20722 -0.0813071
 -0.00696226 0.140717 0.185028 -0.082639
 -0.00845198 0.114309 0.146904 -0.0691745
 -0.0127955 0.221247 0.0663185 -0.0512528
 -0.0139173 0.213985 -0.00708058 -0.0216825
 -0.00807497 0.0889486 0.16549 -0.0738719
 -0.0121676 0.178019 0.116576 -0.0672064
 -0.0165358 0.266386 0.0321867 -0.0451862
 -0.0158013 0.20166 -0.0147921 -0.0189911
 -0.0165023 0.250279 0.0632234 -0.0569659
 -0.0187372 0.264085 -0.00304316 -0.0328279
 -0.0175517 0.204563 -0.0404581 -0.00997558
 -0.0191776 0.227528 -0.0372202 -0.0147798
 -0.0196589 0.184258 -0.0541854 -0.00203882
 -0.0199993 0.203182 -0.106631 0.0188937

Fourier series term #5
 9.71822e-07 0.000247462 7.96006e-05 -4.07261e-06
 -1.32919e-05 -0.00195785 -0.00110259 7.37424e-05
 1.7102e-05 0.00202548 0.00131318 -0.000112564
 2.11194e-06 0.000362126 0.000182869 -2.0574e-05
 -2.58906e-05 -0.00237771 -0.00182893 0.000248309
 9.83817e-05 0.00742329 0.00668209 -0.00116544
 -4.88584e-05 -0.00389782 -0.00351668 0.000813347
 -6.01433e-05 -0.00958626 -0.00669085 0.00195679
 2.32115e-05 0.00688487 0.00323266 -0.00119775
 -5.07723e-05 0.0217953 0.006003 -0.00278342
 -8.48994e-05 0.0155694 0.000321666 -0.000805932
 0.000121091 -0.0117563 0.00341477 -0.000587974
 -2.70671e-05 -0.00496594 -0.00249131 0.000216493
 8.78026e-05 0.00733189 0.006367 -0.000550576
 -8.69214e-05 -0.0101941 -0.00746364 0.000887503
 -0.000183756 -0.0163273 -0.0148715 0.00202003
 0.000188658 0.0223821 0.0170791 -0.00312901
 -0.000104406 -0.0121709 -0.00782547 0.00205495
 4.92969e-05 0.0105649 0.00496552 -0.00182882
 3.04022e-06 0.00350999 0.000277108 -0.00032448
 5.53433e-05 -0.0134512 -0.00244355 0.00145682
 4.52055e-05 -0.0121699 0.00321312 -0.000258979
 -0.000181127 0.00810613 0.000518926 -0.000443045
 -0.000114973 -0.018378 -0.0118755 0.0014506
 -0.00038199 -0.0359154 -0.0320669 0.00433115
 -0.000520197 -0.036337 -0.0381751 0.00640282
 0.000161916 0.0209936 0.0131338 -0.00317539
 0.000424528 0.0426654 0.0351769 -0.00916118
 7.79326e-05 -0.0106088 0.00319296 0.000235879
 0.000101826 -0.0269904 -0.00720838 0.00395461
 0.000152311 -0.00522266 0.000664647 0.000389055
 7.99625e-05 0.00794752 0.00208844 -0.000978669
 0.000132841 -0.00381551 0.00291715 -0.00056001
 -0.000709896 -0.0532975 -0.052376 0.00832244
 -0.000543236 -0.033751 -0.0400817 0.00715581
 0.000156505 0.0207987 0.0110871 -0.00306069
 0.000250489 0.0289546 0.0264479 -0.00621884
 0.000347004 0.0498576 0.038353 -0.0119751
 0.000230429 0.021191 0.0223961 -0.00679943
 0.000260617 -0.0100991 0.016413 -0.00361889
 0.000480576 -0.0386228 0.0155238 -0.00193753
 0.000434235 -0.0343488 0.0164251 -0.00308648
 -0.000330399 -0.0197191 -0.0270763 0.00525522
 -9.89546e-05 -0.00387132 -0.00658922 0.00214851
 0.000444037 0.0429438 0.0344162 -0.00959428
 0.0004313 0.052606 0.0534998 -0.0161107
 0.000173341 0.0734903 0.0573517 -0.0202957
 -0.000107815 0.0541897 0.0446707 -0.0164354
 -4.82725e-06 0.00202323 0.0375211 -0.0114951
 0.000476011 -0.0472619 0.0373107 -0.00920165
 0.000190542 0.0122372 0.00907173 -0.00196528
 0.000341468 0.0218062 0.0279419 -0.00627851
 0.000561441 0.0357769 0.0639512 -0.019162
 0.000181433 0.0613403 0.0716212 -0.0243128
 -0.000681267 0.108238 0.0635723 -0.0272442
 -0.000966889 0.087426 0.0426241 -0.0201198
 -0.00156886 0.0652631 0.0269139 -0.0130893
 0.000503996 0.00473644 0.049223 -0.0116513
 0.000473164 0.0210802 0.0560858 -0.016857
 -0.000576004 0.0838131 0.0916459 -0.034819
 -0.00137501 0.0845479 0.0797668 -0.0329396
 -0.00247366 0.0966874 0.0576283 -0.0276817
 -0.00449765 0.181686 -0.00408692 -0.0125253
 -0.000880952 0.0618831 0.101982 -0.0378719
 -0.000990211 0.0375197 0.0938058 -0.0343845
 -0.00239895 0.0752843 0.0778744 -0.0341114
 -0.00504964 0.144354 0.0452331 -0.0299929
 -0.00669967 0.178789 -0.00597529 -0.013912
 -0.00155549 0.0368702 0.090997 -0.0353887
 -0.00344942 0.0937721 0.0713826 -0.0353147
 -0.00601378 0.142772 0.0437344 -0.0310098
 -0.0077119 0.222556 -0.0418963 -0.00561797
 -0.00507295 0.0922201 0.0692019 -0.0359529
 -0.00867849 0.220042 -0.0147709 -0.017515
 -0.00895942 0.232911 -0.0687824 0.00309002
 -0.00965571 0.231425 -0.0533163 -0.00400848
 -0.00813178 0.210334 -0.0836467 0.0113294
 -0.00745492 0.154623 -0.0712649 0.0124669

