**************************************************************
***  MERIS LUT-169: Fourier series terms (s0,..,s5)[TERM]] ***
***                 of polynomial coefficients (k0,..,k3)  ***
***                 for each of 81 aerosol models [IAER],  ***
***                 & for each of 78 geometries [SVZA]     ***
***  - - - - - - - - - - - - - - - - - - - - - - - - - - - ***
***  => useful for multiplicative aer.scat.fct. retrieval  ***
**************************************************************

12 Gaussian angles (deg): SZA/VZA
------------------------         

 2.84 17.64 28.77 36.19 43.61 51.03 58.46 65.88 69.59 73.30 77.01 80.72

Coefficients: [SVZA x (k0,k1,k2,k3)]
------------                        

 Aerosol model #55
 - - - - - - -  

Fourier series term #0
 1.00227 0.468516 0.13019 -0.0194462
 1.006 0.816187 0.349455 -0.0510501
 1.01565 1.53441 0.878879 -0.138503
 1.0228 1.9306 1.21138 -0.211895
 1.03031 2.36328 1.52513 -0.30671
 1.03575 2.77181 1.7048 -0.406854
 1.03619 3.18872 1.66653 -0.490662
 1.02696 3.73535 1.27879 -0.508177
 1.01656 4.02137 0.828294 -0.438581
 1.0035 4.29905 0.143801 -0.275629
 0.994452 4.55803 -0.780334 0.00611561
 1.01191 4.66009 -1.79862 0.383234
 1.01181 1.19122 0.635405 -0.0948666
 1.01927 1.62734 0.964552 -0.161412
 1.02547 1.99007 1.21255 -0.228023
 1.03161 2.39637 1.44598 -0.313477
 1.03621 2.81717 1.58903 -0.4074
 1.03591 3.25036 1.54252 -0.48604
 1.02545 3.71567 1.13612 -0.487159
 1.01518 3.99143 0.709114 -0.418165
 1.00249 4.30295 0.0636348 -0.263817
 0.993415 4.60929 -0.829734 0.00902169
 1.01025 4.73516 -1.83115 0.381439
 1.02454 1.88388 1.1222 -0.212423
 1.02902 2.15612 1.24535 -0.265022
 1.03294 2.4729 1.34586 -0.329499
 1.03516 2.86158 1.40404 -0.405302
 1.03303 3.2722 1.31631 -0.466804
 1.02169 3.74517 0.925794 -0.45951
 1.01129 4.02047 0.5265 -0.390802
 0.998789 4.33312 -0.0825447 -0.240422
 0.990076 4.65359 -0.938405 0.0252088
 1.00682 4.81983 -1.91707 0.391376
 1.03217 2.34623 1.27608 -0.303822
 1.03416 2.60193 1.29186 -0.352656
 1.0341 2.88115 1.24799 -0.401555
 1.0303 3.2899 1.12816 -0.449536
 1.01784 3.75665 0.734878 -0.431026
 1.00736 4.05655 0.348572 -0.361425
 0.995029 4.37882 -0.242458 -0.21108
 0.986715 4.72477 -1.07727 0.0513207
 1.00363 4.94459 -2.04502 0.414254
 1.03401 2.75725 1.21329 -0.37843
 1.03198 2.97946 1.10307 -0.406819
 1.02626 3.29634 0.911082 -0.4256
 1.01269 3.79639 0.500972 -0.392964
 1.00212 4.11608 0.110711 -0.316457
 0.990123 4.45201 -0.471826 -0.162268
 0.982454 4.81266 -1.28261 0.0977433
 1.00042 5.05952 -2.22862 0.456007
 1.02818 3.13151 0.931238 -0.411547
 1.02071 3.42132 0.679829 -0.404766
 1.00592 3.84071 0.207813 -0.336177
 0.995116 4.1594 -0.193038 -0.248011
 0.983486 4.55193 -0.780728 -0.0875014
 0.97724 4.94248 -1.58522 0.176224
 0.997856 5.17161 -2.49365 0.528347
 1.01153 3.62397 0.361288 -0.362505
 0.995681 4.04483 -0.176824 -0.258068
 0.985158 4.33479 -0.600662 -0.150783
 0.975654 4.63935 -1.19135 0.028204
 0.972494 5.04307 -1.98628 0.297083
 0.997931 5.31638 -2.87445 0.645169
 0.980017 4.39944 -0.772127 -0.110405
 0.971465 4.66027 -1.23558 0.025065
 0.965938 4.90861 -1.82441 0.221335
 0.968704 5.25482 -2.58166 0.492513
 1.00328 5.4358 -3.36797 0.817625
 0.965586 4.8262 -1.67586 0.167504
 0.962556 5.09569 -2.25795 0.365935
 0.970621 5.42875 -3.00157 0.639249
 1.01299 5.50915 -3.69113 0.939921
 0.964154 5.34616 -2.82023 0.564936
 0.980294 5.55742 -3.47317 0.820584
 1.03229 5.53688 -4.03696 1.0836
 1.00607 5.60463 -3.96676 1.03274
 1.06993 5.48622 -4.37558 1.24294
 1.14364 5.16953 -4.50783 1.35502

Fourier series term #1
 -0.000243188 -0.0373081 -0.0152739 0.00213292
 -0.000940327 -0.085915 -0.0538058 0.00719672
 -0.00129066 -0.0695743 -0.0594632 0.00833332
 -0.00137108 -0.0591972 -0.0496018 0.00784024
 -0.00138464 -0.0513081 -0.0335353 0.00648181
 -0.00133846 -0.0492178 -0.0143299 0.00428131
 -0.00102919 -0.0331209 0.0162939 -0.00196963
 -0.000824916 -0.0145002 0.0453345 -0.010537
 -0.000883839 -0.00695185 0.0537361 -0.0141789
 -0.00112142 0.00400353 0.0561363 -0.0167062
 -0.00165743 0.0241959 0.0488048 -0.0167022
 -0.00235925 0.0487082 0.0276452 -0.011567
 -0.00500558 -0.33476 -0.251302 0.0345045
 -0.0075188 -0.406496 -0.318232 0.049331
 -0.00833086 -0.385465 -0.286476 0.050463
 -0.00811469 -0.325109 -0.188623 0.0403234
 -0.00750587 -0.283219 -0.0652493 0.0227032
 -0.00594854 -0.198682 0.0980858 -0.012524
 -0.00465373 -0.0860257 0.248849 -0.0593799
 -0.00491001 -0.0230156 0.297729 -0.0815561
 -0.00637783 0.0608707 0.313482 -0.0976858
 -0.00963908 0.178721 0.269488 -0.0969118
 -0.013625 0.31811 0.142905 -0.0651813
 -0.0104785 -0.530307 -0.375749 0.0678404
 -0.0117604 -0.556875 -0.344715 0.0717282
 -0.0120207 -0.544903 -0.25054 0.0642076
 -0.0106099 -0.426175 -0.0631155 0.0306258
 -0.00870021 -0.295999 0.149109 -0.0202179
 -0.00726551 -0.113613 0.348858 -0.0874764
 -0.00776105 0.0116015 0.413743 -0.120478
 -0.010133 0.153263 0.424047 -0.141249
 -0.0150301 0.309889 0.351847 -0.135829
 -0.0209205 0.480817 0.177796 -0.0902627
 -0.0131179 -0.619544 -0.310648 0.0755374
 -0.0130252 -0.598134 -0.203128 0.0629165
 -0.0119487 -0.524631 -0.0386885 0.032105
 -0.00997453 -0.338743 0.186898 -0.0285856
 -0.008924 -0.117527 0.3852 -0.101566
 -0.00995375 0.0278301 0.450457 -0.137511
 -0.0129795 0.190649 0.453312 -0.158473
 -0.0187621 0.369123 0.367568 -0.150501
 -0.0258052 0.59166 0.162825 -0.097219
 -0.0130132 -0.609864 -0.106246 0.0490963
 -0.0119901 -0.531594 0.0446508 0.0154205
 -0.0106835 -0.388585 0.224056 -0.0375659
 -0.0106378 -0.121024 0.407044 -0.113394
 -0.0123153 0.0283401 0.458963 -0.146985
 -0.0159284 0.21081 0.447736 -0.165299
 -0.022431 0.442472 0.337633 -0.152507
 -0.0299131 0.704666 0.100794 -0.0894589
 -0.0115994 -0.486823 0.156278 -0.0136779
 -0.0113354 -0.364444 0.29399 -0.0610468
 -0.0124215 -0.146519 0.415494 -0.1206
 -0.0147548 0.0311428 0.440874 -0.148798
 -0.0192586 0.246886 0.4067 -0.161985
 -0.0263788 0.50615 0.269901 -0.141114
 -0.0334982 0.779925 0.00868862 -0.0684273
 -0.0121373 -0.28073 0.373295 -0.0957716
 -0.0149344 -0.0748244 0.426755 -0.137708
 -0.0178918 0.0814804 0.413315 -0.152293
 -0.022357 0.249745 0.345994 -0.149547
 -0.0297744 0.530802 0.178619 -0.117898
 -0.0360443 0.827526 -0.107952 -0.035439
 -0.0193574 0.091959 0.394024 -0.150293
 -0.0228604 0.211137 0.336519 -0.145842
 -0.0273668 0.367703 0.227384 -0.125005
 -0.0333386 0.602694 0.0311363 -0.0755551
 -0.0372192 0.858504 -0.252516 0.0125866
 -0.0260252 0.305297 0.262557 -0.132236
 -0.0301748 0.468099 0.126805 -0.10038
 -0.0349491 0.673898 -0.07742 -0.0429708
 -0.03647 0.908013 -0.361261 0.04939
 -0.033502 0.587975 -0.00970211 -0.0621052
 -0.0363964 0.767187 -0.219912 0.00270744
 -0.034051 0.959941 -0.490083 0.0960844
 -0.0360131 0.884908 -0.409703 0.068319
 -0.0292342 0.992187 -0.620363 0.148259
 -0.0174867 1.00283 -0.744415 0.203433

Fourier series term #2
 -2.68938e-05 -0.00589252 -0.00158962 0.00024524
 0.000140451 0.0149831 0.00811806 -0.0011261
 2.1226e-05 0.00164138 0.000550624 -8.53191e-05
 -0.000181815 -0.0132859 -0.00992422 0.00167994
 6.24853e-05 0.00822794 0.00406301 -0.000900488
 -4.40187e-08 0.00513979 0.00121371 -0.000420307
 -0.000404163 -0.0246085 -0.015436 0.00434514
 3.02116e-06 0.0201949 0.00656882 -0.00267768
 -4.40292e-05 0.0262277 0.00489696 -0.00273276
 -0.000165883 0.00144489 -0.00132537 0.000333826
 -0.000154728 -0.0280916 0.00326902 0.000491105
 -0.000328588 -0.028735 0.0105221 -0.00215294
 2.10764e-05 -0.0352659 -0.0149865 0.00281452
 -0.000462903 -0.0764625 -0.0618162 0.0101553
 -0.000790473 -0.0818538 -0.0890591 0.0151282
 -0.000932138 -0.0645738 -0.0971531 0.0177122
 -0.000867438 -0.0510886 -0.0968411 0.0199625
 -0.000790348 -0.05159 -0.0894166 0.0220309
 -0.000422332 -0.0672833 -0.0691488 0.021784
 2.52068e-05 -0.0713701 -0.0502888 0.0185326
 0.000533949 -0.0699768 -0.0251076 0.0121084
 0.000794927 -0.0649709 0.00316228 0.00306971
 0.000322133 -0.0548198 0.0260863 -0.00588958
 -0.00112763 -0.137078 -0.135668 0.0235136
 -0.00163573 -0.15746 -0.18617 0.0344963
 -0.00217978 -0.178046 -0.232985 0.0478651
 -0.002442 -0.166491 -0.242446 0.0561542
 -0.00207819 -0.166136 -0.223415 0.0607149
 -0.000821298 -0.171738 -0.165159 0.0553618
 0.000178182 -0.178425 -0.117176 0.0459611
 0.00134767 -0.180042 -0.0586315 0.0306912
 0.00216514 -0.171288 0.00253647 0.0107667
 0.00150791 -0.145237 0.0511792 -0.00901399
 -0.00234608 -0.20911 -0.257722 0.0521372
 -0.00324684 -0.261257 -0.32367 0.0730265
 -0.00333114 -0.285485 -0.35059 0.0896036
 -0.00260188 -0.272466 -0.318355 0.0938007
 -0.000697135 -0.294935 -0.238448 0.0865873
 0.00100718 -0.283495 -0.170499 0.0713091
 0.00291332 -0.273442 -0.0926194 0.0497827
 0.00423579 -0.259794 -0.00556756 0.0208092
 0.00335971 -0.21816 0.0660555 -0.00893744
 -0.00374378 -0.327216 -0.389164 0.0975759
 -0.00370926 -0.380992 -0.423292 0.11967
 -0.0027455 -0.444732 -0.407788 0.13436
 0.000375677 -0.420041 -0.300774 0.118811
 0.0026847 -0.410797 -0.219108 0.0998517
 0.00527416 -0.411653 -0.117762 0.0715233
 0.00711451 -0.397879 -0.00105406 0.0317345
 0.0060121 -0.342715 0.0964414 -0.00978899
 -0.00339387 -0.495129 -0.462346 0.148082
 -0.00130381 -0.558971 -0.439223 0.161936
 0.0029977 -0.613249 -0.331302 0.150883
 0.00597889 -0.610296 -0.234383 0.127124
 0.00919174 -0.590822 -0.112456 0.0895176
 0.0115635 -0.56782 0.0273659 0.0393533
 0.010382 -0.523496 0.156674 -0.0152387
 0.00188404 -0.687871 -0.41138 0.177824
 0.00741272 -0.760914 -0.286207 0.160096
 0.011469 -0.820554 -0.179507 0.135974
 0.0157007 -0.857574 -0.0298881 0.0909912
 0.0184002 -0.818853 0.126115 0.0308149
 0.0167313 -0.772237 0.27981 -0.0363585
 0.0149591 -0.96274 -0.14046 0.140722
 0.0194733 -1.02043 -0.0181428 0.107798
 0.0236147 -1.03268 0.130346 0.0570424
 0.0270251 -1.117 0.339337 -0.015705
 0.0235114 -1.11555 0.535559 -0.0995508
 0.0239091 -1.08111 0.108163 0.0711733
 0.0285464 -1.16515 0.277366 0.0171873
 0.0314752 -1.26262 0.496841 -0.0606322
 0.0265447 -1.21049 0.657847 -0.137533
 0.0331038 -1.31447 0.477828 -0.044766
 0.0344035 -1.36133 0.666726 -0.118045
 0.0272964 -1.30371 0.809797 -0.189943
 0.0331441 -1.41742 0.848592 -0.189419
 0.0228129 -1.37987 0.982465 -0.256425
 0.00859476 -1.35528 1.09293 -0.312034

Fourier series term #3
 3.32787e-06 0.000507924 0.000203243 -2.84118e-05
 5.45421e-05 0.00758196 0.00333787 -0.000496044
 -8.04893e-05 -0.0075592 -0.0046142 0.000725363
 2.46703e-05 0.00185965 0.00130283 -0.000224021
 0.000181759 0.0138832 0.00933794 -0.00186981
 -0.000310252 -0.022881 -0.0147837 0.00350142
 9.33113e-05 0.00851855 0.00471039 -0.00138208
 0.000144698 0.0213569 0.0078793 -0.00306729
 -7.98317e-05 -0.0132922 -0.00320751 0.00158765
 -5.99846e-05 -0.036525 -0.00227123 0.0026678
 -1.72815e-05 -0.0220086 0.00332063 9.72345e-05
 -5.78349e-05 0.0158578 -0.00541724 0.00101245
 0.000235704 0.0143443 0.0138393 -0.00181566
 4.55046e-05 -0.0120881 -0.000366335 0.000563153
 -0.00017122 -0.0303649 -0.0155433 0.00333126
 2.76732e-05 -0.0076443 -0.00718606 0.00151344
 -0.000110364 -0.0129042 -0.0142428 0.00313661
 6.96322e-06 -0.000886078 -0.0110085 0.00232131
 9.86075e-05 0.00383109 -0.0138632 0.00322887
 0.000106725 -0.00626661 -0.0169679 0.00495975
 0.000207586 -0.0133131 -0.0146917 0.00507577
 0.000342043 -0.00804117 -0.0101097 0.00359959
 0.000464436 0.00289319 -0.00938626 0.00291334
 0.000116654 -0.0296621 -0.00532113 0.00203579
 -1.64322e-06 -0.042483 -0.0197511 0.00489547
 -0.00030964 -0.0676101 -0.0462739 0.0109301
 -8.53597e-05 -0.0304749 -0.0449248 0.0102107
 -8.24633e-05 -0.0216212 -0.0542137 0.0132562
 9.89063e-05 -0.0177171 -0.0591136 0.0164661
 0.000375597 -0.0109363 -0.0574728 0.0168952
 0.000751477 -0.0138465 -0.0528127 0.0169115
 0.00127763 -0.0298247 -0.0397286 0.0146531
 0.00167428 -0.0468185 -0.0168366 0.00817907
 -0.000152292 -0.066066 -0.0381098 0.00931699
 2.69778e-05 -0.0571231 -0.052638 0.012529
 -0.0003831 -0.0898771 -0.0943564 0.0243003
 -0.000207065 -0.058105 -0.102744 0.0277369
 0.000370343 -0.0349399 -0.106864 0.0314938
 0.000799884 -0.0466384 -0.10513 0.0339792
 0.00147614 -0.071893 -0.088283 0.0325532
 0.00233768 -0.0674948 -0.0626026 0.0252843
 0.00316106 -0.0673843 -0.0354167 0.016324
 -0.000129641 -0.0867043 -0.0881752 0.0224398
 -0.000371844 -0.116176 -0.130739 0.0361133
 8.91171e-05 -0.116825 -0.162879 0.0488073
 0.000763814 -0.112865 -0.164444 0.0552789
 0.0016469 -0.112848 -0.153862 0.0554676
 0.00293207 -0.129103 -0.129266 0.0517884
 0.00447107 -0.137038 -0.0889402 0.0407638
 0.00557872 -0.132027 -0.0427404 0.0244603
 8.66562e-05 -0.136908 -0.171103 0.0508168
 0.000563339 -0.178256 -0.207643 0.0690385
 0.00227838 -0.231784 -0.213008 0.0824768
 0.00377331 -0.229957 -0.194215 0.0809141
 0.00561324 -0.220065 -0.157771 0.071859
 0.00783155 -0.225533 -0.10178 0.0551292
 0.00933911 -0.234275 -0.0290294 0.0294766
 0.00195179 -0.260886 -0.238718 0.0906668
 0.00489956 -0.302929 -0.227364 0.0994134
 0.00745523 -0.366178 -0.1978 0.099505
 0.0100512 -0.378291 -0.136925 0.0832668
 0.0131817 -0.404897 -0.0562487 0.0584902
 0.014467 -0.388911 0.0325185 0.0229874
 0.00998442 -0.456744 -0.185168 0.106592
 0.0128059 -0.480488 -0.134537 0.0951392
 0.0159048 -0.501133 -0.0612593 0.0734958
 0.0198104 -0.581869 0.0580547 0.037275
 0.021154 -0.635132 0.197855 -0.0142167
 0.0159791 -0.534823 -0.0702024 0.0803904
 0.0195734 -0.587807 0.0170744 0.055385
 0.0232435 -0.649186 0.134489 0.0167065
 0.0233991 -0.724243 0.296349 -0.0428723
 0.0234177 -0.668943 0.121428 0.0251672
 0.0262314 -0.75804 0.265363 -0.0228568
 0.0245979 -0.791345 0.40364 -0.0787839
 0.027031 -0.844843 0.41611 -0.0757726
 0.0235037 -0.82285 0.505748 -0.118674
 0.0160395 -0.817892 0.594638 -0.159896

Fourier series term #4
 2.19763e-06 0.000466189 0.000120098 -1.81315e-05
 -5.27675e-06 -0.000366574 -0.000298286 3.77598e-05
 -2.0293e-05 -0.00215445 -0.00122691 0.000196309
 0.000105554 0.00853102 0.00560434 -0.000976661
 -0.000105873 -0.00806615 -0.00544872 0.00108945
 -4.06976e-05 -0.00410888 -0.00268685 0.000632601
 0.000228169 0.0178207 0.00991979 -0.00288388
 -9.44671e-05 -0.0165573 -0.00593329 0.00233326
 -4.83445e-05 -0.021545 -0.00506782 0.00253253
 5.93327e-05 -0.00338874 -0.000322422 0.00026827
 5.02774e-05 0.0195674 -0.00278865 -0.00017865
 0.000145722 0.0217472 -0.00760384 0.00150689
 7.40446e-05 0.00668704 0.0048533 -0.000708047
 0.00015588 0.0117451 0.00953637 -0.00150858
 -7.92965e-06 -0.00918488 -0.00253439 0.000720485
 -0.000100073 -0.0090203 -0.00437037 0.00106834
 -1.54398e-06 -0.00295285 -0.0013577 0.00040486
 6.06988e-05 0.00466365 0.00275212 -0.000817007
 -5.25901e-05 -0.00569562 -0.00116596 0.000585427
 -2.53911e-05 -0.0075654 -0.00243683 0.00107606
 2.4469e-05 -0.0027152 -0.0021449 0.000768801
 1.6566e-05 0.00444329 -0.00202609 0.000366161
 2.21239e-06 0.00856036 -0.0032358 0.000624946
 0.000132615 -0.000293974 0.00855838 -0.00110909
 7.15136e-05 -0.00917196 0.00436634 -0.000191033
 -2.09386e-05 -0.0287103 -0.00763639 0.0026957
 -9.69691e-05 -0.0209262 -0.00628 0.00233339
 -4.63903e-05 -0.013155 -0.00406988 0.00161566
 1.08366e-05 -0.00232804 -0.00272594 0.000765381
 -2.00333e-05 -0.000201167 -0.00256559 0.000619002
 -1.67806e-05 0.00289002 -0.00400104 0.000913397
 7.19177e-05 0.0035448 -0.00710331 0.00198702
 0.000280424 -0.000591842 -0.00755752 0.00254258
 0.000287217 -0.00760852 0.0110228 -0.00131579
 8.69128e-05 -0.0259062 0.00235799 0.00095701
 -9.52628e-05 -0.0510201 -0.0130774 0.00546473
 -9.68501e-07 -0.0282523 -0.0100357 0.0040003
 -8.13414e-06 -0.0174937 -0.00711412 0.00285998
 5.86964e-05 -0.0233199 -0.012056 0.00485535
 0.000160937 0.00492566 -0.0135934 0.00375905
 0.000188701 0.0241497 -0.0183433 0.00435963
 0.000551117 -0.00854709 -0.00955348 0.00373212
 6.74439e-05 -0.0456617 -0.00118457 0.002692
 0.000210919 -0.0417788 -0.00304756 0.00310286
 -2.77169e-05 -0.078239 -0.0188773 0.0094427
 0.000216986 -0.0273386 -0.0167794 0.00647995
 0.000206218 -0.0301249 -0.0178879 0.00734389
 0.000353837 -0.0229163 -0.0198171 0.00787752
 0.00062447 -0.0175244 -0.0201088 0.00801652
 0.000952548 -0.0313435 -0.00893713 0.00524639
 0.000120298 -0.0754631 -0.00842841 0.00645431
 0.000346204 -0.071965 -0.0145997 0.00846145
 0.000663644 -0.088782 -0.0240862 0.0133832
 0.000766338 -0.0841676 -0.0234819 0.0135831
 0.000836868 -0.0716513 -0.0173679 0.0111894
 0.00126956 -0.069292 -0.0110204 0.00922633
 0.00175165 -0.0676648 9.96005e-05 0.00512101
 0.000683294 -0.0914284 -0.0166269 0.0110611
 0.00107386 -0.131383 -0.0159296 0.0149942
 0.00153685 -0.152725 -0.0090488 0.0152137
 0.00188815 -0.147173 0.00361008 0.0109347
 0.00293634 -0.188813 0.0305325 0.00512099
 0.0025981 -0.120577 0.0272435 3.53009e-05
 0.002057 -0.184911 0.00586879 0.0132354
 0.00249824 -0.193402 0.0205044 0.0094459
 0.00309262 -0.22545 0.0494642 0.0022845
 0.00360011 -0.241335 0.0815692 -0.00849289
 0.00360727 -0.301378 0.147883 -0.029704
 0.00318764 -0.250993 0.0547463 0.00286145
 0.0033275 -0.251429 0.0788174 -0.00591689
 0.00342061 -0.259242 0.109945 -0.0174726
 0.00315905 -0.336708 0.189613 -0.0426002
 0.00340291 -0.276502 0.117028 -0.0183074
 0.00344911 -0.31357 0.166541 -0.0346017
 0.00235679 -0.363026 0.233907 -0.0581384
 0.00272387 -0.373196 0.237142 -0.0577394
 -0.000709079 -0.408833 0.302505 -0.0826355
 -0.00613938 -0.410582 0.339256 -0.0994959

Fourier series term #5
 1.59066e-07 4.55576e-05 7.01834e-06 -1.2008e-06
 -7.34315e-06 -0.000972056 -0.00044128 6.45992e-05
 2.4785e-05 0.00226661 0.0013968 -0.000217984
 -9.63586e-06 -0.000577716 -0.000430384 7.195e-05
 -5.40031e-05 -0.00422381 -0.00284626 0.000570062
 9.32238e-05 0.00686937 0.00441437 -0.00104695
 -3.21292e-05 -0.00251937 -0.00125934 0.00037948
 -4.52293e-05 -0.0065695 -0.00260407 0.000986612
 2.31273e-05 0.00347674 0.000603637 -0.000353284
 1.82002e-05 0.0110686 0.000653367 -0.000800725
 -1.91947e-06 0.00736791 -0.000929504 -9.38592e-05
 7.58845e-06 -0.00449908 0.00171442 -0.000348507
 -0.000102347 -0.0123037 -0.00613626 0.000965236
 0.000147768 0.0166237 0.00954594 -0.00167892
 -0.000113589 -0.0117472 -0.00586972 0.00119537
 9.69575e-05 0.00542031 0.0036214 -0.000754686
 -5.16157e-05 -0.00457485 -0.0025784 0.000676712
 -3.23386e-05 -0.00140966 0.000309881 2.36736e-07
 4.78447e-05 0.00514539 0.000905619 -0.000503209
 7.50132e-06 -0.00204033 -0.00160398 0.000564652
 -8.00927e-06 -0.00749782 -0.000523654 0.000590293
 -3.86014e-05 -0.00301068 0.00146574 -0.000304346
 -7.47616e-05 0.0050544 -0.000607859 -6.04604e-05
 0.000165069 0.0126056 0.0110447 -0.00197671
 0.000211041 0.014037 0.0122791 -0.00239518
 -0.000112265 -0.0198346 -0.00595754 0.00188365
 2.78078e-05 -0.00441442 -0.000701865 0.000413619
 -4.00061e-06 -0.0052347 -0.00126034 0.000610063
 -4.02092e-05 -0.00617644 0.000465067 0.000250153
 -2.87361e-05 0.000197979 0.00224479 -0.000643687
 -5.54721e-05 0.00195046 0.00225336 -0.000808472
 -5.51165e-05 -0.00220773 0.00153671 -0.000364261
 -3.55026e-05 -0.00686774 0.00235458 -0.000414204
 3.38653e-05 -0.00370429 0.00611858 -0.00088283
 2.36219e-05 -0.00944845 0.00318268 -0.000120301
 0.000100325 -0.0169477 -0.000595861 0.00108843
 -7.39559e-05 -0.0206149 -0.00264668 0.00187624
 -2.13284e-05 -0.0147166 -8.5941e-07 0.000963097
 -2.82784e-05 -0.0225835 0.000197069 0.00142341
 -0.000116816 -0.00324232 0.00536223 -0.00149438
 -0.000250506 0.00775038 0.00358683 -0.0017393
 -0.000104318 -0.000964793 0.00131423 -0.000403468
 0.00012426 -0.0148691 0.00571804 -0.000363233
 8.78916e-05 -0.0196768 0.00649342 -0.000299686
 7.59633e-05 -0.042089 -0.00156484 0.00304131
 -3.78625e-05 -0.0336784 0.00545075 0.000702011
 -1.33938e-05 -0.019987 0.00666433 -0.000643791
 -9.06822e-05 -0.0129908 0.00766962 -0.00158678
 -0.000195325 -0.0119529 0.00850058 -0.00208617
 -0.000107825 -0.0077183 0.00411718 -0.000915097
 0.000179726 -0.0309018 0.0103667 -0.000671083
 9.61217e-05 -0.0442225 0.0122298 -0.000446471
 0.000195093 -0.0740757 0.0131887 0.00121454
 0.00011917 -0.0573147 0.0167556 -0.00115377
 1.32089e-05 -0.0254669 0.013137 -0.00251635
 -0.000124209 -0.0195425 0.0123833 -0.00287392
 -0.000267534 -0.0176691 0.0122068 -0.00312626
 0.000124618 -0.0536647 0.0274098 -0.00451741
 0.000340964 -0.0723898 0.025432 -0.0027756
 7.67586e-05 -0.0567024 0.0335125 -0.00704625
 0.000210907 -0.0920917 0.0417886 -0.0072624
 8.74416e-05 -0.0873885 0.0448906 -0.00913918
 -0.000598967 -0.0225891 0.0203425 -0.00587004
 -6.26259e-05 -0.0689001 0.0475443 -0.011204
 -3.66941e-05 -0.0918656 0.0563912 -0.0127288
 -0.000254255 -0.0940709 0.0605436 -0.0144064
 -0.000731975 -0.0974884 0.0694144 -0.017996
 -0.00129107 -0.127938 0.0931823 -0.0250725
 -0.000162568 -0.111984 0.069128 -0.0158938
 -0.000758906 -0.102134 0.0731437 -0.0188108
 -0.00169844 -0.0931229 0.07723 -0.0218689
 -0.00224179 -0.108713 0.0889818 -0.0255468
 -0.00165978 -0.115106 0.091256 -0.0251766
 -0.0027643 -0.0843453 0.0790251 -0.0240282
 -0.00363613 -0.102187 0.0930499 -0.0283278
 -0.00413228 -0.100622 0.0955932 -0.0296135
 -0.00531841 -0.115 0.108584 -0.0338715
 -0.00832273 -0.135507 0.131581 -0.0418729


