**************************************************************
***  MERIS LUT-169: Fourier series terms (s0,..,s5)[TERM]] ***
***                 of polynomial coefficients (k0,..,k3)  ***
***                 for each of 81 aerosol models [IAER],  ***
***                 & for each of 78 geometries [SVZA]     ***
***  - - - - - - - - - - - - - - - - - - - - - - - - - - - ***
***  => useful for multiplicative aer.scat.fct. retrieval  ***
**************************************************************

12 Gaussian angles (deg): SZA/VZA
------------------------         

 2.84 17.64 28.77 36.19 43.61 51.03 58.46 65.88 69.59 73.30 77.01 80.72

Coefficients: [SVZA x (k0,k1,k2,k3)]
------------                        

 Aerosol model #31
 - - - - - - -  

Fourier series term #0
 1.00444 0.742688 0.312004 -0.0304237
 1.00619 0.877898 0.421966 -0.0458566
 1.01043 1.15654 0.680158 -0.0878976
 1.01815 1.69089 1.13846 -0.171308
 1.02616 2.17849 1.56961 -0.282012
 1.03259 2.63858 1.8675 -0.409567
 1.03435 3.10929 1.91357 -0.526097
 1.02634 3.7098 1.55331 -0.571519
 1.01594 4.02836 1.08787 -0.509617
 1.00232 4.33413 0.366341 -0.346346
 0.992678 4.61053 -0.607569 -0.0568236
 1.00971 4.73197 -1.67794 0.332122
 1.01012 1.09414 0.627039 -0.077425
 1.01711 1.4824 0.991193 -0.145157
 1.02298 1.77232 1.25912 -0.214155
 1.02944 2.13618 1.53843 -0.309887
 1.03599 2.62562 1.80557 -0.437456
 1.03812 3.11639 1.85291 -0.553233
 1.03031 3.65723 1.49157 -0.588372
 1.02069 3.98427 1.05878 -0.530803
 1.00793 4.34829 0.379574 -0.378705
 0.998809 4.70109 -0.57463 -0.096173
 1.01665 4.84763 -1.64632 0.295112
 1.02102 1.78012 1.22653 -0.206365
 1.02496 2.05071 1.39714 -0.268968
 1.02817 2.34818 1.52354 -0.342105
 1.02963 2.69489 1.57451 -0.420438
 1.02793 3.2011 1.52312 -0.500298
 1.01716 3.82897 1.14004 -0.511293
 1.00604 4.18123 0.706955 -0.442132
 0.991909 4.56192 0.0350859 -0.280635
 0.981597 4.92953 -0.906554 0.00791452
 0.998328 5.10304 -1.96802 0.402241
 1.02942 2.25167 1.49334 -0.327484
 1.03136 2.51927 1.54928 -0.391873
 1.03156 2.82426 1.52426 -0.454869
 1.0283 3.24264 1.3811 -0.506923
 1.01674 3.83276 0.970679 -0.499383
 1.00574 4.20219 0.557178 -0.430345
 0.992049 4.58231 -0.0863543 -0.270907
 0.982456 4.96599 -0.992406 0.0106996
 0.99975 5.18109 -2.02463 0.396542
 1.03165 2.73409 1.51416 -0.437496
 1.03025 3.04339 1.42989 -0.485257
 1.02495 3.41381 1.20846 -0.509692
 1.01165 3.903 0.717927 -0.462763
 1.00053 4.24369 0.285594 -0.378282
 0.987029 4.64563 -0.344595 -0.215807
 0.977842 5.05214 -1.21884 0.0613245
 0.995791 5.29598 -2.22057 0.440077
 1.02678 3.29433 1.26235 -0.505558
 1.01943 3.65862 0.978224 -0.503859
 1.00447 4.1106 0.422562 -0.421727
 0.993073 4.40262 -0.0343146 -0.317359
 0.980467 4.7563 -0.676667 -0.13786
 0.973349 5.12712 -1.53 0.143772
 0.993734 5.37553 -2.48911 0.513358
 1.00988 3.95081 0.612169 -0.461399
 0.993614 4.42815 -0.0102291 -0.341949
 0.982186 4.7274 -0.49077 -0.219796
 0.971345 5.03103 -1.14727 -0.0205335
 0.967804 5.35633 -1.98864 0.271733
 0.99411 5.51842 -2.88223 0.632671
 0.977914 4.85797 -0.680042 -0.183757
 0.968225 5.15385 -1.20262 -0.0332794
 0.961128 5.42002 -1.86325 0.185853
 0.963177 5.7416 -2.68318 0.482877
 0.999512 5.83925 -3.49581 0.827585
 0.96115 5.36189 -1.71379 0.129754
 0.95641 5.65756 -2.3673 0.351168
 0.963677 5.97699 -3.17532 0.650904
 1.00814 5.98373 -3.89504 0.972817
 0.956162 5.93454 -3.00071 0.573804
 0.971642 6.14512 -3.7203 0.856311
 1.02589 6.06619 -4.31658 1.14058
 0.997041 6.19994 -4.2827 1.09628
 1.06346 6.03843 -4.72425 1.32666
 1.14101 5.67799 -4.87417 1.45253

Fourier series term #1
 -0.000340655 -0.0496341 -0.0244116 0.00237076
 -0.000141392 -0.00137241 -0.00688677 0.000525821
 -0.00127894 -0.100504 -0.078593 0.00980974
 -0.00133849 -0.0749147 -0.0716388 0.0104767
 -0.00127867 -0.0599234 -0.0551947 0.0102
 -0.00108635 -0.0525176 -0.0314346 0.00835351
 -0.000637373 -0.0369198 0.00499299 0.00196586
 -0.000249208 -0.0207522 0.040681 -0.0076648
 -0.000233086 -0.0119578 0.0533392 -0.0126136
 -0.000452433 0.00243385 0.0592187 -0.0166244
 -0.000996828 0.0182435 0.0540082 -0.017427
 -0.00176196 0.0248916 0.0406373 -0.0144399
 -0.00288584 -0.175431 -0.161105 0.0184407
 -0.00608064 -0.328226 -0.311773 0.0439843
 -0.00781025 -0.396685 -0.364405 0.0614281
 -0.00819993 -0.396418 -0.325249 0.0678673
 -0.00684486 -0.323566 -0.175296 0.0511884
 -0.0042957 -0.237134 0.0292527 0.0116511
 -0.0018612 -0.138413 0.232163 -0.04653
 -0.00173759 -0.0950409 0.307151 -0.0758075
 -0.0029608 -0.0354891 0.352636 -0.101233
 -0.00613824 0.0553992 0.343958 -0.112915
 -0.0107934 0.175233 0.253101 -0.0957865
 -0.0084811 -0.455603 -0.40679 0.068124
 -0.00970897 -0.507134 -0.409348 0.0809654
 -0.0101494 -0.550242 -0.355417 0.0868051
 -0.00916491 -0.524784 -0.206535 0.0707162
 -0.00713917 -0.420215 0.0360417 0.02149
 -0.00544646 -0.262592 0.306648 -0.0580278
 -0.00608232 -0.155818 0.414609 -0.101695
 -0.00897002 -0.0236182 0.4704 -0.136638
 -0.0149255 0.13786 0.437833 -0.14672
 -0.0229589 0.329369 0.285554 -0.113262
 -0.0111977 -0.572159 -0.393596 0.0921839
 -0.0110515 -0.58403 -0.298998 0.0876918
 -0.0102821 -0.591767 -0.152145 0.0687121
 -0.00860377 -0.54155 0.0680094 0.0210388
 -0.00691759 -0.361154 0.349403 -0.068
 -0.00776767 -0.214138 0.473647 -0.121167
 -0.0112255 -0.0438963 0.534256 -0.162176
 -0.0181777 0.151961 0.495791 -0.174032
 -0.0275688 0.403859 0.316535 -0.13545
 -0.0110972 -0.630458 -0.204045 0.0795999
 -0.0103518 -0.617393 -0.0411434 0.049927
 -0.00916884 -0.57742 0.160212 -0.000270394
 -0.0084469 -0.427505 0.396945 -0.0823191
 -0.00990894 -0.297499 0.500714 -0.130514
 -0.0141806 -0.0846523 0.550264 -0.17204
 -0.0223137 0.183466 0.488369 -0.181292
 -0.0327212 0.48955 0.274078 -0.133312
 -0.0101083 -0.621105 0.1022 0.0174686
 -0.00963444 -0.545967 0.287512 -0.0388705
 -0.0102581 -0.390485 0.467686 -0.112496
 -0.0124671 -0.269234 0.530551 -0.149769
 -0.0173444 -0.0961642 0.544809 -0.177822
 -0.0258764 0.163842 0.457574 -0.177367
 -0.0363989 0.510915 0.211087 -0.119647
 -0.0105342 -0.463929 0.415804 -0.08739
 -0.0130023 -0.283401 0.523987 -0.146829
 -0.0163034 -0.139991 0.539515 -0.171989
 -0.0216741 0.0167683 0.499554 -0.180324
 -0.0301838 0.242943 0.375493 -0.162435
 -0.0390256 0.521095 0.124862 -0.0952015
 -0.0172137 -0.0898159 0.534691 -0.180078
 -0.0213695 0.0408922 0.492204 -0.18408
 -0.0272198 0.202841 0.394827 -0.170457
 -0.0348812 0.438606 0.207502 -0.126891
 -0.0407249 0.682158 -0.0644341 -0.0444856
 -0.025494 0.157719 0.422341 -0.17601
 -0.0313135 0.339317 0.287462 -0.148397
 -0.0379996 0.550303 0.0836644 -0.0936964
 -0.0414841 0.786496 -0.203822 -0.00183228
 -0.0366174 0.48634 0.139659 -0.110273
 -0.0416994 0.686628 -0.0843614 -0.043792
 -0.0414282 0.882628 -0.363374 0.0515465
 -0.0434829 0.832589 -0.298694 0.02756
 -0.0386624 0.954815 -0.530408 0.113832
 -0.0281412 0.986205 -0.682161 0.177914

Fourier series term #2
 -4.0028e-05 -0.00676232 -0.00287031 0.000283849
 1.45971e-06 0.000226729 0.000190622 -2.48848e-05
 7.22485e-05 0.00514893 0.00446641 -0.000564135
 -0.000133126 -0.0112099 -0.00841618 0.00121546
 1.72515e-05 0.00488165 0.00218723 -0.000503022
 -3.19941e-05 0.00342762 0.000305194 -0.000238335
 -0.000351636 -0.0204114 -0.015366 0.00401448
 -2.98531e-05 0.0167258 0.00601109 -0.00234591
 -7.71924e-05 0.0215355 0.00481639 -0.00246441
 -0.000176059 0.000712212 -0.00136009 0.000374973
 -0.00015704 -0.0219133 0.00162001 0.00070187
 -0.00027918 -0.0207441 0.00686903 -0.00127738
 0.000724799 0.0526343 0.0407253 -0.00498453
 0.000539995 0.022801 0.0152302 -0.00293449
 -0.000439246 -0.0479649 -0.0556112 0.00743414
 -0.00151294 -0.0990606 -0.124443 0.0209888
 -0.00149493 -0.0643055 -0.124103 0.0239602
 -0.00137419 -0.0566778 -0.117923 0.0278154
 -0.000702938 -0.0582338 -0.0906792 0.0269583
 -8.22912e-05 -0.0494171 -0.0672442 0.022311
 0.000531289 -0.0383575 -0.0412202 0.0154646
 0.000931092 -0.027739 -0.0157574 0.00734321
 0.000845119 -0.0206563 0.00468992 -0.000171036
 -0.000181516 -0.0375787 -0.059269 0.00676497
 -0.000874314 -0.0718698 -0.126523 0.0180314
 -0.00183058 -0.13036 -0.214486 0.0375959
 -0.00267309 -0.195981 -0.29264 0.0625374
 -0.00203323 -0.180049 -0.28526 0.0722524
 -0.000160975 -0.146949 -0.216415 0.0660363
 0.00108486 -0.143093 -0.165331 0.0568145
 0.00238696 -0.143978 -0.102798 0.0417284
 0.00331526 -0.144844 -0.0337798 0.0210021
 0.00280961 -0.134804 0.0280373 -0.00156148
 -0.00185514 -0.119306 -0.213508 0.0359331
 -0.00292429 -0.177892 -0.309166 0.0614328
 -0.00316046 -0.224192 -0.379371 0.0882714
 -0.00239023 -0.269547 -0.4077 0.112439
 0.000232802 -0.282901 -0.337597 0.112527
 0.00229075 -0.269848 -0.25974 0.0968184
 0.00450045 -0.266704 -0.166722 0.0730615
 0.00609417 -0.26583 -0.0578911 0.0391393
 0.00523914 -0.240518 0.0417337 0.00131826
 -0.0033109 -0.222305 -0.39373 0.0884534
 -0.00298965 -0.259336 -0.457304 0.11732
 -0.00174703 -0.354703 -0.495073 0.149665
 0.00205032 -0.440683 -0.432812 0.158423
 0.00507046 -0.467202 -0.34461 0.143033
 0.00827052 -0.468491 -0.21594 0.108656
 0.0105073 -0.460589 -0.0623354 0.0583416
 0.00919225 -0.416716 0.0774836 0.00285661
 -0.00220911 -0.352678 -0.530582 0.154774
 0.000324614 -0.442639 -0.546247 0.183753
 0.00563586 -0.575373 -0.466534 0.190853
 0.00970484 -0.653111 -0.365158 0.174176
 0.0143187 -0.714666 -0.212369 0.13491
 0.0177558 -0.743895 -0.0159421 0.0703578
 0.0159626 -0.690708 0.167089 -0.00493362
 0.00434904 -0.585982 -0.545987 0.21215
 0.0115546 -0.723657 -0.427766 0.205809
 0.0167172 -0.827786 -0.310107 0.183869
 0.0222761 -0.924855 -0.130843 0.13567
 0.0265732 -0.995499 0.0974384 0.0593802
 0.0249738 -1.03081 0.342499 -0.0361504
 0.0211133 -0.952633 -0.27846 0.191985
 0.0270343 -1.0477 -0.134431 0.156395
 0.0325535 -1.11477 0.0554007 0.0966763
 0.0371395 -1.24982 0.316775 0.0092605
 0.0335373 -1.30892 0.587163 -0.0986174
 0.03287 -1.14249 0.0213387 0.113038
 0.0387203 -1.26235 0.227645 0.0493551
 0.0424921 -1.40707 0.501142 -0.0447264
 0.0367517 -1.40075 0.729225 -0.14489
 0.0441953 -1.43796 0.462499 -0.0227997
 0.0456258 -1.51753 0.700551 -0.112486
 0.0369074 -1.49699 0.904231 -0.206349
 0.0439977 -1.59491 0.924149 -0.199073
 0.0313438 -1.57295 1.09995 -0.282932
 0.0137889 -1.54308 1.22883 -0.347764

Fourier series term #3
 2.05149e-05 0.00336109 0.00143664 -0.0001399
 2.20206e-05 0.00299952 0.00153751 -0.000168336
 8.90298e-07 0.000197811 9.0985e-05 -1.11688e-05
 1.29096e-05 0.00096655 0.000798872 -0.000116871
 0.000124253 0.0101479 0.00761017 -0.00136306
 -0.000235595 -0.0181434 -0.0133694 0.00291669
 7.00253e-05 0.00705148 0.00454165 -0.00125383
 0.000113646 0.0178917 0.00790236 -0.00287535
 -6.80776e-05 -0.0111344 -0.0033684 0.00151175
 -4.71204e-05 -0.0312512 -0.00341912 0.00273437
 -1.12309e-05 -0.0191248 0.00224615 0.000304491
 -5.35535e-05 0.0138333 -0.00431378 0.00072452
 -0.00014206 -0.0135218 -0.00819753 0.00105032
 0.000586622 0.0486718 0.0387029 -0.00539156
 0.000408097 0.0200329 0.0244162 -0.00366472
 -8.82354e-05 -0.0239357 -0.0103254 0.00223776
 -0.000251389 -0.0193134 -0.0171424 0.00359687
 -0.000220016 -0.00512546 -0.0142362 0.00286236
 -0.000278932 -0.00426133 -0.0179495 0.00439803
 -0.000330555 -0.017438 -0.020725 0.00643366
 -0.000247079 -0.0230924 -0.0160442 0.00592495
 -0.000158675 -0.013183 -0.00885386 0.00336578
 -0.000119255 0.00688945 -0.00929285 0.0025146
 0.000760159 0.0459422 0.0501579 -0.00752626
 0.000741858 0.0392595 0.0461544 -0.00796246
 0.000266658 -0.00521709 0.00825195 -0.00176813
 -0.000232754 -0.0436728 -0.0388817 0.0079088
 -0.000666498 -0.0587155 -0.0694835 0.0167176
 -0.000566203 -0.0471519 -0.0689778 0.0190705
 -0.000290604 -0.0346031 -0.0625675 0.0182245
 7.08473e-05 -0.0224964 -0.054544 0.0166108
 0.000498403 -0.0169865 -0.0444421 0.0142488
 0.000883961 -0.0158465 -0.0310304 0.0103878
 0.000581536 0.0154433 0.0306383 -0.00601663
 0.000521204 0.0195846 0.0161162 -0.00505761
 -0.000482016 -0.0487511 -0.0544131 0.0115941
 -0.00111173 -0.100341 -0.114093 0.0300973
 -0.000683162 -0.0763233 -0.125749 0.0368041
 -0.000173025 -0.0612725 -0.120399 0.0372723
 0.000540987 -0.0652526 -0.104923 0.0355397
 0.00133264 -0.0440979 -0.083069 0.0290938
 0.00219013 -0.0279229 -0.0642577 0.0227952
 -4.91477e-05 -0.017539 -0.0256354 0.00391295
 -0.000746171 -0.0551495 -0.079503 0.0181529
 -0.000885791 -0.0797876 -0.137339 0.0364973
 -0.000348632 -0.135194 -0.183843 0.0590902
 0.000686817 -0.142669 -0.183826 0.0638622
 0.00206 -0.130863 -0.161944 0.0602389
 0.00361859 -0.113952 -0.126579 0.0502072
 0.00493208 -0.0948469 -0.086093 0.0360556
 -0.000760406 -0.06288 -0.122991 0.0307359
 -0.000607264 -0.0816754 -0.175815 0.0500864
 0.000682892 -0.142604 -0.222493 0.0755268
 0.00237357 -0.181208 -0.226012 0.0843393
 0.00486462 -0.216781 -0.20116 0.083731
 0.0077919 -0.244962 -0.144488 0.0699237
 0.00965901 -0.227234 -0.0757411 0.0447764
 0.000375313 -0.124852 -0.226794 0.0730435
 0.00285785 -0.151027 -0.253687 0.0922063
 0.00543341 -0.21734 -0.250915 0.101982
 0.00850118 -0.252539 -0.210914 0.0961897
 0.0129273 -0.341149 -0.129651 0.0779273
 0.0158694 -0.396084 -0.0129559 0.0394001
 0.0071657 -0.256169 -0.261569 0.113248
 0.0101365 -0.273555 -0.235233 0.110646
 0.0139609 -0.30761 -0.182519 0.0991139
 0.0191282 -0.403923 -0.081119 0.0729332
 0.0226596 -0.495662 0.0618277 0.025816
 0.0135521 -0.318377 -0.195139 0.104645
 0.017904 -0.370221 -0.130633 0.0894145
 0.022952 -0.444029 -0.0290612 0.0597648
 0.0256234 -0.547033 0.131668 0.0053923
 0.0225262 -0.439488 -0.0518131 0.0691389
 0.0269386 -0.530139 0.0734415 0.030347
 0.0279555 -0.590331 0.214139 -0.0219222
 0.0296541 -0.61322 0.206014 -0.0141147
 0.0289594 -0.610107 0.298153 -0.0544827
 0.0246758 -0.614554 0.38549 -0.0927379

Fourier series term #4
 8.59433e-06 0.00147782 0.000594356 -5.78132e-05
 1.00947e-05 0.00141722 0.000704503 -7.74536e-05
 -6.44645e-07 -5.3421e-05 -5.64859e-05 6.5822e-06
 6.15559e-05 0.00542732 0.00380586 -0.000571643
 -7.26578e-05 -0.00607231 -0.00457756 0.000821654
 -2.79693e-05 -0.00317025 -0.00231209 0.000497594
 0.000187036 0.0145721 0.00944142 -0.00257185
 -6.4802e-05 -0.0139234 -0.00599138 0.00219966
 -2.69501e-05 -0.0182452 -0.00537406 0.00243403
 5.98321e-05 -0.0029078 -0.000411847 0.00026746
 4.84565e-05 0.0166039 -0.00178419 -0.000355119
 0.000130884 0.0183359 -0.00589321 0.00107067
 -0.000283712 -0.032107 -0.0188954 0.00236682
 0.000118832 0.015864 0.00886721 -0.00135418
 0.000379938 0.0312908 0.0241479 -0.00397534
 -6.5745e-05 -0.0120919 -0.00395537 0.00107989
 1.18378e-05 -0.00436158 -0.00102118 0.000394553
 4.57536e-05 0.00104349 0.00156908 -0.000380051
 -5.01634e-06 -0.00136734 -0.000586808 0.000205477
 -1.19247e-05 -0.00266245 -0.00274672 0.000879228
 4.55256e-06 -0.00411932 -0.00349973 0.00126553
 2.22184e-05 -0.00358474 -0.00181591 0.000775462
 -1.85864e-05 -0.00265157 0.000443488 -2.90677e-05
 0.00027046 0.0263335 0.0216421 -0.00335063
 0.00050959 0.0456089 0.039682 -0.00686159
 0.000533218 0.0338123 0.0374392 -0.00712275
 0.000137201 -0.0129745 0.00749873 -0.000700905
 5.44382e-05 -0.0189046 -0.00470274 0.00188479
 1.99923e-05 -0.00838675 -0.00594811 0.00182776
 -1.81363e-05 -0.0125637 -0.00688921 0.00248171
 3.23591e-06 -0.0187865 -0.00527908 0.00252985
 8.77378e-05 -0.02428 -0.00138659 0.00167268
 0.000113159 -0.0253317 0.00336977 6.5231e-06
 0.000776476 0.0483506 0.0519487 -0.00976683
 0.000774653 0.0462513 0.056653 -0.0117135
 0.000590186 0.0193862 0.0387212 -0.00872224
 0.000167751 -0.027148 0.000462077 0.00115449
 -0.000101768 -0.0511593 -0.0151832 0.00692105
 -4.86869e-05 -0.0584348 -0.0167935 0.00827996
 9.31112e-05 -0.0357567 -0.0122549 0.00580986
 0.000128007 -0.0177057 -0.00901713 0.00380507
 0.000245435 -0.0383544 0.00262276 0.00108132
 0.000845331 0.0382316 0.059909 -0.0134794
 0.000825187 0.0408376 0.0580721 -0.015126
 0.000167295 -0.0227923 0.0220953 -0.0045383
 -2.11557e-05 -0.0711414 -0.0111693 0.00717105
 0.000117887 -0.104194 -0.0175023 0.0117764
 0.000371313 -0.0886652 -0.0127954 0.0098078
 0.000600047 -0.0698881 -0.00664673 0.00673503
 0.000646218 -0.0691082 0.0066617 0.00187715
 0.000418872 0.000860733 0.0470657 -0.0119192
 0.00011346 -0.0100361 0.0365443 -0.0100709
 -0.000107508 -0.054689 0.009414 -9.68627e-05
 7.74205e-05 -0.0955428 -0.00113915 0.00637213
 0.000590823 -0.134458 0.00421401 0.00785896
 0.00140341 -0.158974 0.0186409 0.00503285
 0.00146982 -0.133688 0.0303332 -0.00149504
 -8.03203e-05 -0.0257013 0.0334027 -0.00951626
 -0.00040204 -0.0573991 0.023803 -0.00504737
 -0.000194397 -0.0859939 0.0184184 -0.00101896
 9.7862e-05 -0.0984706 0.0201578 -0.000489312
 0.00161925 -0.187876 0.0472984 -0.00249273
 0.00167789 -0.185343 0.0696582 -0.0117003
 -0.000677545 -0.080794 0.0287595 -0.00527774
 -0.000747474 -0.0788358 0.0286743 -0.00538371
 -0.000296808 -0.11257 0.0398983 -0.00612509
 0.000136207 -0.132351 0.0530008 -0.00921304
 0.000665212 -0.207921 0.105369 -0.0229813
 -0.000664999 -0.120373 0.043282 -0.00679483
 -0.000868698 -0.110908 0.0469804 -0.00905308
 -0.000784669 -0.119952 0.0578584 -0.0123817
 -0.000256136 -0.201055 0.115251 -0.0274047
 -0.00125468 -0.119143 0.0598515 -0.0132799
 -0.00113558 -0.14476 0.0818463 -0.0193718
 -0.00121867 -0.197827 0.128017 -0.0329154
 -0.00150127 -0.188182 0.121447 -0.0310175
 -0.00336225 -0.219757 0.162633 -0.0452862
 -0.00640492 -0.221442 0.181807 -0.0538198

Fourier series term #5
 7.7297e-07 0.000146513 5.23117e-05 -5.07134e-06
 -4.76284e-06 -0.000623612 -0.000326326 3.53063e-05
 9.38078e-06 0.00100663 0.000622934 -8.05642e-05
 -7.46573e-06 -0.000541058 -0.000438011 6.51473e-05
 -3.66613e-05 -0.00306228 -0.00226205 0.000404246
 7.06606e-05 0.00546815 0.00402071 -0.000878849
 -2.37931e-05 -0.0020979 -0.00126161 0.000357763
 -3.83964e-05 -0.00551105 -0.0025887 0.000917663
 1.6818e-05 0.00296916 0.000690323 -0.000353037
 1.26471e-05 0.00941566 0.000993653 -0.000816046
 -1.67858e-06 0.0062134 -0.000558791 -0.000154771
 8.51029e-06 -0.00394058 0.00140346 -0.000266131
 -5.54077e-05 -0.0102437 -0.0043879 0.000608544
 -0.000136312 -0.010275 -0.00835116 0.00117017
 9.54125e-05 0.0127332 0.00738785 -0.00129148
 9.7611e-05 0.00440394 0.00496391 -0.000939072
 -3.64645e-05 -0.00399168 -0.00214735 0.000567268
 -1.51027e-05 -0.00162684 -9.5955e-05 0.000132695
 2.67475e-05 0.0019299 0.000587837 -0.000260797
 1.07425e-05 -7.1272e-05 -0.000816634 0.000222981
 4.61752e-06 -0.00132463 -0.000486961 0.000224202
 -7.65016e-06 -5.78073e-05 0.00061501 -0.000192317
 -8.68071e-06 0.00188552 6.62989e-06 -0.000104806
 -7.5048e-05 -0.00489255 -0.00456756 0.000695232
 0.000230348 0.0286969 0.0183759 -0.00350926
 0.000254795 0.0290061 0.0230083 -0.0046968
 0.000187195 0.0103616 0.0130318 -0.00283231
 3.13771e-06 -0.0133009 -0.00238639 0.00125676
 4.81531e-05 -0.00290914 0.00215874 -0.000354295
 5.9946e-05 0.00526074 0.00272365 -0.0010388
 4.98808e-05 0.0095447 0.000357037 -0.000641039
 0.000104808 0.00349321 -0.0020629 0.000502989
 0.000210444 -0.00999981 0.00158502 3.56319e-05
 0.000177562 0.0197676 0.0166914 -0.00328127
 0.000386967 0.0394954 0.0326233 -0.00730454
 0.000472003 0.0378694 0.0372261 -0.00922816
 0.000162011 -0.00470488 0.0132453 -0.00273606
 0.000149909 -0.0114365 0.00139269 0.00037142
 0.000150843 -0.0121225 -0.000555616 0.00100478
 9.32371e-05 -0.00148066 0.00247996 -0.00058415
 6.73144e-05 -0.00153739 0.0022763 -0.000539459
 0.000246446 -0.016768 0.0047253 -0.000524975
 0.000438711 0.0355716 0.0378345 -0.00894345
 0.000544193 0.0480246 0.0506829 -0.0135197
 0.000505943 0.0419939 0.0440813 -0.0133954
 0.000206312 -0.0143826 0.0165942 -0.00371964
 0.000276694 -0.0344095 0.0069617 0.000283658
 0.000310383 -0.0337966 0.00737453 0.000137231
 0.000326945 -0.0362732 0.0118663 -0.00130002
 0.000431332 -0.0367618 0.013782 -0.00222814
 0.00062864 0.0529775 0.0575262 -0.0169542
 0.000382465 0.0573132 0.0576668 -0.0189127
 9.20974e-05 0.0132617 0.0412383 -0.0135505
 6.84691e-06 -0.0145127 0.0310357 -0.00877257
 0.000265577 -0.0407846 0.023337 -0.00465991
 0.000731303 -0.0790526 0.0315239 -0.00494445
 0.00048277 -0.0764544 0.0379876 -0.00781736
 7.57315e-05 0.0478218 0.0645177 -0.0223468
 -0.000272395 0.0367526 0.0490769 -0.0187343
 -0.000716827 0.0371491 0.0473148 -0.0192373
 -0.00059282 -0.0126166 0.0426954 -0.0142832
 -0.000161644 -0.0624039 0.0495154 -0.0130233
 -0.000217228 -0.0733774 0.0549784 -0.0147465
 -0.00127641 0.0446859 0.0574129 -0.0243763
 -0.00152963 0.0273993 0.0521672 -0.0218413
 -0.0018147 0.0215008 0.0428644 -0.0186178
 -0.00212852 0.00815429 0.0387563 -0.0163592
 -0.0020266 -0.0416492 0.0552642 -0.0184315
 -0.00196367 0.0139282 0.0506306 -0.0208554
 -0.00260938 0.02747 0.0392823 -0.018545
 -0.00327144 0.0288529 0.0304701 -0.015725
 -0.00309179 0.00654417 0.0278432 -0.012538
 -0.00346779 0.0186232 0.0411671 -0.0190775
 -0.00429879 0.0526516 0.0117906 -0.0112694
 -0.0041659 0.0307004 0.0106895 -0.00842525
 -0.00506797 0.0432915 0.00834463 -0.00915298
 -0.00483619 0.0269225 0.00704314 -0.00668378
 -0.00560959 0.00184528 0.0203629 -0.00959092


