**************************************************************
***  MERIS LUT-169: Fourier series terms (s0,..,s5)[TERM]] ***
***                 of polynomial coefficients (k0,..,k3)  ***
***                 for each of 81 aerosol models [IAER],  ***
***                 & for each of 78 geometries [SVZA]     ***
***  - - - - - - - - - - - - - - - - - - - - - - - - - - - ***
***  => useful for multiplicative aer.scat.fct. retrieval  ***
**************************************************************

12 Gaussian angles (deg): SZA/VZA
------------------------         

 2.84 17.64 28.77 36.19 43.61 51.03 58.46 65.88 69.59 73.30 77.01 80.72

Coefficients: [SVZA x (k0,k1,k2,k3)]
------------   

 Aerosol model #5
 - - - - - - -  

Fourier series term #0
 1.00448 0.88901 0.412637 -0.0214827
 1.0066 1.06558 0.565132 -0.0363069
 1.00913 1.16021 0.711384 -0.0621831
 1.01091 1.15849 0.788378 -0.0880416
 1.01732 1.5038 1.17645 -0.169755
 1.02711 2.04875 1.7527 -0.326086
 1.03257 2.55345 2.11552 -0.508616
 1.0278 3.35494 2.1593 -0.685041
 1.0166 3.84445 1.81892 -0.688924
 0.998888 4.36903 1.09039 -0.560924
 0.981846 4.91237 -0.0659118 -0.248884
 0.993165 5.30321 -1.48971 0.237666
 1.00781 1.06579 0.619031 -0.0480229
 1.01125 1.24229 0.840942 -0.0846401
 1.01581 1.48584 1.12879 -0.140946
 1.02076 1.75177 1.43693 -0.226013
 1.02597 2.1319 1.77229 -0.3534
 1.02787 2.69225 2.03265 -0.51651
 1.0183 3.48205 1.93 -0.644283
 1.00547 3.96296 1.54704 -0.62505
 0.986917 4.52632 0.820789 -0.487609
 0.969364 5.12609 -0.321442 -0.172416
 0.980824 5.52233 -1.72678 0.315259
 1.01752 1.48314 1.16608 -0.149618
 1.02267 1.72547 1.45552 -0.227182
 1.02811 2.03694 1.76855 -0.338715
 1.03215 2.40464 2.01635 -0.475245
 1.03178 2.88038 2.11405 -0.621053
 1.02064 3.54382 1.85101 -0.709895
 1.00843 3.99715 1.46367 -0.684294
 0.991471 4.54849 0.781802 -0.554584
 0.976313 5.11286 -0.29365 -0.254437
 0.989873 5.48058 -1.61977 0.211397
 1.02471 1.98754 1.66883 -0.295794
 1.02694 2.31444 1.88609 -0.396602
 1.02665 2.70667 2.00713 -0.507868
 1.02065 3.23236 1.96189 -0.612245
 1.00238 3.8857 1.50823 -0.629008
 0.986553 4.30374 1.01186 -0.554453
 0.966842 4.77598 0.238906 -0.373343
 0.949306 5.35804 -0.873133 -0.0434714
 0.96018 5.83225 -2.22452 0.439963
 1.03155 2.5827 2.04843 -0.505044
 1.03072 2.96323 2.09534 -0.607835
 1.0242 3.46193 1.97752 -0.695078
 1.00581 4.09032 1.46015 -0.685239
 0.990493 4.50613 0.936516 -0.596151
 0.972235 4.93459 0.145713 -0.398253
 0.958414 5.39198 -0.941566 -0.0599356
 0.975133 5.71828 -2.20277 0.4071
 1.02717 3.32227 2.03733 -0.684109
 1.01769 3.8088 1.80718 -0.733474
 0.996704 4.43606 1.19923 -0.681092
 0.980595 4.83548 0.6399 -0.568464
 0.96223 5.30615 -0.182459 -0.351077
 0.950151 5.76172 -1.29322 0.00760795
 0.971648 5.99479 -2.52286 0.480295
 1.00457 4.23748 1.45475 -0.7307
 0.980894 4.88841 0.755676 -0.631312
 0.963819 5.28724 0.162513 -0.49382
 0.945607 5.7475 -0.698311 -0.247195
 0.936764 6.2073 -1.8245 0.131644
 0.96408 6.4701 -3.04307 0.610134
 0.953903 5.52113 -0.0348559 -0.471474
 0.937104 5.9447 -0.694445 -0.296139
 0.923895 6.27985 -1.56373 -0.015892
 0.918914 6.76783 -2.66172 0.367281
 0.956455 7.01894 -3.83506 0.843766
 0.923569 6.23456 -1.3547 -0.0978437
 0.910958 6.66174 -2.20903 0.17916
 0.910763 7.16147 -3.31066 0.572341
 0.959048 7.22529 -4.34285 1.01946
 0.901059 7.13644 -3.08582 0.472398
 0.911859 7.47542 -4.08554 0.852104
 0.972029 7.4121 -4.95208 1.25117
 0.937244 7.61119 -4.88597 1.17973
 1.01266 7.51077 -5.59807 1.5221
 1.1058 7.15683 -5.93423 1.73092

Fourier series term #1
 -0.000366166 -0.0643732 -0.0339019 0.00180617
 -0.000248737 -0.0190979 -0.0176655 0.000889606
 -0.000143504 0.00698382 -0.00445687 0.000104204
 -0.000182796 0.0105427 -0.00578615 0.000517063
 -0.00167604 -0.0987826 -0.105437 0.0153794
 -0.0013124 -0.0570589 -0.0719988 0.0143714
 -0.000997519 -0.0560434 -0.0489865 0.0142563
 -0.000355313 -0.0586599 -0.00767322 0.00785731
 -2.05334e-05 -0.0642379 0.0166142 0.00200309
 0.000174784 -0.0612048 0.0439799 -0.00685727
 -0.000150236 -0.0433226 0.0650447 -0.016229
 -0.00132908 -0.0107027 0.0650853 -0.0201115
 -0.00100382 -0.0333155 -0.0567715 0.00331008
 -0.00243842 -0.0888559 -0.139056 0.0132676
 -0.00433102 -0.175528 -0.248657 0.0317038
 -0.0060447 -0.267124 -0.344716 0.0576847
 -0.00729735 -0.381684 -0.410584 0.0900839
 -0.00594176 -0.41044 -0.307615 0.0947508
 -0.00228958 -0.359858 -0.0374558 0.0458775
 -0.000802197 -0.354313 0.106778 0.00822055
 -0.000491957 -0.322073 0.253564 -0.0405433
 -0.00326242 -0.223818 0.361023 -0.0891795
 -0.0108227 -0.0445214 0.349027 -0.106073
 -0.00583399 -0.236053 -0.326373 0.042852
 -0.00796026 -0.321182 -0.43012 0.0710852
 -0.00950233 -0.41548 -0.498259 0.104478
 -0.00941384 -0.496892 -0.473594 0.128142
 -0.00757753 -0.600648 -0.349609 0.131143
 -0.00307855 -0.6497 -0.0466725 0.0728126
 -0.000663162 -0.591336 0.182915 0.00398721
 -0.000278565 -0.471784 0.410522 -0.0814543
 -0.00429257 -0.31588 0.556274 -0.154744
 -0.0146104 -0.0911947 0.543475 -0.181992
 -0.00940628 -0.435254 -0.514543 0.100747
 -0.00982206 -0.523628 -0.526313 0.127506
 -0.00889913 -0.613381 -0.452307 0.141786
 -0.00641399 -0.679559 -0.259386 0.124102
 -0.00293347 -0.715296 0.0490968 0.0566866
 -0.00199702 -0.679919 0.247196 -0.00421677
 -0.00357934 -0.58095 0.436872 -0.0773096
 -0.0104458 -0.393456 0.555955 -0.142201
 -0.0254514 -0.0487675 0.489191 -0.155393
 -0.0103873 -0.63146 -0.512603 0.151968
 -0.00849518 -0.700701 -0.37603 0.147812
 -0.0053676 -0.749125 -0.140968 0.109468
 -0.00184372 -0.720788 0.206361 0.0152316
 -0.0012969 -0.696298 0.390624 -0.0477413
 -0.00322379 -0.602566 0.554033 -0.118201
 -0.00997325 -0.420679 0.639274 -0.17572
 -0.0235771 -0.130187 0.565278 -0.18521
 -0.00623201 -0.775308 -0.216095 0.128293
 -0.0032834 -0.793386 0.0456143 0.068616
 -0.0012151 -0.709221 0.377179 -0.0386798
 -0.0019638 -0.631579 0.532179 -0.102204
 -0.00554607 -0.512822 0.650211 -0.163532
 -0.0137319 -0.310527 0.672624 -0.202753
 -0.026883 -0.0303309 0.534976 -0.18809
 -0.00183604 -0.770184 0.290662 -0.00504958
 -0.00270823 -0.661312 0.557541 -0.108289
 -0.00563344 -0.537289 0.665132 -0.165034
 -0.0112555 -0.38079 0.706782 -0.206078
 -0.0211329 -0.151247 0.658606 -0.222372
 -0.0341584 0.155066 0.445645 -0.179307
 -0.00763795 -0.480786 0.71067 -0.190384
 -0.0126779 -0.368513 0.740826 -0.222575
 -0.0200402 -0.21977 0.707658 -0.23678
 -0.0311685 0.0648641 0.555739 -0.217563
 -0.0425377 0.391187 0.267616 -0.142912
 -0.0196917 -0.24349 0.719421 -0.237827
 -0.0284243 -0.0381555 0.625677 -0.23321
 -0.0391227 0.194794 0.448922 -0.196879
 -0.0491496 0.526854 0.121718 -0.104219
 -0.0373424 0.137068 0.494371 -0.207543
 -0.0475954 0.392771 0.264964 -0.150016
 -0.0535294 0.660762 -0.0614199 -0.0475658
 -0.0542664 0.606866 0.0134667 -0.0754624
 -0.0546949 0.785043 -0.269243 0.0226658
 -0.047185 0.876107 -0.485269 0.104957

Fourier series term #2
 -4.92787e-05 -0.00983796 -0.00462857 0.000248822
 -4.63176e-05 -0.00666105 -0.0038975 0.000254016
 5.46074e-06 0.00166135 0.00109345 -0.000120505
 -5.4668e-05 -0.00405812 -0.00274079 0.000266563
 1.59382e-05 0.00206014 0.00290139 -0.000510186
 -5.40367e-05 0.00269649 0.00114283 -0.00041975
 -0.000494965 -0.0229733 -0.022891 0.00518882
 -6.91115e-05 0.0257879 0.0146728 -0.00494378
 -0.000180568 0.0371849 0.0152336 -0.00618447
 -0.000402777 0.00531394 -0.00278896 0.000427355
 -0.000283192 -0.0435203 -0.00389039 0.00360379
 -0.000476342 -0.0505525 0.0118646 -0.00148971
 -0.000271197 -0.0377064 -0.0248213 0.00175611
 0.000619967 0.040454 0.0385354 -0.00471801
 0.00114245 0.0786952 0.0704822 -0.0106528
 0.00058422 0.0394912 0.0220009 -0.0071437
 -0.000377114 -0.0157511 -0.0596058 0.0049366
 -0.00116358 -0.0488767 -0.131679 0.0228044
 -0.000767411 -0.0341065 -0.136256 0.0315589
 -0.000155885 -0.0431473 -0.131859 0.0352257
 0.000859079 -0.0538445 -0.111506 0.0340655
 0.00204341 -0.0640742 -0.07152 0.025257
 0.00259249 -0.0742962 -0.0200722 0.00982679
 0.00100951 0.0529467 0.050618 -0.00954891
 0.000903916 0.0585223 0.0317814 -0.0110924
 0.000306813 0.0598026 -0.0201605 -0.0069185
 -0.0011972 0.0228701 -0.135973 0.0152723
 -0.00269781 -0.0413821 -0.278938 0.0561168
 -0.00250206 -0.12705 -0.380351 0.103966
 -0.000897619 -0.156252 -0.365681 0.11346
 0.00169016 -0.17068 -0.297491 0.104337
 0.00468948 -0.201296 -0.194346 0.0796979
 0.00627921 -0.231083 -0.0674209 0.0396561
 0.000516938 0.0519102 -0.0199203 -0.0081558
 -0.000548879 0.0241102 -0.123805 0.00762262
 -0.00116577 0.0153011 -0.228464 0.0308026
 -0.00134541 -0.037487 -0.362558 0.0738307
 0.000876187 -0.197545 -0.473639 0.131741
 0.00406776 -0.280196 -0.456912 0.145168
 0.00884828 -0.367028 -0.376353 0.138111
 0.0139864 -0.4312 -0.216889 0.0985889
 0.0156103 -0.428839 -0.0259681 0.0341346
 -0.00190411 0.0143582 -0.242666 0.0323781
 -0.00270043 -0.00540262 -0.382104 0.0711906
 -0.00267223 -0.0938461 -0.539978 0.132278
 0.000891021 -0.217818 -0.617725 0.188731
 0.00501883 -0.316641 -0.593743 0.203683
 0.0112282 -0.454806 -0.49352 0.195402
 0.0185226 -0.606244 -0.288837 0.146118
 0.0219269 -0.701566 -0.0144873 0.0556882
 -0.00300954 -0.0903859 -0.558755 0.130737
 -0.00102159 -0.182423 -0.695496 0.195443
 0.00527419 -0.339561 -0.732185 0.248491
 0.0111673 -0.459631 -0.671799 0.255109
 0.0192625 -0.596006 -0.529103 0.23258
 0.0282068 -0.760362 -0.281368 0.167338
 0.0327384 -0.914449 0.0509387 0.0566437
 0.00339254 -0.336682 -0.810167 0.264146
 0.0128459 -0.525317 -0.780051 0.301785
 0.020752 -0.680767 -0.683488 0.298415
 0.0307861 -0.840549 -0.484492 0.25619
 0.040152 -0.976947 -0.190486 0.167737
 0.0448847 -1.16682 0.187544 0.038314
 0.0278194 -0.836254 -0.6843 0.324415
 0.0375892 -0.993909 -0.525975 0.296571
 0.047173 -1.11269 -0.278551 0.226646
 0.058536 -1.37175 0.0803325 0.118802
 0.0599098 -1.53189 0.498902 -0.0363714
 0.0450629 -1.11222 -0.346626 0.253186
 0.0561561 -1.32543 -0.077348 0.180241
 0.067153 -1.63432 0.327891 0.0551624
 0.0638792 -1.66885 0.688205 -0.0939721
 0.0686473 -1.6375 0.250221 0.0902638
 0.0749876 -1.80183 0.609379 -0.0367485
 0.0675787 -1.8408 0.957093 -0.184312
 0.0759635 -1.93641 0.939517 -0.159443
 0.0633344 -1.98339 1.25858 -0.29707
 0.043581 -2.00792 1.50706 -0.408362

Fourier series term #3
 5.14017e-05 0.0100915 0.00470873 -0.000245031
 4.10306e-05 0.00620476 0.00355173 -0.000232473
 -5.49578e-05 -0.00651178 -0.00429658 0.00038025
 -1.69404e-05 -0.00158593 -0.00112809 0.000125615
 0.000125957 0.0103179 0.00873362 -0.00125343
 -0.000284665 -0.0201283 -0.0181398 0.00336513
 0.000107346 0.00904544 0.0081456 -0.0019598
 0.000194187 0.026017 0.0177121 -0.00557401
 -0.000125168 -0.0181008 -0.00936235 0.00346844
 -5.02072e-05 -0.0543022 -0.0152747 0.00748542
 3.8364e-05 -0.035278 -0.000116012 0.00192471
 -0.000212529 0.0275533 -0.0063503 0.000656778
 -7.10684e-05 -0.0116901 -0.00683121 0.000615191
 -0.000530494 -0.0494688 -0.0392838 0.00408037
 0.000107772 0.0128648 0.0113861 -0.00102742
 0.000747477 0.0557513 0.0575266 -0.00817186
 0.000302852 0.0117086 0.0243505 -0.00399976
 -0.000207713 -0.0291832 -0.0145077 0.00333726
 -8.76098e-05 0.0120183 0.00214957 -0.00228983
 -0.000224457 0.0025032 -0.00898299 0.00103118
 -0.000210742 -0.0116231 -0.0157559 0.00406338
 -0.000132365 -0.00750002 -0.0138067 0.0037262
 -4.98764e-05 0.010435 -0.0162739 0.00407581
 9.70423e-05 -0.000487349 0.0078716 -0.000215622
 0.000624306 0.0292878 0.0458667 -0.00551566
 0.000971606 0.0427396 0.0723631 -0.011322
 0.00125111 0.0612839 0.0937049 -0.019872
 0.000396552 0.0263544 0.0456579 -0.0134798
 -0.000815262 -0.0322656 -0.0369159 0.0081316
 -0.000996382 -0.0229686 -0.0548406 0.0136503
 -0.00102084 0.0115075 -0.0609244 0.015087
 -0.000750544 0.0214346 -0.0709838 0.0197887
 0.000149959 0.00303541 -0.0678792 0.0220143
 0.000734594 0.0288243 0.0622271 -0.00823365
 0.00127697 0.0649468 0.108555 -0.0197429
 0.000885064 0.055686 0.0974013 -0.0226254
 0.000181146 0.0600635 0.0712326 -0.0231364
 -0.000744684 0.0544721 -0.00343692 -0.00903782
 -0.000850791 0.0189996 -0.0581427 0.00813254
 5.87853e-05 -0.0573423 -0.0947963 0.0259091
 0.00116564 -0.0516851 -0.0940534 0.0283252
 0.00259495 -0.0130405 -0.0932216 0.0284
 0.00134752 0.0579783 0.116728 -0.0260693
 0.000661138 0.0470131 0.0960567 -0.027015
 -2.40627e-05 0.109269 0.0825897 -0.0339738
 -0.00165167 0.0985449 -0.0172632 -0.0099738
 -0.00207447 0.0884722 -0.0808032 0.00989205
 -0.00146279 0.0351911 -0.138568 0.0344128
 0.000658233 -0.0260655 -0.160413 0.0500477
 0.00404562 -0.0878403 -0.133372 0.0484364
 0.000198591 0.0921292 0.0956497 -0.0360002
 -0.00118628 0.119023 0.0409773 -0.0288212
 -0.00256384 0.128635 -0.0653415 -0.000297585
 -0.00277994 0.132711 -0.130855 0.0215685
 -0.00173715 0.119024 -0.191883 0.0465049
 0.00126138 0.0581834 -0.221787 0.0666838
 0.00624782 -0.0432438 -0.187711 0.0669125
 -0.00277609 0.119749 -0.0442103 -0.00777147
 -0.00374385 0.164039 -0.14722 0.0226611
 -0.00296201 0.131374 -0.221474 0.0532622
 -0.00171716 0.158311 -0.260741 0.0699102
 0.00224564 0.0975155 -0.284433 0.089602
 0.00872423 -0.00920804 -0.237434 0.0867075
 -0.00267523 0.113788 -0.265081 0.0708356
 -0.00176274 0.148206 -0.301379 0.0854146
 0.000802215 0.146763 -0.328293 0.101295
 0.00657751 0.0718032 -0.323142 0.11287
 0.0139713 -0.00638007 -0.270109 0.104988
 1.28299e-05 0.142436 -0.331628 0.102151
 0.00367273 0.117531 -0.347182 0.116288
 0.00978059 0.0621691 -0.335299 0.123052
 0.0175105 -0.0735524 -0.225458 0.0976207
 0.00831198 0.0857468 -0.350091 0.125253
 0.0154386 -0.0234059 -0.283484 0.115646
 0.021984 -0.120485 -0.172817 0.0843506
 0.0214825 -0.119649 -0.193531 0.0937509
 0.0267995 -0.113168 -0.144549 0.0750659
 0.0297277 -0.150274 -0.0603438 0.045104

Fourier series term #4
 1.8203e-05 0.00371874 0.00165247 -8.45363e-05
 2.07928e-05 0.00329196 0.00180781 -0.000119558
 -1.97037e-05 -0.00255603 -0.00162146 0.000144252
 5.37599e-05 0.00521775 0.00380182 -0.000426235
 -5.84297e-05 -0.00504753 -0.0043281 0.000625817
 -2.24256e-05 -0.00312714 -0.00257418 0.000470401
 0.000273171 0.0177085 0.0155091 -0.00369803
 -0.00010638 -0.0208593 -0.014056 0.00445064
 -3.1357e-05 -0.0287389 -0.014566 0.0054142
 0.000134496 -0.00415971 -0.00122707 0.000550483
 5.76411e-05 0.0321777 0.000655732 -0.00202304
 0.000186198 0.0377084 -0.00913423 0.00118296
 -3.89134e-06 -0.00232231 -0.000662033 8.38321e-05
 -3.1611e-05 -0.00815534 -0.00439582 0.000447676
 -0.000340969 -0.0285291 -0.0255106 0.00304236
 1.76507e-05 0.00762093 0.00347662 -0.00042561
 0.000407738 0.0324189 0.0302089 -0.00550335
 -1.37431e-05 -0.0115152 -0.00480851 0.00144937
 6.99321e-06 -0.0112371 -0.00237414 0.00140525
 4.82631e-05 -0.00824573 -0.000426882 0.000661279
 5.84668e-05 -0.000537211 0.000126365 -6.08602e-05
 9.13115e-07 0.00993183 -0.000747761 -0.000354071
 -1.92561e-05 0.0125477 -0.00256932 0.00025619
 -0.000615409 -0.0493943 -0.0439298 0.00543861
 -0.000385364 -0.0253102 -0.0262016 0.00400328
 0.000229858 0.0161923 0.0157171 -0.00241276
 0.000603479 0.0364805 0.0436252 -0.00805326
 0.000665093 0.0292355 0.0479353 -0.0107258
 0.000231019 -0.0158598 0.0123646 -0.00200024
 0.000118781 -0.032813 0.00258953 0.00147069
 5.23546e-05 -0.0204611 0.00942784 -0.00145858
 -0.000125351 -0.00927785 0.00983738 -0.00265479
 -0.000208482 -0.00633032 0.00376165 -0.000977996
 5.915e-05 0.00187746 0.00247871 3.17339e-05
 0.000240728 0.0132461 0.0204889 -0.00221133
 0.000561105 0.0300075 0.0497289 -0.00831008
 0.000747908 0.0552912 0.0778639 -0.0178163
 0.000261991 0.0175619 0.0614655 -0.0155214
 0.00016033 -0.0284803 0.035959 -0.00778843
 0.000133233 -0.0313457 0.0234995 -0.00542983
 -0.000101736 -0.0171235 0.0163097 -0.00463657
 -0.000104164 -0.0333864 0.0182748 -0.0046559
 0.000524196 0.00900205 0.0368889 -0.0049314
 0.00116774 0.0424356 0.0842311 -0.0175178
 0.00104881 0.0225903 0.0982291 -0.0223664
 0.000610169 0.063689 0.116939 -0.0356178
 6.97625e-06 0.0348329 0.0965085 -0.0307031
 -0.000618351 0.0247541 0.069119 -0.0241222
 -0.000884077 0.00112437 0.0396053 -0.0142473
 -0.00055947 -0.0648148 0.0404835 -0.01081
 0.00108226 0.00601511 0.0940995 -0.0195255
 0.00107047 0.0323938 0.136661 -0.0360636
 0.000186191 0.0710635 0.152852 -0.0501961
 -0.000793541 0.0769578 0.137253 -0.049465
 -0.00214202 0.0771927 0.112311 -0.0443865
 -0.00284779 0.0639739 0.0674699 -0.0300854
 -0.0028394 0.0386242 0.031359 -0.0156279
 0.00049226 0.0449868 0.165341 -0.0505556
 -0.00127481 0.0460605 0.175159 -0.0608117
 -0.00265768 0.067368 0.159663 -0.0610319
 -0.00524943 0.147362 0.129868 -0.0607687
 -0.00581271 0.0952337 0.0784648 -0.0396615
 -0.00741159 0.157003 0.00711952 -0.0184515
 -0.00448969 0.0761907 0.176933 -0.0709218
 -0.00688356 0.124674 0.156457 -0.0715546
 -0.00840775 0.10818 0.123939 -0.0606884
 -0.0119462 0.18992 0.0540007 -0.0438366
 -0.0129262 0.183828 -0.00995815 -0.0175964
 -0.00775895 0.0847112 0.140202 -0.0645103
 -0.0112686 0.159306 0.0951859 -0.0572632
 -0.0147844 0.227162 0.022875 -0.0373134
 -0.0143473 0.175596 -0.0172768 -0.0151176
 -0.0149933 0.21354 0.0477197 -0.0465916
 -0.0170109 0.229164 -0.010123 -0.0256886
 -0.0162082 0.183368 -0.0432754 -0.00609915
 -0.0174929 0.19679 -0.0344668 -0.012368
 -0.0180344 0.166864 -0.0542721 0.000175178
 -0.0180999 0.174927 -0.093492 0.0168337

Fourier series term #5
 1.05332e-06 0.000251719 9.40526e-05 -4.47137e-06
 -1.08359e-05 -0.00162426 -0.000928389 6.01705e-05
 1.4897e-05 0.00175025 0.00115823 -0.000101709
 1.20282e-06 0.000236138 0.000109057 -1.25028e-05
 -2.4688e-05 -0.00213858 -0.00169473 0.000243449
 8.42733e-05 0.00597174 0.0054118 -0.00100344
 -4.08051e-05 -0.00299576 -0.00267525 0.000655009
 -6.37349e-05 -0.00749181 -0.0052594 0.00162427
 3.04343e-05 0.00527495 0.0024522 -0.000958072
 1.32175e-05 0.0164752 0.00463155 -0.00227645
 -1.79157e-05 0.0115065 0.000416039 -0.000745437
 5.30313e-05 -0.00859615 0.00237557 -0.000338247
 -2.71662e-05 -0.00455681 -0.00235654 0.000201898
 8.3189e-05 0.00659295 0.00587443 -0.000543638
 -8.80791e-05 -0.00958451 -0.00717331 0.000873537
 -0.000167588 -0.0138537 -0.012858 0.00182642
 0.00017813 0.0190196 0.0147598 -0.00278308
 -8.36421e-05 -0.00926203 -0.00572518 0.00156475
 4.23611e-05 0.00775349 0.00338704 -0.00130614
 3.30133e-06 0.00208338 -0.00016351 -0.000114963
 2.48381e-05 -0.0104759 -0.0017694 0.00112882
 1.74214e-05 -0.00916618 0.0025818 -0.000236743
 -0.00011226 0.00613057 0.000489608 -0.000402544
 -0.000126292 -0.0160844 -0.010811 0.00133992
 -0.000389538 -0.0315171 -0.028791 0.00407485
 -0.000489598 -0.03139 -0.0330216 0.00580252
 0.000158206 0.018054 0.0115471 -0.00278227
 0.000419029 0.0370587 0.031306 -0.00829622
 7.65237e-05 -0.00822142 0.00346297 -9.39392e-05
 7.54787e-05 -0.0221228 -0.00533623 0.00310576
 0.000132384 -0.00515654 0.000829498 0.000274984
 9.24765e-05 0.00472077 0.00198776 -0.000808143
 0.000112854 -0.00398834 0.00289792 -0.000605952
 -0.000584933 -0.0464172 -0.0444091 0.0071305
 -0.000407063 -0.0291835 -0.0328628 0.00594053
 0.000105815 0.0168899 0.00853775 -0.00227775
 0.000154007 0.0284498 0.0240981 -0.00561763
 0.000111316 0.0449851 0.0312782 -0.00966831
 6.25716e-05 0.0189822 0.0178631 -0.00533793
 0.000142912 -0.00904163 0.0128915 -0.00270795
 0.000377152 -0.0322474 0.013574 -0.00188645
 0.000339364 -0.0285429 0.014503 -0.0029054
 -0.000284515 -0.0175429 -0.0229082 0.00465523
 -4.6677e-05 -0.00223971 -0.00363302 0.00147167
 0.000411309 0.0365044 0.0304962 -0.00839117
 0.000405807 0.0481591 0.0482536 -0.0147251
 0.000173877 0.0634825 0.0494059 -0.0175475
 -8.09579e-05 0.0468286 0.0382223 -0.0141597
 -3.14442e-05 0.00234075 0.0317113 -0.00985401
 0.000323654 -0.0402027 0.0317546 -0.00793442
 0.00020296 0.00979521 0.00935075 -0.00192334
 0.000508472 0.01857 0.0293419 -0.00720636
 0.000358059 0.0341931 0.0554257 -0.0166162
 0.000209359 0.05548 0.064205 -0.0221618
 -0.000512099 0.0927186 0.0550053 -0.0236647
 -0.000931692 0.0772589 0.0351344 -0.0168201
 -0.00113073 0.0540649 0.0244268 -0.011846
 0.000493782 0.00595306 0.0461981 -0.0113572
 0.000454156 0.0211398 0.0535541 -0.016513
 -0.000409728 0.0715273 0.0796497 -0.0303705
 -0.00117648 0.0755749 0.0692408 -0.0288783
 -0.00211075 0.0869502 0.0489909 -0.0240109
 -0.00353401 0.151932 -0.00261798 -0.0108509
 -0.000758255 0.0514031 0.0887614 -0.0330282
 -0.000979911 0.037845 0.0834205 -0.0313265
 -0.00220561 0.0699748 0.0688707 -0.0307742
 -0.00434352 0.124582 0.0392505 -0.0261892
 -0.00560905 0.152086 -0.00496344 -0.0120038
 -0.00148275 0.036494 0.0797419 -0.0316133
 -0.0031157 0.0867649 0.0606276 -0.0308187
 -0.00522684 0.127939 0.033808 -0.0257941
 -0.00643017 0.187329 -0.0358671 -0.0044845
 -0.00437588 0.0843642 0.0567769 -0.0303095
 -0.00715162 0.187811 -0.0147929 -0.0138658
 -0.00732431 0.198941 -0.0606184 0.00362386
 -0.0080281 0.194291 -0.0452635 -0.00308152
 -0.00678287 0.183929 -0.0752397 0.0108448
 -0.00595725 0.137576 -0.0653579 0.0119206
