**************************************************************
***  MERIS LUT-169: Fourier series terms (s0,..,s5)[TERM]] ***
***                 of polynomial coefficients (k0,..,k3)  ***
***                 for each of 81 aerosol models [IAER],  ***
***                 & for each of 78 geometries [SVZA]     ***
***  - - - - - - - - - - - - - - - - - - - - - - - - - - - ***
***  => useful for multiplicative aer.scat.fct. retrieval  ***
**************************************************************

12 Gaussian angles (deg): SZA/VZA
------------------------         

 2.84 17.64 28.77 36.19 43.61 51.03 58.46 65.88 69.59 73.30 77.01 80.72

Coefficients: [SVZA x (k0,k1,k2,k3)]
------------                        

 Aerosol model #76
 - - - - - - -  

Fourier series term #0
 1.02469 1.43567 0.371978 -0.0846407
 1.02827 1.64409 0.428047 -0.102946
 1.03088 1.80107 0.462162 -0.122335
 1.03307 1.93936 0.477846 -0.138975
 1.03546 2.10578 0.473018 -0.15644
 1.03761 2.29565 0.424148 -0.169534
 1.03861 2.50008 0.292932 -0.166773
 1.0369 2.70218 0.0185607 -0.123372
 1.03468 2.79357 -0.199233 -0.0722163
 1.03216 2.86684 -0.484126 0.00935345
 1.03206 2.89462 -0.826881 0.125971
 1.04218 2.8002 -1.14906 0.258726
 1.02916 1.7162 0.43375 -0.110878
 1.03231 1.88526 0.459388 -0.129683
 1.03493 2.02694 0.464082 -0.144839
 1.03773 2.18831 0.443433 -0.159399
 1.04032 2.36663 0.377078 -0.168498
 1.04171 2.55053 0.232055 -0.161449
 1.04043 2.72459 -0.0428944 -0.116001
 1.0385 2.80141 -0.252566 -0.0660601
 1.03638 2.86173 -0.522648 0.0119464
 1.03671 2.88032 -0.845068 0.122475
 1.047 2.78445 -1.14741 0.248284
 1.03534 2.01281 0.455103 -0.143286
 1.03835 2.14913 0.439852 -0.156423
 1.04158 2.3041 0.395674 -0.167808
 1.04428 2.46088 0.30306 -0.1715
 1.04549 2.61482 0.136761 -0.15799
 1.04392 2.75853 -0.146093 -0.107162
 1.04192 2.8228 -0.352586 -0.055873
 1.03986 2.87376 -0.613952 0.0218923
 1.04032 2.88801 -0.923559 0.130601
 1.05073 2.7947 -1.21225 0.253689
 1.0399 2.26938 0.373031 -0.150633
 1.04243 2.41162 0.295654 -0.151487
 1.04429 2.55912 0.171906 -0.14377
 1.04441 2.69788 -0.0208789 -0.118031
 1.04174 2.82881 -0.321255 -0.0556697
 1.03932 2.88931 -0.532002 0.000469767
 1.03699 2.93866 -0.794325 0.082094
 1.03749 2.95262 -1.09998 0.192675
 1.04832 2.86016 -1.37963 0.315045
 1.04362 2.51106 0.203476 -0.148845
 1.04478 2.63471 0.0589957 -0.132859
 1.04429 2.75993 -0.147934 -0.0992912
 1.04118 2.87858 -0.455541 -0.0293375
 1.03873 2.93488 -0.666465 0.0299921
 1.03662 2.98127 -0.925346 0.113644
 1.0377 2.99282 -1.22253 0.224217
 1.04941 2.89874 -1.48891 0.344144
 1.04506 2.72055 -0.103277 -0.107199
 1.04394 2.82842 -0.322091 -0.064869
 1.04059 2.9443 -0.636897 0.013353
 1.03825 2.9992 -0.848767 0.0765332
 1.03658 3.04333 -1.10472 0.162915
 1.03853 3.05161 -1.39328 0.274036
 1.05164 2.95229 -1.64287 0.390801
 1.04228 2.90745 -0.549797 -0.0123391
 1.0389 3.01689 -0.872333 0.0761428
 1.03701 3.07365 -1.086 0.14404
 1.03624 3.11743 -1.33886 0.233618
 1.03981 3.11976 -1.61494 0.344595
 1.05531 3.00831 -1.839 0.455697
 1.03633 3.10197 -1.19547 0.175708
 1.03553 3.15024 -1.40499 0.247743
 1.03669 3.18676 -1.64714 0.338972
 1.04324 3.17677 -1.89949 0.446452
 1.06278 3.04258 -2.07953 0.545461
 1.03568 3.18721 -1.607 0.320725
 1.03841 3.21061 -1.83502 0.410383
 1.04731 3.18509 -2.06331 0.51197
 1.0698 3.0312 -2.20701 0.599519
 1.04354 3.21139 -2.03655 0.494153
 1.05543 3.15976 -2.2272 0.585047
 1.08147 2.97634 -2.31892 0.654985
 1.07102 3.07043 -2.36158 0.657857
 1.10101 2.84491 -2.38016 0.70147
 1.13427 2.5702 -2.30641 0.709514

Fourier series term #1
 -0.000221969 -0.0124467 -0.00347616 0.000760836
 -0.000274492 -0.0126377 -0.0046628 0.00092073
 -0.000350946 -0.0140474 -0.00496158 0.00100384
 -0.000443747 -0.0165986 -0.00461058 0.00101185
 -0.000535722 -0.01818 -0.00278985 0.000705747
 -0.000621916 -0.0181826 0.00088648 -9.94881e-05
 -0.000687958 -0.0152241 0.00640055 -0.00160063
 -0.000730781 -0.00756538 0.0122641 -0.00369362
 -0.000767626 -0.00148183 0.0140777 -0.00467686
 -0.000837779 0.00624697 0.0138985 -0.00519918
 -0.000948849 0.0154728 0.0105465 -0.00474402
 -0.00103231 0.0253514 0.00322753 -0.00275651
 -0.0017154 -0.078794 -0.0261558 0.00549484
 -0.00230142 -0.0908695 -0.0265733 0.00576831
 -0.00282568 -0.100865 -0.0210927 0.00497234
 -0.00340054 -0.10856 -0.00792137 0.00246095
 -0.00389817 -0.104442 0.0152894 -0.00301869
 -0.00418581 -0.081178 0.0467477 -0.0122159
 -0.00431518 -0.0316788 0.0763437 -0.0238712
 -0.00444227 0.00457493 0.0835559 -0.0288859
 -0.00474233 0.0488924 0.0794024 -0.0311382
 -0.00520777 0.100229 0.0581062 -0.0279501
 -0.00552107 0.154626 0.0153799 -0.0163225
 -0.00414264 -0.146633 -0.0306603 0.0077509
 -0.00489431 -0.160246 -0.016424 0.00506998
 -0.00566659 -0.15914 0.00964903 -0.000808849
 -0.0062911 -0.141581 0.04644 -0.010646
 -0.00648188 -0.0957387 0.0887762 -0.0248211
 -0.00647003 -0.0148376 0.120387 -0.0404043
 -0.0065867 0.0397896 0.122764 -0.0459774
 -0.00683025 0.103159 0.109404 -0.047432
 -0.00744132 0.17602 0.0702728 -0.040119
 -0.00755886 0.250337 0.00414434 -0.0215176
 -0.00610015 -0.186341 0.00378518 0.000666074
 -0.00696048 -0.179175 0.0372337 -0.00770927
 -0.00749687 -0.143551 0.0787187 -0.0200971
 -0.00771305 -0.0790895 0.117861 -0.0349678
 -0.00785609 0.0212707 0.136423 -0.0482683
 -0.00808707 0.0855804 0.12872 -0.0513906
 -0.00863399 0.159965 0.100575 -0.0484075
 -0.00935141 0.242289 0.0456104 -0.0358171
 -0.00930811 0.324165 -0.0372895 -0.0108956
 -0.00801291 -0.172386 0.0723406 -0.0172695
 -0.00851497 -0.123463 0.112357 -0.0311037
 -0.00868793 -0.0396743 0.142971 -0.0459725
 -0.0089518 0.0746567 0.14491 -0.0563349
 -0.00932262 0.145025 0.125471 -0.0564089
 -0.0099507 0.224474 0.084593 -0.0496307
 -0.0105674 0.310389 0.0165855 -0.0325468
 -0.0101382 0.393561 -0.0786249 -0.0026204
 -0.00917974 -0.0730615 0.142017 -0.043583
 -0.00950121 0.0208909 0.155577 -0.0553729
 -0.00986086 0.14727 0.134801 -0.0603683
 -0.0103583 0.221309 0.101559 -0.0562348
 -0.0110058 0.302357 0.0466586 -0.0445325
 -0.0115211 0.38833 -0.0352097 -0.0218819
 -0.0104523 0.466957 -0.138996 0.0123258
 -0.0100543 0.107738 0.148069 -0.0615347
 -0.0108573 0.235928 0.0993101 -0.0578882
 -0.0114093 0.312199 0.0506356 -0.0482602
 -0.0120615 0.39351 -0.0191516 -0.0307144
 -0.0122141 0.475152 -0.112639 -0.00248606
 -0.0101997 0.543262 -0.220578 0.0352655
 -0.01195 0.346961 0.0236568 -0.0429731
 -0.0125611 0.416507 -0.038231 -0.0274002
 -0.0129253 0.492202 -0.120415 -0.00363471
 -0.0123432 0.565572 -0.222043 0.0298827
 -0.00886396 0.617287 -0.327043 0.0693712
 -0.0130884 0.477829 -0.104782 -0.00872744
 -0.0131768 0.544959 -0.189979 0.0178267
 -0.0118878 0.608426 -0.289911 0.0523664
 -0.00728038 0.647408 -0.387192 0.0907164
 -0.0125942 0.597744 -0.271954 0.0452817
 -0.0103863 0.645565 -0.364766 0.079404
 -0.0044251 0.666535 -0.447592 0.114307
 -0.00692816 0.671322 -0.441955 0.110187
 0.000640838 0.66678 -0.500056 0.137913
 0.00981089 0.630705 -0.522366 0.153864

Fourier series term #2
 -1.17906e-05 -0.000689728 -0.00017739 4.06032e-05
 -1.53727e-05 -0.000946012 -0.000264672 6.43961e-05
 1.06916e-06 -8.30778e-05 -9.27052e-05 2.35612e-05
 1.75692e-06 -0.00015246 -0.000173151 4.4939e-05
 3.40722e-06 -0.000208877 -0.000273631 7.36206e-05
 4.45084e-06 -0.000350026 -0.000396955 0.000114771
 4.38753e-06 -0.000616213 -0.000489053 0.000159552
 4.6864e-06 -0.000933382 -0.000430578 0.000172104
 5.09196e-06 -0.00110039 -0.0003043 0.000149655
 5.20399e-06 -0.00125243 -9.79957e-05 9.69617e-05
 3.42136e-06 -0.00133331 0.000169056 1.1737e-05
 -5.08567e-06 -0.00126247 0.000407562 -8.27113e-05
 -0.000287857 -0.0193964 -0.00569148 0.00147804
 -3.57165e-05 -0.00826473 -0.00505555 0.0013391
 6.97996e-05 -0.00611181 -0.00696889 0.00184924
 0.000106796 -0.00940656 -0.0107897 0.00300324
 0.000116405 -0.0155841 -0.0149 0.00450111
 9.18795e-05 -0.0250069 -0.0171854 0.00591237
 6.57455e-05 -0.0365054 -0.0140907 0.00613225
 6.93108e-05 -0.0419092 -0.00932079 0.0052317
 7.26423e-05 -0.0460925 -0.0021448 0.00334164
 1.45564e-05 -0.0479073 0.00675613 0.000440265
 -0.000279877 -0.0452705 0.014678 -0.00274739
 -0.00011158 -0.0248929 -0.0148391 0.00413862
 3.39441e-05 -0.0256442 -0.02114 0.00602625
 0.000144949 -0.0310441 -0.0289311 0.00865627
 9.095e-05 -0.0477617 -0.036631 0.0121011
 -4.3444e-05 -0.0710141 -0.0383608 0.0148293
 -0.00012294 -0.0956423 -0.0273384 0.0143221
 -0.000108048 -0.106376 -0.0151767 0.0117806
 -7.89278e-05 -0.114468 0.00179936 0.00708828
 -0.000211415 -0.117535 0.0218157 0.000345085
 -0.000877068 -0.111401 0.0395074 -0.0070205
 6.15595e-06 -0.0457589 -0.0327662 0.00976008
 6.30534e-05 -0.0614805 -0.042752 0.013578
 3.13886e-05 -0.0844563 -0.0486804 0.0171994
 -9.65014e-05 -0.117359 -0.0449158 0.019239
 -0.000105087 -0.150641 -0.023909 0.0164994
 -2.51178e-05 -0.164532 -0.00506245 0.0120544
 3.90251e-05 -0.174616 0.0193236 0.00494838
 -0.000136332 -0.178174 0.047198 -0.00475285
 -0.00111468 -0.169297 0.071047 -0.0149649
 -9.72472e-05 -0.0997021 -0.0551537 0.0194969
 -0.000208481 -0.134553 -0.05752 0.0232921
 -0.000285368 -0.171944 -0.0459565 0.0238932
 -0.000215179 -0.210687 -0.0142921 0.0184817
 -9.38051e-05 -0.226888 0.0108754 0.0121
 -1.33179e-05 -0.238579 0.04221 0.00255106
 -0.000264653 -0.242501 0.0772009 -0.0100284
 -0.00160296 -0.231046 0.106307 -0.0228972
 -0.000513357 -0.190629 -0.053618 0.0268499
 -0.000578021 -0.236183 -0.0324356 0.02535
 -0.000366422 -0.275492 0.0102325 0.0163987
 -0.000203309 -0.292816 0.0412217 0.00790739
 -0.000125591 -0.305854 0.0786521 -0.00405447
 -0.000521414 -0.310146 0.119322 -0.0191942
 -0.0022748 -0.296619 0.152444 -0.0344095
 -0.000693422 -0.299519 -0.000144649 0.0213687
 -0.000426691 -0.34455 0.0533763 0.00865154
 -0.000240531 -0.361167 0.0890498 -0.00198923
 -0.000245005 -0.373583 0.130765 -0.0161689
 -0.000884656 -0.377444 0.17505 -0.0334056
 -0.00319349 -0.36168 0.209606 -0.0501142
 -0.000280814 -0.407365 0.119178 -0.00805939
 -0.000245989 -0.428567 0.159721 -0.0208655
 -0.000508659 -0.440882 0.203869 -0.0368059
 -0.00163616 -0.441398 0.247497 -0.0549387
 -0.00477063 -0.42012 0.277778 -0.0712271
 -0.000385211 -0.454908 0.203028 -0.0347068
 -0.000934512 -0.469881 0.248161 -0.0512294
 -0.00245316 -0.46955 0.29029 -0.0693104
 -0.00613638 -0.444214 0.315577 -0.0843121
 -0.00189269 -0.488781 0.294099 -0.0681497
 -0.00397032 -0.489174 0.333844 -0.0855602
 -0.00835079 -0.460123 0.352248 -0.0983357
 -0.00679282 -0.490721 0.369618 -0.10145
 -0.0120043 -0.459268 0.379688 -0.111028
 -0.0180347 -0.426266 0.37989 -0.116378

Fourier series term #3
 -8.67561e-07 -5.03053e-05 -1.29405e-05 2.96259e-06
 -2.36656e-06 -0.000139398 -3.52168e-05 8.55439e-06
 -2.06998e-07 -1.11648e-05 -1.79516e-06 5.19973e-07
 3.13415e-09 2.15117e-06 2.39428e-06 -5.55958e-07
 1.34677e-07 1.05633e-05 4.80477e-06 -1.33306e-06
 -1.50489e-07 -7.61774e-06 5.65769e-07 1.3155e-07
 2.66535e-07 1.48656e-05 1.1998e-06 -7.60243e-07
 5.11458e-07 2.20001e-05 -5.47253e-06 8.06143e-07
 3.28614e-07 2.34491e-07 -8.74434e-06 2.90273e-06
 3.6618e-07 -1.7269e-05 -7.80506e-06 3.56012e-06
 5.92125e-07 -1.77844e-05 -6.92399e-06 3.45479e-06
 9.7616e-07 -5.30799e-06 -9.22201e-06 3.63163e-06
 -0.000196991 -0.0118259 -0.00283039 0.000744564
 -6.54252e-05 -0.00373277 -0.000657592 0.000209163
 -8.83429e-06 -0.00015514 0.000343903 -7.15376e-05
 2.982e-06 0.000583158 0.000573016 -0.00014528
 2.15172e-05 0.00137046 0.000490164 -0.000154865
 5.028e-05 0.00213308 -0.000169032 -1.26753e-05
 8.16825e-05 0.00194437 -0.00145928 0.000380906
 9.89816e-05 0.00122907 -0.00209683 0.000634738
 0.000120875 5.44562e-05 -0.00242814 0.000837378
 0.000147932 -0.00148946 -0.00217164 0.0008723
 0.000169729 -0.0031554 -0.00115258 0.000623181
 -0.000209354 -0.0123284 -0.00191625 0.000712242
 -0.00010814 -0.00579383 -4.38643e-05 0.000182021
 2.95904e-05 0.00201556 0.00139492 -0.000378894
 0.000126569 0.00561775 0.000587433 -0.000309885
 0.000221827 0.00694783 -0.00236378 0.000458078
 0.000319126 0.00492007 -0.00656138 0.00191526
 0.000374952 0.00210015 -0.00820731 0.00270552
 0.000440537 -0.00192777 -0.0087321 0.00326859
 0.00053255 -0.0070258 -0.00719547 0.00319218
 0.000594633 -0.0123204 -0.00337085 0.00221467
 -0.000142219 -0.00873905 -0.000233806 0.000355604
 2.93524e-05 -0.000151466 0.000344938 3.15704e-06
 0.000247711 0.00858964 -0.00149657 0.00020096
 0.000419554 0.0100085 -0.00656823 0.00163407
 0.000591519 0.00480034 -0.0122353 0.00382735
 0.000697221 -0.000347493 -0.0137902 0.00480816
 0.000838417 -0.00721279 -0.0131677 0.00522814
 0.00100644 -0.01534 -0.00942757 0.00461637
 0.0011128 -0.0235289 -0.00233902 0.00261386
 0.000107765 -0.00135309 -0.00227857 0.000825381
 0.000378613 0.00596322 -0.0064389 0.00179509
 0.000675101 0.00916893 -0.0131486 0.00381125
 0.000949038 0.000740323 -0.0191405 0.00657268
 0.0011221 -0.00699415 -0.0197393 0.00754908
 0.00134175 -0.0165949 -0.0172658 0.00764646
 0.00158189 -0.0274259 -0.0107075 0.00629246
 0.00171565 -0.0379646 2.23881e-05 0.00308452
 0.000576139 1.53639e-05 -0.0134334 0.00437158
 0.000949412 -0.00165133 -0.0205561 0.00706509
 0.00138234 -0.0101551 -0.024845 0.00964152
 0.00164694 -0.0194005 -0.0234321 0.0101897
 0.00195458 -0.0310814 -0.0181073 0.0095356
 0.00227531 -0.0440529 -0.00785648 0.00701147
 0.00240092 -0.0559797 0.00662337 0.00242339
 0.00129729 -0.0190758 -0.0255945 0.0104417
 0.00191026 -0.0327453 -0.0250925 0.0121015
 0.00229036 -0.041037 -0.0209102 0.0116853
 0.00271159 -0.0520698 -0.0124166 0.00985567
 0.00308569 -0.0650279 0.00137236 0.00592885
 0.0031445 -0.0766157 0.0189731 -5.65594e-05
 0.00262482 -0.061663 -0.0152416 0.0118051
 0.00309555 -0.0732321 -0.00632961 0.00993254
 0.00357884 -0.0830477 0.0057211 0.00652725
 0.00393896 -0.0922975 0.0216373 0.00119972
 0.00382251 -0.0992887 0.039585 -0.00563868
 0.00357735 -0.0889829 0.00619792 0.00699635
 0.00404209 -0.100793 0.0211243 0.00252512
 0.00430563 -0.108618 0.0377742 -0.00338799
 0.00400396 -0.111656 0.0541567 -0.010167
 0.00438869 -0.115593 0.0390434 -0.00298146
 0.00447877 -0.123835 0.0570169 -0.00957756
 0.00390699 -0.123402 0.0712769 -0.0160158
 0.00428157 -0.133269 0.0760663 -0.0166677
 0.0033223 -0.130768 0.0880201 -0.0224907
 0.00188712 -0.126891 0.0969808 -0.0272508

Fourier series term #4
 3.35666e-09 -9.93868e-08 5.20617e-08 -2.20401e-08
 -1.87979e-07 -1.13639e-05 -2.8119e-06 6.99553e-07
 -8.07397e-08 -4.14522e-06 -1.20216e-06 3.41525e-07
 1.2982e-07 7.22162e-06 1.87238e-06 -5.4637e-07
 -8.27927e-08 -5.28575e-06 -1.10277e-06 3.66976e-07
 -4.24074e-08 -2.67629e-06 -3.8244e-07 1.58768e-07
 1.55928e-07 9.78215e-06 1.37491e-06 -7.10323e-07
 -1.07917e-07 -8.84594e-06 4.01107e-07 2.43444e-07
 -1.40971e-07 -1.10014e-05 8.89196e-07 2.85627e-07
 3.77639e-09 -9.78239e-07 3.79781e-07 -7.76438e-08
 1.41937e-07 1.11822e-05 -3.03408e-06 4.24401e-07
 1.93503e-07 1.19686e-05 -4.84696e-06 1.0966e-06
 -0.000107939 -0.00653461 -0.00158617 0.000416518
 -4.42536e-05 -0.00268202 -0.000630771 0.000183603
 -5.38721e-06 -0.000284422 -4.56914e-05 1.58206e-05
 -3.82762e-06 -0.000111758 4.06129e-05 -8.28171e-06
 -6.84238e-06 -0.000140231 0.000127386 -3.08753e-05
 -8.25961e-06 3.15543e-05 0.000271275 -7.99728e-05
 -8.12831e-06 0.000377311 0.00033486 -0.000122513
 -7.61616e-06 0.000573826 0.000271323 -0.00011825
 -6.56861e-06 0.000734482 0.000125317 -8.37726e-05
 -3.80364e-06 0.000797383 -7.44895e-05 -1.99382e-05
 4.01782e-06 0.000701295 -0.000236382 4.72643e-05
 -0.000167077 -0.010248 -0.00220939 0.000725885
 -0.000108182 -0.00630232 -0.00112189 0.000429927
 -4.15775e-05 -0.00160004 0.000217667 -1.38011e-05
 -3.67821e-05 -0.0003198 0.000997832 -0.000272673
 -4.00608e-05 0.000766635 0.00164735 -0.000534118
 -3.46431e-05 0.00260141 0.00167837 -0.000694655
 -3.10951e-05 0.00352258 0.00121342 -0.000631095
 -2.67422e-05 0.00420053 0.000390591 -0.000420056
 -1.293e-05 0.00439852 -0.000617804 -8.27382e-05
 2.53305e-05 0.00386732 -0.00140331 0.000261607
 -0.000191124 -0.0112225 -0.00143387 0.000665454
 -0.0001435 -0.00677706 0.0002751 0.000141086
 -8.69222e-05 -0.000738361 0.00220602 -0.000605144
 -7.72039e-05 0.00278608 0.00318595 -0.00110765
 -7.44085e-05 0.00622509 0.00259561 -0.00120826
 -7.16797e-05 0.0077928 0.00147564 -0.000992877
 -6.549e-05 0.0089036 -0.000196126 -0.000528993
 -4.05588e-05 0.00914183 -0.00208611 0.000128517
 3.54151e-05 0.00802687 -0.0034133 0.000736879
 -0.000235841 -0.0107436 0.00125889 5.42727e-05
 -0.000189694 -0.0037809 0.00366585 -0.000924434
 -0.000127979 0.0056417 0.00478272 -0.00182604
 -0.000116315 0.0117046 0.00309153 -0.0018093
 -0.000117176 0.0137832 0.00110204 -0.00135668
 -0.000109813 0.0150821 -0.001517 -0.000580165
 -7.15067e-05 0.0151681 -0.00431209 0.000438151
 4.81039e-05 0.0133672 -0.00618142 0.00134834
 -0.000267316 -0.00457388 0.00525815 -0.00140315
 -0.000212228 0.00602514 0.00555955 -0.00221642
 -0.000168331 0.0175011 0.00217349 -0.00204379
 -0.000168064 0.0206764 -0.000805748 -0.00133228
 -0.000161443 0.0221666 -0.00431699 -0.00023212
 -0.000108008 0.021912 -0.00777587 0.00110175
 5.49639e-05 0.0193348 -0.00993339 0.00225002
 -0.000281277 0.00745876 0.0048911 -0.00223782
 -0.000259884 0.0186494 0.000264572 -0.00164158
 -0.000249184 0.0243934 -0.00377153 -0.000734133
 -0.000228475 0.0277562 -0.00828256 0.000625725
 -0.000155581 0.028043 -0.0123036 0.0021889
 4.93536e-05 0.0250123 -0.0144347 0.00344004
 -0.000346769 0.0183404 -0.00280316 -0.000656735
 -0.00035099 0.0217141 -0.00619774 0.000273678
 -0.00032033 0.026236 -0.0109304 0.00167082
 -0.000216944 0.0290726 -0.0156875 0.0033346
 3.58222e-05 0.0278677 -0.018296 0.00465153
 -0.00037359 0.0210492 -0.00792446 0.000972454
 -0.000348019 0.0231318 -0.011239 0.00207604
 -0.000245504 0.0260118 -0.0155923 0.003599
 1.53289e-05 0.0263238 -0.0185922 0.00492628
 -0.00034619 0.0211041 -0.0120614 0.00263185
 -0.000261131 0.0216387 -0.0144514 0.00361091
 -1.7731e-05 0.0222535 -0.0169714 0.00469969
 -0.000221667 0.0181522 -0.0135079 0.00364087
 -4.87028e-05 0.0168625 -0.0139163 0.00403448
 -2.76031e-05 0.012349 -0.0109808 0.00330386

Fourier series term #5
 1.85289e-08 9.09815e-07 2.55374e-07 -6.01117e-08
 -5.74528e-08 -3.23304e-06 -8.36806e-07 2.00931e-07
 4.99125e-08 2.38821e-06 7.15403e-07 -1.98279e-07
 9.93383e-09 -2.52799e-07 1.16757e-07 -5.01361e-08
 -5.22323e-08 -2.93616e-06 -6.40951e-07 2.04266e-07
 6.1102e-08 3.99715e-06 7.68785e-07 -3.14978e-07
 -1.99336e-08 -1.37356e-06 -1.01954e-07 6.80041e-08
 -5.94824e-08 -3.47136e-06 -2.17658e-07 2.44786e-07
 2.89049e-08 2.08241e-06 -1.35606e-07 -7.60519e-08
 6.38491e-08 5.96589e-06 -1.06443e-06 4.42902e-08
 5.33528e-08 3.56703e-06 -8.384e-07 6.69433e-08
 -4.15248e-08 -2.53705e-06 1.10954e-06 -2.67793e-07
 -5.11902e-05 -0.00310898 -0.000749023 0.000197417
 -2.79028e-05 -0.00170607 -0.00040249 0.000117306
 -2.99423e-06 -0.000187234 -4.59466e-05 1.44209e-05
 4.25253e-07 1.37411e-05 -4.32706e-06 8.09197e-07
 -1.79724e-07 -3.3014e-05 -1.78351e-05 5.76266e-06
 -6.80971e-07 -6.29507e-05 -1.54864e-05 6.69528e-06
 -1.31252e-06 -6.60302e-05 1.27137e-05 -9.95181e-07
 -1.78409e-06 -5.27959e-05 3.31358e-05 -8.18367e-06
 -2.38597e-06 -2.18754e-05 4.79743e-05 -1.5222e-05
 -2.962e-06 2.83362e-05 4.43725e-05 -1.75572e-05
 -3.12988e-06 8.21467e-05 1.6405e-05 -1.10204e-05
 -0.00012071 -0.00753503 -0.00167041 0.000545926
 -7.50026e-05 -0.00470983 -0.00101661 0.000368161
 -1.41364e-05 -0.000989769 -0.000256104 9.72132e-05
 -2.97029e-06 -0.000312308 -0.000128355 4.69931e-05
 -8.31595e-06 -0.000541525 -5.11226e-05 3.90685e-05
 -1.4171e-05 -0.00052716 0.000206172 -3.86737e-05
 -1.70087e-05 -0.000340454 0.000344805 -9.71328e-05
 -2.02129e-05 -3.59569e-05 0.000412602 -0.000144834
 -2.42439e-05 0.000352158 0.000334803 -0.000149312
 -2.49098e-05 0.000731325 9.73972e-05 -9.07357e-05
 -0.000133343 -0.00880794 -0.00167225 0.000668433
 -7.9372e-05 -0.00559161 -0.000990058 0.000447402
 -2.33011e-05 -0.00181383 -0.000294637 0.000152144
 -2.34052e-05 -0.00128282 0.000108417 2.45156e-05
 -3.7707e-05 -0.00103868 0.000667109 -0.000161216
 -4.50525e-05 -0.000556253 0.000897961 -0.000273944
 -5.41061e-05 0.000193396 0.000922093 -0.000342496
 -6.50902e-05 0.00110975 0.000600242 -0.000300032
 -6.63113e-05 0.00197123 -3.82048e-05 -0.000125874
 -0.000142182 -0.0103953 -0.00144888 0.000812833
 -0.000100784 -0.00731598 -0.000505385 0.00048287
 -6.30485e-05 -0.00309276 0.000616326 -3.22767e-05
 -7.75898e-05 -0.00130845 0.0015148 -0.000434429
 -9.25655e-05 -0.000305829 0.00172632 -0.000590132
 -0.000110892 0.00102495 0.00155129 -0.000646055
 -0.000128481 0.00257945 0.000827368 -0.000517573
 -0.000127281 0.00404509 -0.000420648 -0.000158951
 -0.000178217 -0.0126886 0.000257875 0.000590025
 -0.000156458 -0.00845734 0.00187812 -0.000102102
 -0.000143445 -0.00175321 0.00269641 -0.000828951
 -0.000161566 0.000697585 0.00256362 -0.000993695
 -0.000188646 0.00292989 0.001887 -0.000959103
 -0.000213948 0.00516581 0.000490485 -0.000644554
 -0.00020415 0.0071429 -0.00151403 -3.12722e-05
 -0.000245 -0.012601 0.00407188 -0.000523528
 -0.000254446 -0.00520513 0.00462477 -0.00128101
 -0.00026619 0.000285905 0.0035681 -0.00138317
 -0.000293383 0.00506981 0.00169164 -0.00113869
 -0.000316499 0.00874802 -0.000864636 -0.000510259
 -0.000282895 0.0112917 -0.0037912 0.000432609
 -0.000366452 -0.00702257 0.00638742 -0.00182212
 -0.000402831 -0.00293241 0.005283 -0.00181315
 -0.000430839 0.00364407 0.00221684 -0.00129076
 -0.000433959 0.0103229 -0.00228932 -0.000177313
 -0.000344457 0.0150123 -0.00696097 0.00128362
 -0.000463337 -0.00225792 0.00512369 -0.00185446
 -0.000502653 0.0023543 0.00258496 -0.00134505
 -0.000496325 0.00917605 -0.0022729 -9.80818e-05
 -0.000368753 0.0151582 -0.00791518 0.00163833
 -0.000553554 0.00322102 0.00161494 -0.00107187
 -0.000544417 0.00782144 -0.00222313 8.08098e-06
 -0.00038329 0.0137543 -0.00796026 0.00180159
 -0.000534083 0.00836006 -0.00359388 0.000518407
 -0.000360977 0.0118743 -0.00766519 0.00189816
 -0.000204415 0.0112234 -0.00827076 0.00223579


