**************************************************************
***  MERIS LUT-169: Fourier series terms (s0,..,s5)[TERM]] ***
***                 of polynomial coefficients (k0,..,k3)  ***
***                 for each of 81 aerosol models [IAER],  ***
***                 & for each of 78 geometries [SVZA]     ***
***  - - - - - - - - - - - - - - - - - - - - - - - - - - - ***
***  => useful for multiplicative aer.scat.fct. retrieval  ***
**************************************************************

12 Gaussian angles (deg): SZA/VZA
------------------------         

 2.84 17.64 28.77 36.19 43.61 51.03 58.46 65.88 69.59 73.30 77.01 80.72

Coefficients: [SVZA x (k0,k1,k2,k3)]
------------                        

 Aerosol model #36
 - - - - - - -  

Fourier series term #0
 1.01021 0.973408 0.527307 -0.0610437
 1.01195 1.05584 0.608249 -0.0787573
 1.01719 1.35512 0.852266 -0.130553
 1.02376 1.74098 1.14297 -0.201196
 1.03039 2.13619 1.39896 -0.288129
 1.03587 2.55196 1.54823 -0.380561
 1.038 3.0067 1.48803 -0.451445
 1.03322 3.52466 1.05896 -0.439003
 1.02714 3.79486 0.626468 -0.362035
 1.01995 4.05192 0.00912311 -0.208079
 1.01784 4.2484 -0.779004 0.0377978
 1.03863 4.23144 -1.57374 0.339282
 1.01478 1.27279 0.775948 -0.112431
 1.01972 1.5948 1.01616 -0.171321
 1.02357 1.86308 1.18525 -0.227486
 1.02767 2.21651 1.34765 -0.300256
 1.03097 2.64997 1.44039 -0.381127
 1.03091 3.11563 1.33677 -0.438094
 1.02422 3.61869 0.886361 -0.412012
 1.01758 3.88797 0.461163 -0.33276
 1.01005 4.15531 -0.139319 -0.180495
 1.00753 4.3687 -0.909014 0.0616416
 1.02753 4.36624 -1.69096 0.360248
 1.02232 1.88111 1.16308 -0.223251
 1.02515 2.13633 1.26326 -0.274429
 1.02741 2.42172 1.31154 -0.329588
 1.0285 2.77461 1.28563 -0.384165
 1.02684 3.22029 1.11957 -0.4204
 1.01891 3.72671 0.653026 -0.37988
 1.01171 3.99542 0.234923 -0.296352
 1.00364 4.26291 -0.348638 -0.142974
 1.00056 4.48126 -1.09496 0.0969319
 1.01975 4.49474 -1.85643 0.392218
 1.02861 2.34461 1.28854 -0.310368
 1.0303 2.61811 1.27979 -0.354552
 1.03051 2.91831 1.17847 -0.388691
 1.02802 3.29838 0.945261 -0.399433
 1.01996 3.7766 0.456979 -0.340277
 1.01304 4.0452 0.0448361 -0.251629
 1.00556 4.31054 -0.524147 -0.0957535
 1.00342 4.53227 -1.24893 0.143092
 1.02379 4.55674 -1.98768 0.434764
 1.03275 2.81595 1.23566 -0.396662
 1.03199 3.10265 1.09033 -0.417845
 1.02821 3.42272 0.80375 -0.406949
 1.01925 3.83049 0.28296 -0.325583
 1.01237 4.08128 -0.127641 -0.230367
 1.00528 4.3477 -0.680696 -0.0734858
 1.0039 4.57369 -1.37885 0.161562
 1.02542 4.60595 -2.08608 0.445535
 1.02964 3.33549 0.879742 -0.414479
 1.0246 3.64717 0.553913 -0.383367
 1.01462 4.00651 -0.00642882 -0.275061
 1.00771 4.22365 -0.425982 -0.167414
 1.0013 4.46246 -0.975045 -0.00226391
 1.00139 4.67317 -1.65104 0.233197
 1.02498 4.70612 -2.32403 0.509952
 1.01806 3.90584 0.175975 -0.321658
 1.00756 4.27635 -0.417622 -0.188046
 1.00099 4.47977 -0.847843 -0.0670516
 0.996005 4.68158 -1.39385 0.108896
 0.998969 4.85047 -2.04448 0.347053
 1.02684 4.834 -2.65902 0.612032
 0.99801 4.60042 -1.03835 -0.0241311
 0.993055 4.80796 -1.48044 0.1116
 0.991141 4.99695 -2.01848 0.296607
 0.999192 5.12995 -2.62951 0.532474
 1.03451 5.04125 -3.15904 0.778605
 0.989768 4.97213 -1.90802 0.251221
 0.990398 5.15732 -2.43307 0.437822
 1.00276 5.27963 -3.0169 0.669592
 1.04402 5.13926 -3.47307 0.894538
 0.995248 5.3023 -2.92592 0.622037
 1.01348 5.37297 -3.44373 0.837446
 1.06196 5.18463 -3.80905 1.03277
 1.03985 5.34122 -3.83475 1.01453
 1.09697 5.08154 -4.06558 1.1618
 1.16088 4.69931 -4.09197 1.23308

Fourier series term #1
 -0.000398165 -0.0356586 -0.0205821 0.00238636
 -0.000180287 -0.00563528 -0.00788186 0.00104522
 -0.00104589 -0.0635734 -0.0485997 0.00756233
 -0.00107142 -0.0566862 -0.0441567 0.00811607
 -0.00101742 -0.0509613 -0.0329507 0.00760696
 -0.000895149 -0.0473492 -0.0158027 0.0055622
 -0.000669421 -0.0403334 0.00837365 0.000737894
 -0.000482283 -0.0288907 0.034002 -0.00663974
 -0.000503601 -0.0204331 0.0439569 -0.0105756
 -0.000685844 -0.00860062 0.0489435 -0.0136856
 -0.00108835 0.00645646 0.0457687 -0.0145226
 -0.00162388 0.0224075 0.0328223 -0.0117321
 -0.0025026 -0.141898 -0.118479 0.0174839
 -0.0045982 -0.260706 -0.203565 0.0355273
 -0.0056137 -0.320152 -0.224326 0.0456585
 -0.00576771 -0.328367 -0.181187 0.0457804
 -0.00516922 -0.296134 -0.0770092 0.0312336
 -0.0042767 -0.245714 0.0602756 0.0018397
 -0.0038136 -0.166041 0.199736 -0.0406193
 -0.00433396 -0.112432 0.252006 -0.0625385
 -0.00584008 -0.0423596 0.276822 -0.0796064
 -0.00864701 0.049282 0.255563 -0.0838259
 -0.0121525 0.158374 0.172455 -0.0656912
 -0.00644339 -0.375113 -0.255836 0.0526113
 -0.00737918 -0.430246 -0.244467 0.0594026
 -0.00793053 -0.47831 -0.190589 0.0589221
 -0.00769502 -0.470251 -0.0672747 0.0401389
 -0.00696274 -0.391238 0.116865 -0.00355018
 -0.00703142 -0.254003 0.303927 -0.0656027
 -0.00823689 -0.157915 0.36989 -0.0966631
 -0.0109751 -0.0379141 0.392635 -0.118983
 -0.0156475 0.109309 0.346472 -0.120896
 -0.0211846 0.278372 0.211453 -0.0895882
 -0.00863241 -0.495211 -0.215487 0.0623979
 -0.00899744 -0.523987 -0.131573 0.0538059
 -0.00897865 -0.532133 -0.00403034 0.031282
 -0.00853476 -0.46894 0.174368 -0.014316
 -0.00880847 -0.30279 0.362606 -0.0813751
 -0.0102757 -0.179553 0.426094 -0.11443
 -0.0134593 -0.0303588 0.438268 -0.135934
 -0.0187105 0.147195 0.372136 -0.133142
 -0.0245827 0.351426 0.205619 -0.0921331
 -0.00969123 -0.557661 -0.040405 0.0406462
 -0.0096714 -0.542142 0.101853 0.00838797
 -0.00967273 -0.48663 0.265633 -0.0397297
 -0.0106317 -0.329668 0.427148 -0.104777
 -0.0125166 -0.20112 0.477822 -0.136381
 -0.0161775 -0.0275004 0.475467 -0.156131
 -0.0219014 0.182835 0.387684 -0.148675
 -0.0278165 0.414248 0.195629 -0.100037
 -0.0100397 -0.525064 0.231427 -0.027705
 -0.0107469 -0.437287 0.373924 -0.0779533
 -0.0129378 -0.281474 0.483092 -0.132462
 -0.0154783 -0.158345 0.501809 -0.154932
 -0.019719 0.00828416 0.469814 -0.164647
 -0.0257506 0.22582 0.354546 -0.14744
 -0.0313055 0.476597 0.135552 -0.0890181
 -0.0126183 -0.340911 0.46494 -0.11894
 -0.0161714 -0.155049 0.51032 -0.159285
 -0.0194099 -0.0296189 0.488854 -0.169193
 -0.02396 0.122479 0.418288 -0.164106
 -0.0297559 0.318651 0.272774 -0.132655
 -0.033938 0.540183 0.0422958 -0.0654094
 -0.0211879 0.0339681 0.470746 -0.173001
 -0.0249849 0.167305 0.402299 -0.166228
 -0.0296251 0.322643 0.284786 -0.142479
 -0.0343697 0.501888 0.103497 -0.0932869
 -0.0359479 0.677871 -0.132656 -0.0159561
 -0.0289109 0.289289 0.312281 -0.149904
 -0.0332408 0.447302 0.169516 -0.114824
 -0.0368833 0.616207 -0.0255294 -0.0570014
 -0.0361437 0.769036 -0.257595 0.0226629
 -0.036533 0.579785 0.0168721 -0.071317
 -0.0385148 0.733464 -0.186135 -0.00632094
 -0.0347848 0.858825 -0.407732 0.0742639
 -0.0374202 0.839731 -0.367575 0.0570012
 -0.0298395 0.916758 -0.551394 0.128772
 -0.0182529 0.922783 -0.666739 0.180292

Fourier series term #2
 -5.44381e-05 -0.00519949 -0.00283031 0.000327767
 2.61234e-05 0.00221729 0.00134038 -0.000176973
 1.39625e-05 0.000599533 0.000455756 -8.89829e-05
 -5.55924e-05 -0.00384022 -0.00308823 0.000502307
 -6.54579e-06 0.000382972 -0.000793975 9.832e-05
 -1.88944e-05 5.58468e-05 -0.0014653 0.000262766
 -9.0203e-05 -0.00511374 -0.00419574 0.00114225
 1.5601e-06 0.00261964 -0.000523375 3.15423e-05
 5.7019e-06 0.00357981 -0.000542982 -3.23406e-06
 -2.13892e-05 -0.000944051 -0.000909464 0.000343584
 -4.26092e-05 -0.00609539 0.000559924 0.000144399
 -8.04976e-05 -0.00583995 0.0020003 -0.000398073
 0.000485403 0.0347234 0.0223612 -0.00343395
 0.000216301 0.00994985 -0.00158256 -0.000517531
 -0.000354048 -0.0343494 -0.0430762 0.00666513
 -0.000672058 -0.0552113 -0.072386 0.0134441
 -0.000534347 -0.0453742 -0.0776407 0.0166853
 -0.000287618 -0.0458647 -0.076947 0.0198119
 0.000216417 -0.0538266 -0.0620588 0.0198511
 0.000595745 -0.0566323 -0.0470813 0.0172335
 0.000978684 -0.0583576 -0.0274128 0.0123758
 0.00118753 -0.0583298 -0.00490695 0.00543948
 0.000861721 -0.0541696 0.0151997 -0.00203297
 -0.000114809 -0.0210827 -0.0463307 0.00639044
 -0.000412393 -0.0454277 -0.0892449 0.0149719
 -0.000829865 -0.0923664 -0.14676 0.0295758
 -0.000916792 -0.132227 -0.188376 0.0449904
 -0.000218223 -0.141903 -0.187233 0.0529635
 0.00120312 -0.150386 -0.145941 0.0506351
 0.00212864 -0.159073 -0.10876 0.0436488
 0.00304751 -0.168064 -0.060009 0.0312548
 0.00354824 -0.1728 -0.00360794 0.0135178
 0.00267697 -0.163583 0.0473131 -0.00592383
 -0.00084454 -0.0792307 -0.145327 0.0275799
 -0.00111644 -0.119185 -0.203135 0.044535
 -0.00107974 -0.177614 -0.254478 0.0650962
 -0.000191976 -0.228809 -0.264729 0.0800687
 0.0019172 -0.259491 -0.206635 0.0769306
 0.00335856 -0.269183 -0.150451 0.0653166
 0.00478926 -0.279511 -0.0786149 0.0461271
 0.00556204 -0.284479 0.00478905 0.0190884
 0.00422486 -0.267719 0.0799958 -0.0103785
 -0.00139135 -0.166115 -0.271381 0.067963
 -0.000885458 -0.220424 -0.315921 0.0901334
 0.000420225 -0.309999 -0.328083 0.109897
 0.00337894 -0.388813 -0.259579 0.107851
 0.00544191 -0.416146 -0.18605 0.0922279
 0.00746739 -0.431564 -0.087654 0.0644561
 0.00852696 -0.435777 0.0259599 0.025972
 0.00661758 -0.409655 0.127574 -0.015409
 0.000123458 -0.305619 -0.35712 0.115273
 0.00239706 -0.396947 -0.347876 0.130856
 0.00636373 -0.519048 -0.260677 0.125653
 0.00901189 -0.57774 -0.17195 0.106521
 0.0116348 -0.621629 -0.0509711 0.0719563
 0.0129458 -0.639258 0.0915243 0.0224791
 0.0101894 -0.604986 0.217878 -0.0310418
 0.00600104 -0.523666 -0.317275 0.142043
 0.0112841 -0.651648 -0.198183 0.125182
 0.0145383 -0.731462 -0.0945475 0.100961
 0.01756 -0.805689 0.0469854 0.0593673
 0.0189243 -0.851807 0.214843 5.63179e-05
 0.0150657 -0.841787 0.367778 -0.0644061
 0.0170049 -0.822223 -0.0527522 0.0991956
 0.0204199 -0.899445 0.0667857 0.0661775
 0.0231888 -0.967717 0.216477 0.0177413
 0.0237604 -1.03834 0.397458 -0.0473061
 0.0178359 -1.0464 0.563325 -0.118476
 0.0237217 -0.987072 0.192303 0.0301072
 0.0261312 -1.06548 0.347774 -0.0214581
 0.0256569 -1.13 0.526317 -0.0881007
 0.0180264 -1.11905 0.673434 -0.155176
 0.0276072 -1.16314 0.511206 -0.0762625
 0.0257433 -1.20795 0.673788 -0.140434
 0.0161904 -1.18075 0.798996 -0.201483
 0.0212517 -1.25104 0.819862 -0.199172
 0.00891211 -1.20815 0.912768 -0.248824
 -0.00619933 -1.15873 0.972403 -0.284965

Fourier series term #3
 1.4705e-05 0.00139348 0.000758096 -8.77272e-05
 1.51752e-05 0.00134401 0.000783067 -0.000101306
 -3.50326e-06 -0.000284476 -0.000163889 2.58004e-05
 3.41292e-06 0.000211688 0.000171681 -3.01234e-05
 3.26384e-05 0.00229001 0.00153322 -0.000315597
 -5.72819e-05 -0.00394307 -0.00244073 0.000596699
 1.71106e-05 0.00152503 0.000749436 -0.000231223
 3.21556e-05 0.00379044 0.00114439 -0.000476433
 -2.21331e-05 -0.00238937 -0.000452516 0.000242552
 -3.92338e-05 -0.00671468 -0.000109155 0.000370825
 -2.47763e-05 -0.00408382 0.000700428 -2.5617e-05
 1.56057e-05 0.0029314 -0.00105096 0.000214818
 1.37763e-05 0.00136066 0.00135918 -0.000166256
 0.00036906 0.0291604 0.0214221 -0.00348233
 0.000134513 0.00677499 0.00824352 -0.00149687
 -9.79731e-05 -0.012053 -0.00559699 0.00110556
 -0.0001103 -0.00871942 -0.0066334 0.00134802
 -8.2203e-05 -0.00293076 -0.00685734 0.00138435
 -5.6217e-05 -0.00110825 -0.00919286 0.00221377
 -3.48958e-05 -0.0038952 -0.0101337 0.0028508
 2.61657e-05 -0.00570733 -0.00936864 0.00296961
 0.000114736 -0.00459853 -0.00762528 0.00256054
 0.000212977 -0.00160698 -0.00635244 0.00210905
 0.000393141 0.0288429 0.0255713 -0.00465563
 0.000345469 0.02551 0.0232247 -0.00489457
 1.7989e-05 -0.0036545 0.00124908 -0.000815431
 -0.000230649 -0.0239742 -0.0208891 0.0042823
 -0.000267937 -0.0233665 -0.0322258 0.00773516
 -8.24806e-05 -0.0162688 -0.037182 0.0102444
 0.000130581 -0.0132077 -0.0378659 0.011199
 0.000442438 -0.0118844 -0.0363048 0.011564
 0.000847142 -0.0134848 -0.0310387 0.0107222
 0.00124462 -0.0166835 -0.021546 0.00812575
 0.000234186 0.0147233 0.015729 -0.00402799
 0.000128161 0.0129991 0.00529196 -0.00275068
 -0.00029507 -0.0203526 -0.0282558 0.00542306
 -0.000469827 -0.0426131 -0.0573938 0.0145993
 -6.39888e-05 -0.0349716 -0.0689248 0.020026
 0.000351349 -0.0309618 -0.0693528 0.0215653
 0.000923322 -0.0334203 -0.0639744 0.0216162
 0.00165186 -0.0327691 -0.0529176 0.0191696
 0.00238021 -0.0341779 -0.03681 0.0143423
 -0.000118473 0.00126178 -0.0145314 0.00138453
 -0.000368045 -0.00972058 -0.0426588 0.00873235
 -0.000442857 -0.0358553 -0.0829584 0.022154
 0.000137257 -0.0643103 -0.109588 0.0352679
 0.000890552 -0.0695773 -0.110168 0.0382749
 0.00192608 -0.0697354 -0.0999168 0.0373473
 0.00315745 -0.070857 -0.0797452 0.0323452
 0.00424015 -0.0721374 -0.0516418 0.0232611
 -0.000425003 -0.0168303 -0.0753438 0.0184953
 -0.000132712 -0.0289114 -0.111786 0.0319329
 0.00099251 -0.075663 -0.142145 0.0488197
 0.0021902 -0.101522 -0.141959 0.0535807
 0.00385338 -0.123929 -0.125264 0.0525098
 0.00575462 -0.140352 -0.090888 0.0437481
 0.00716682 -0.142216 -0.0471428 0.0285714
 0.000734282 -0.0535114 -0.147887 0.0478286
 0.00285686 -0.0826679 -0.166225 0.0612155
 0.00473539 -0.123077 -0.158614 0.0647331
 0.00688419 -0.160956 -0.13374 0.0625649
 0.00958184 -0.20803 -0.0802899 0.0487894
 0.0113393 -0.236108 -0.0124409 0.0257631
 0.00594532 -0.138808 -0.168587 0.072444
 0.00820183 -0.161252 -0.15165 0.0714396
 0.0109401 -0.195009 -0.115717 0.0640588
 0.0140234 -0.251793 -0.0494168 0.0458302
 0.0158668 -0.302518 0.0386377 0.0156941
 0.0110493 -0.199988 -0.122668 0.0671613
 0.0140812 -0.235149 -0.0783055 0.0559583
 0.0168492 -0.276788 -0.0146223 0.0365173
 0.0178393 -0.324084 0.0720803 0.00611945
 0.0167838 -0.278085 -0.029147 0.0434861
 0.0195185 -0.31992 0.044375 0.0187428
 0.0201091 -0.348657 0.125406 -0.0127961
 0.0206275 -0.358789 0.115658 -0.00604792
 0.0198982 -0.36031 0.172355 -0.0305894
 0.0179955 -0.363873 0.225671 -0.0538778

Fourier series term #4
 8.25555e-06 0.000791769 0.000425698 -4.92652e-05
 6.31809e-06 0.000561525 0.00032401 -4.19397e-05
 -1.68089e-06 -0.000136587 -8.80688e-05 1.34631e-05
 2.01645e-05 0.00143598 0.000960543 -0.00016875
 -1.89151e-05 -0.00136414 -0.000906418 0.000186965
 -7.59999e-06 -0.000706141 -0.000440843 0.000106262
 4.40535e-05 0.00311037 0.00159141 -0.000479215
 -2.08226e-05 -0.00299162 -0.000885096 0.000369795
 -1.79348e-05 -0.00388985 -0.000677396 0.000380254
 1.03484e-05 -0.000586638 -2.95941e-05 3.6317e-05
 3.15462e-05 0.00360063 -0.000625618 1.83674e-05
 5.50147e-05 0.00388927 -0.00136788 0.00028435
 -0.000185891 -0.0163946 -0.0100546 0.00144838
 0.000148204 0.0138713 0.00859811 -0.00140834
 0.000156886 0.012485 0.00902506 -0.00164661
 -2.77595e-05 -0.00425898 -0.00121237 0.000331577
 -1.24158e-05 -0.00256601 -0.000551767 0.000191661
 4.17248e-07 -0.000560452 0.000454137 -9.20979e-05
 -1.24114e-05 -0.000989644 0.000200974 -2.81676e-05
 -1.06452e-05 -0.000890398 -0.000159248 6.15159e-05
 -5.47353e-06 -0.000665295 -0.00041775 0.000133269
 -2.36033e-06 -0.000332892 -0.000413196 0.00012697
 -6.88641e-06 -0.000331198 -0.000186126 6.0536e-05
 0.000217628 0.0197464 0.0142975 -0.00253741
 0.000330711 0.030205 0.0224364 -0.00442756
 0.00020179 0.0147515 0.0148725 -0.00318692
 -1.69814e-05 -0.00835986 0.00217208 -0.000184419
 -5.89762e-05 -0.0108104 -0.000334453 0.000435778
 -6.15721e-05 -0.00495722 0.000451455 -3.34766e-05
 -7.98942e-05 -0.00438268 0.000149504 3.04314e-05
 -8.92202e-05 -0.00471717 -0.000147031 0.000161518
 -7.38656e-05 -0.00526897 -0.000271767 0.000262679
 -3.82348e-05 -0.00535707 -0.000107402 0.000230426
 0.000363902 0.0276397 0.0242758 -0.00508034
 0.000351121 0.0278651 0.0270641 -0.00623988
 0.000127826 0.00525745 0.0156109 -0.00378874
 -9.40671e-05 -0.0169336 0.00307063 -0.000315963
 -0.000193763 -0.0203157 0.000721022 0.000472739
 -0.000203175 -0.0190921 0.000434882 0.000551706
 -0.000178538 -0.0115735 -0.000308485 0.000401338
 -0.000152627 -0.00612222 -0.0016041 0.000571404
 -9.80293e-05 -0.00985714 -0.000103498 0.000335496
 0.000321348 0.0212827 0.0288352 -0.00726361
 0.000240424 0.0217328 0.0297142 -0.00847388
 -0.000155967 -0.00935619 0.0153055 -0.00417642
 -0.000377386 -0.0307099 0.00332548 0.000120868
 -0.000406223 -0.0373728 0.00143111 0.0012301
 -0.000363808 -0.0303294 0.00097749 0.00106993
 -0.000288738 -0.0230874 0.000147352 0.000997083
 -0.000216577 -0.0208576 0.00127235 0.000524754
 -1.36785e-05 0.0099432 0.0293177 -0.00877567
 -0.000292676 0.00811842 0.0262645 -0.00890034
 -0.000648536 -0.020085 0.0118253 -0.00348355
 -0.000699501 -0.0372503 0.00719897 -0.000818653
 -0.000642945 -0.0500187 0.00697251 0.000341179
 -0.000461116 -0.0543219 0.00939261 -1.57051e-05
 -0.000370116 -0.0457055 0.0105651 -0.00107367
 -0.000736727 0.00394475 0.0238059 -0.00887533
 -0.00120618 -0.00303265 0.0161193 -0.00662049
 -0.00129374 -0.0193855 0.0119425 -0.00418585
 -0.00130603 -0.0356145 0.00970715 -0.00184754
 -0.0009957 -0.0657138 0.0182939 -0.00229566
 -0.000918469 -0.0714381 0.0264859 -0.00500624
 -0.00159438 -0.0109052 0.0137455 -0.00575465
 -0.00181214 -0.00917987 0.0096644 -0.00445161
 -0.00186909 -0.0208758 0.00972295 -0.00323974
 -0.00172431 -0.0403914 0.0160987 -0.00368427
 -0.00161857 -0.0738985 0.0369514 -0.00870536
 -0.00194565 -0.0238034 0.0136052 -0.00462687
 -0.00214014 -0.0216757 0.011952 -0.0041623
 -0.00222218 -0.0288909 0.0136241 -0.00388142
 -0.00223764 -0.0614222 0.0329173 -0.0080655
 -0.00242536 -0.0298462 0.0147117 -0.00386064
 -0.00251251 -0.0365555 0.0203034 -0.00544801
 -0.00272947 -0.0536743 0.034396 -0.0098139
 -0.00294678 -0.0530439 0.0340631 -0.00933821
 -0.00393049 -0.0583654 0.0415036 -0.0121363
 -0.00504435 -0.0652967 0.0512542 -0.0152041

Fourier series term #5
 1.39894e-06 0.000135434 7.21158e-05 -8.34546e-06
 -2.67078e-06 -0.000229462 -0.000136406 1.76455e-05
 5.02371e-06 0.000390792 0.000250619 -3.83659e-05
 -1.49969e-06 -9.39762e-05 -6.78797e-05 1.21837e-05
 -1.02461e-05 -0.000723714 -0.000482218 9.8664e-05
 1.70281e-05 0.00118705 0.000731401 -0.000179598
 -5.578e-06 -0.000443382 -0.000202389 6.39408e-05
 -1.06266e-05 -0.00118069 -0.000395343 0.000157285
 5.9424e-06 0.000676391 8.11296e-05 -5.67336e-05
 1.13416e-05 0.0020316 1.78147e-05 -0.000108476
 6.54636e-06 0.00128652 -0.00019748 6.95156e-08
 -5.80375e-06 -0.000832719 0.000324404 -7.01215e-05
 -0.000123421 -0.0119291 -0.00684085 0.000983928
 -6.5148e-06 0.000484739 -0.00021664 3.30962e-05
 7.02489e-05 0.00666676 0.00418349 -0.000773854
 1.8568e-05 0.000906281 0.000891382 -0.000188292
 -1.07913e-05 -0.00131634 -0.000568503 0.000158221
 -5.09889e-06 -0.000628457 -3.66787e-05 4.13368e-05
 6.40424e-06 0.000472947 0.000116955 -5.29155e-05
 2.52202e-06 -0.000207613 -8.44508e-05 3.4617e-05
 -8.20037e-07 -0.000613873 7.15595e-05 1.16819e-05
 -5.45703e-06 -0.000159787 0.000234257 -6.55661e-05
 -3.16684e-06 0.000554974 -4.55149e-05 -1.01155e-05
 9.77435e-06 0.00185428 0.000898417 -0.000160783
 0.000191231 0.0203752 0.0124273 -0.00255109
 0.00015248 0.0156259 0.0107468 -0.00243431
 4.68965e-05 0.00240329 0.00321544 -0.000752531
 -1.44726e-05 -0.0054342 -0.000824064 0.00045313
 -1.43883e-06 -0.00262547 0.000759545 -5.611e-05
 4.89558e-06 -0.000330106 0.00107484 -0.000284587
 4.50029e-06 0.00112488 0.000711394 -0.000277249
 6.23506e-06 0.00037533 0.000329377 -0.000119589
 5.49416e-06 -0.00192932 0.000935747 -0.000202963
 0.000173812 0.0169151 0.0115468 -0.00249236
 0.000272293 0.0275717 0.0181923 -0.00441886
 0.000183574 0.0168264 0.0131078 -0.00349178
 1.25607e-05 -0.00481538 0.00321398 -0.000545041
 7.96229e-06 -0.00791827 0.00139179 4.66609e-05
 9.40154e-06 -0.00696273 0.00193508 -0.000165645
 -1.2015e-05 -0.00333707 0.00277139 -0.000666734
 -3.84102e-05 -0.0021557 0.00271093 -0.000757162
 -3.71559e-05 -0.00416661 0.00287536 -0.000740373
 0.000275392 0.0239558 0.0187475 -0.00495606
 0.000293742 0.0292737 0.0226738 -0.00667876
 0.000150228 0.0136815 0.0149647 -0.00467656
 -1.82737e-05 -0.0113442 0.00693755 -0.00138123
 -2.54477e-05 -0.0171458 0.00585755 -0.000752446
 -4.38352e-05 -0.0150253 0.00698625 -0.00130315
 -9.18711e-05 -0.0132462 0.00798315 -0.00185153
 -0.000123627 -0.0105638 0.0072026 -0.00186621
 0.000267419 0.0274812 0.0237634 -0.00756278
 0.00016831 0.0304261 0.0251119 -0.00890426
 -9.41956e-05 0.00386306 0.0178526 -0.00594389
 -0.000171892 -0.010463 0.0152714 -0.00434159
 -0.000176322 -0.0209886 0.0146353 -0.00357726
 -0.000178696 -0.0288034 0.0167987 -0.00387378
 -0.000340724 -0.0245264 0.0169925 -0.00448387
 -6.72431e-05 0.026553 0.0275408 -0.0102976
 -0.000368046 0.026596 0.0235279 -0.00994233
 -0.000620025 0.0190451 0.0208451 -0.00887826
 -0.000705071 -0.00301115 0.020703 -0.00747679
 -0.000758586 -0.0217831 0.0229815 -0.00689182
 -0.000893195 -0.0283821 0.0246399 -0.00717151
 -0.000833972 0.0276983 0.0244016 -0.0113654
 -0.00109432 0.0285034 0.0209316 -0.0106085
 -0.00133717 0.0281673 0.0151808 -0.00879708
 -0.00151008 0.0159859 0.0133577 -0.00717294
 -0.00159076 -0.00695412 0.0193621 -0.00740862
 -0.00146361 0.0250686 0.0185802 -0.00984413
 -0.00184103 0.0339414 0.00999523 -0.00771238
 -0.00205132 0.0347654 0.00271574 -0.0050777
 -0.00186632 0.0185158 0.00384844 -0.00381461
 -0.00218099 0.0300606 0.00913457 -0.00736088
 -0.00252644 0.0434089 -0.00567183 -0.00284537
 -0.00242735 0.0389886 -0.0122671 0.000467041
 -0.0021356 0.0355413 -0.00417774 -0.00266263
 -0.0019259 0.0371786 -0.0134928 0.00104689
 -0.00221921 0.0313594 -0.0159309 0.00288007


