**************************************************************
***  MERIS LUT-169: Fourier series terms (s0,..,s5)[TERM]] ***
***                 of polynomial coefficients (k0,..,k3)  ***
***                 for each of 81 aerosol models [IAER],  ***
***                 & for each of 78 geometries [SVZA]     ***
***  - - - - - - - - - - - - - - - - - - - - - - - - - - - ***
***  => useful for multiplicative aer.scat.fct. retrieval  ***
**************************************************************

12 Gaussian angles (deg): SZA/VZA
------------------------         

 2.84 17.64 28.77 36.19 43.61 51.03 58.46 65.88 69.59 73.30 77.01 80.72

Coefficients: [SVZA x (k0,k1,k2,k3)]
------------                        

 Aerosol model #1
 - - - - - - -  

Fourier series term #0
 1.00274 0.799878 0.307683 -0.0205641
 1.00475 1.03921 0.485153 -0.0346412
 1.00626 1.08366 0.57407 -0.0488083
 1.00667 0.980218 0.557836 -0.0569332
 1.01212 1.32995 0.945846 -0.120202
 1.02268 1.97157 1.68682 -0.274266
 1.02789 2.42353 2.16267 -0.459022
 1.02255 3.37427 2.57335 -0.725304
 1.00715 3.94819 2.35512 -0.78225
 0.980823 4.5295 1.61178 -0.677812
 0.950153 5.17775 0.303365 -0.346472
 0.945022 5.83109 -1.46192 0.232334
 1.00478 0.989808 0.487183 -0.0382938
 1.00756 1.14379 0.679983 -0.0631254
 1.01219 1.39392 0.989503 -0.109226
 1.01741 1.63239 1.31965 -0.181914
 1.02436 2.01939 1.76146 -0.311008
 1.0281 2.58949 2.18253 -0.49874
 1.0183 3.43046 2.31589 -0.694536
 1.00264 3.95979 2.02912 -0.719282
 0.977131 4.63316 1.3345 -0.616947
 0.946621 5.43309 0.0767811 -0.293622
 0.943454 6.1025 -1.67278 0.291983
 1.01353 1.38301 1.03195 -0.116324
 1.01934 1.64204 1.37361 -0.187113
 1.02603 1.98926 1.77962 -0.300404
 1.03087 2.34812 2.08878 -0.439628
 1.03103 2.83757 2.29404 -0.608456
 1.01709 3.54234 2.15011 -0.741825
 1.00033 4.04316 1.8029 -0.74073
 0.97471 4.7175 1.12089 -0.630247
 0.94552 5.47327 -0.0953498 -0.306107
 0.944103 6.09852 -1.77051 0.266246
 1.02562 1.91663 1.71425 -0.277187
 1.03069 2.24727 2.03461 -0.39633
 1.03373 2.6234 2.25607 -0.535523
 1.0311 3.15194 2.35971 -0.691291
 1.01331 3.79907 2.06408 -0.778932
 0.995252 4.22545 1.61662 -0.73881
 0.970707 4.7029 0.846869 -0.578921
 0.943474 5.44166 -0.344266 -0.250406
 0.941731 6.24571 -1.98065 0.306236
 1.03345 2.5584 2.2434 -0.511833
 1.03372 2.94292 2.35133 -0.635953
 1.02779 3.48105 2.3577 -0.769788
 1.00609 4.11034 1.92188 -0.808481
 0.986557 4.59132 1.4255 -0.749365
 0.961278 5.05291 0.598871 -0.55932
 0.936451 5.61416 -0.608795 -0.200672
 0.940336 6.18608 -2.16549 0.352124
 1.03133 3.32462 2.37124 -0.740087
 1.02154 3.83082 2.22178 -0.827502
 0.996503 4.47977 1.68787 -0.822245
 0.975741 4.9171 1.14259 -0.732386
 0.949622 5.48455 0.275915 -0.523842
 0.926078 6.07414 -0.987702 -0.134233
 0.936226 6.50407 -2.51799 0.432045
 1.00763 4.24659 1.92977 -0.85757
 0.978424 4.94918 1.27906 -0.799493
 0.955989 5.40651 0.707507 -0.68714
 0.929413 5.95737 -0.214273 -0.442174
 0.909036 6.55537 -1.53585 -0.0145068
 0.922658 7.14087 -3.10093 0.566936
 0.944164 5.67436 0.562019 -0.691761
 0.920441 6.17341 -0.145064 -0.519612
 0.901503 6.4486 -1.13569 -0.200318
 0.88034 7.242 -2.41517 0.214518
 0.904307 7.87427 -4.01026 0.820708
 0.903123 6.39952 -0.88054 -0.296917
 0.881261 6.90836 -1.80313 -0.0115748
 0.862625 7.80352 -3.15467 0.431265
 0.904584 8.03106 -4.53735 1.0052
 0.85778 7.68146 -2.8107 0.290828
 0.857813 8.1662 -4.03021 0.738676
 0.914987 8.19181 -5.18922 1.25177
 0.876333 8.36065 -5.01221 1.13239
 0.950117 8.44912 -6.05757 1.59689
 1.04536 8.24782 -6.6735 1.91195

Fourier series term #1
 -0.000312534 -0.0715284 -0.0353773 0.00238885
 -0.000193492 -0.0161508 -0.0147562 0.000504128
 -3.51316e-05 0.0173771 0.00543491 -0.00120483
 7.54521e-05 0.039709 0.016409 -0.00239884
 -0.00203969 -0.143042 -0.14716 0.0178021
 -0.00151028 -0.0526059 -0.0876407 0.0136757
 -0.00140339 -0.0618417 -0.0784559 0.0178311
 -0.000682206 -0.0646163 -0.0343049 0.0143431
 -0.000151926 -0.0861444 -0.012178 0.0114866
 0.000386831 -0.0871281 0.0275987 0.000717742
 0.000105892 -0.0593275 0.0654656 -0.0137793
 -0.00162375 -0.0133467 0.0742142 -0.0213367
 -0.000636281 -0.0150974 -0.0342652 4.73169e-05
 -0.00188872 -0.0551238 -0.107137 0.00550568
 -0.00427302 -0.163735 -0.255892 0.0232111
 -0.00666375 -0.268615 -0.398111 0.0516698
 -0.00945934 -0.43546 -0.563417 0.100762
 -0.00874728 -0.478068 -0.504202 0.124936
 -0.0037958 -0.396802 -0.180586 0.0810351
 -0.00110204 -0.429516 -0.0165703 0.0480888
 0.00095412 -0.432728 0.185947 -0.00830362
 -0.000886684 -0.327984 0.381243 -0.0817156
 -0.0105995 -0.0851314 0.422553 -0.120793
 -0.00564747 -0.222541 -0.336929 0.0324084
 -0.00866342 -0.321085 -0.490333 0.0626119
 -0.0115221 -0.443673 -0.632424 0.106975
 -0.0122081 -0.532964 -0.652383 0.144994
 -0.0109858 -0.682222 -0.591475 0.176578
 -0.00496892 -0.786405 -0.294443 0.144015
 -0.000886614 -0.721203 -0.009019 0.0711168
 0.000831884 -0.567059 0.306851 -0.0335287
 -0.0029004 -0.397111 0.536472 -0.130252
 -0.0156353 -0.160581 0.583008 -0.17857
 -0.0120828 -0.460018 -0.653069 0.105522
 -0.0135406 -0.55024 -0.709241 0.144428
 -0.013497 -0.661045 -0.683054 0.178725
 -0.01077 -0.757752 -0.516961 0.182963
 -0.0043957 -0.844431 -0.190281 0.130301
 -0.000660771 -0.836167 0.0626034 0.0629748
 0.00102476 -0.749505 0.347287 -0.034298
 -0.00299745 -0.598688 0.583726 -0.135569
 -0.019464 -0.205014 0.630698 -0.19651
 -0.0143415 -0.695694 -0.744273 0.185257
 -0.0124031 -0.76712 -0.615377 0.194671
 -0.00868703 -0.840104 -0.396468 0.175619
 -0.00243967 -0.818627 -0.000624714 0.0841319
 0.000338661 -0.847143 0.219354 0.0207582
 0.000856497 -0.762224 0.455478 -0.0684966
 -0.00425608 -0.583178 0.62664 -0.154853
 -0.0194032 -0.293064 0.642822 -0.199912
 -0.00968031 -0.859956 -0.472042 0.190548
 -0.00530645 -0.894437 -0.196913 0.141357
 9.41005e-06 -0.794354 0.198198 0.026884
 0.00140857 -0.732185 0.395428 -0.0443005
 0.000278316 -0.64739 0.576521 -0.12142
 -0.00645902 -0.450821 0.67369 -0.186947
 -0.0208564 -0.164143 0.598809 -0.199197
 -0.00185177 -0.856683 0.0886208 0.0650714
 0.000596933 -0.773221 0.408981 -0.0443298
 -0.00055186 -0.625479 0.576713 -0.120207
 -0.00428373 -0.493676 0.662358 -0.173981
 -0.0135784 -0.28207 0.686018 -0.215912
 -0.0287714 0.0501678 0.518994 -0.195979
 -0.00290348 -0.550191 0.640492 -0.1535
 -0.00629788 -0.489328 0.70576 -0.192838
 -0.0122882 -0.383513 0.722796 -0.222049
 -0.0250693 -0.0377365 0.60863 -0.22505
 -0.0403834 0.336693 0.335503 -0.163629
 -0.0113173 -0.390713 0.726029 -0.220411
 -0.0198476 -0.18182 0.672252 -0.232573
 -0.0317318 0.0435452 0.55019 -0.218969
 -0.0473341 0.483058 0.198693 -0.13062
 -0.0287439 -0.0220521 0.592873 -0.228208
 -0.0421831 0.26894 0.387425 -0.18633
 -0.052638 0.599782 0.0348871 -0.0820798
 -0.0518721 0.535962 0.118242 -0.111792
 -0.0561158 0.699684 -0.152148 -0.0186435
 -0.0532082 0.829434 -0.405637 0.0746198

Fourier series term #2
 -1.72705e-05 -0.00585066 -0.00212095 0.00015262
 -6.42795e-05 -0.0108571 -0.00617615 0.00044476
 -1.20781e-06 0.00236273 0.00146992 -0.000152608
 -9.98719e-05 -0.00953442 -0.00571737 0.000538882
 5.03947e-05 0.00438234 0.00770923 -0.000953112
 -9.99419e-05 0.00679606 0.00567406 -0.00115798
 -0.00104744 -0.0506241 -0.0527292 0.0106775
 -0.000238404 0.064096 0.0508926 -0.0146749
 -0.000665943 0.0975362 0.0598388 -0.0203074
 -0.00111911 0.0163308 -0.0011509 -0.000905256
 -1.56843e-05 -0.118233 -0.0194013 0.0116217
 -4.98997e-05 -0.144677 0.0291407 -0.00347472
 -0.000322069 -0.0565377 -0.0368705 0.00288003
 0.000798037 0.0615257 0.0590185 -0.00545309
 0.00162418 0.115242 0.115151 -0.0135232
 0.00104575 0.0552939 0.0540436 -0.0103829
 0.000212852 -0.00531763 -0.0337779 -0.00119089
 -0.00121491 -0.0580531 -0.152183 0.0214642
 -0.0013692 -0.0291033 -0.175845 0.0345954
 -0.000788161 -0.0423583 -0.184564 0.0429456
 0.000460261 -0.0496569 -0.167947 0.0446927
 0.00209615 -0.0541815 -0.118395 0.0353421
 0.00320722 -0.070402 -0.0455758 0.0153663
 0.00145004 0.0678037 0.0843672 -0.0108909
 0.00178867 0.0866118 0.0880755 -0.0168467
 0.00161865 0.108035 0.0577089 -0.0208239
 -0.000503227 0.0486231 -0.102278 0.00207012
 -0.00272899 -0.0268918 -0.297938 0.0473511
 -0.00328982 -0.135141 -0.47598 0.113386
 -0.00162942 -0.18107 -0.48831 0.134761
 0.00156052 -0.191891 -0.413356 0.12893
 0.00595962 -0.231775 -0.286043 0.102057
 0.00951481 -0.291407 -0.113585 0.0513119
 0.00180491 0.0906372 0.0514828 -0.0195411
 -0.000144682 0.0423239 -0.0975665 -0.00127006
 -0.00111985 0.0713692 -0.20262 0.0163618
 -0.00302418 0.0294952 -0.404723 0.0703617
 -0.00324674 -0.193556 -0.655393 0.171394
 -0.000152387 -0.288372 -0.673079 0.201515
 0.0056341 -0.393834 -0.612545 0.208874
 0.0133851 -0.495041 -0.427208 0.170447
 0.0172336 -0.483579 -0.158185 0.0822581
 -0.00133748 0.0500541 -0.218918 0.0177892
 -0.00264477 0.0578755 -0.381609 0.0553183
 -0.00438116 -0.0652827 -0.635068 0.139463
 -0.00185815 -0.200949 -0.79969 0.225557
 0.00261475 -0.314125 -0.813981 0.258887
 0.0106429 -0.49784 -0.733927 0.268165
 0.0220149 -0.731227 -0.496881 0.22195
 0.030196 -0.904806 -0.118232 0.104333
 -0.0039681 -0.0642374 -0.633684 0.130516
 -0.00304762 -0.157818 -0.840556 0.214604
 0.00291468 -0.331457 -0.954065 0.298826
 0.00980763 -0.483949 -0.923352 0.324211
 0.0202684 -0.649725 -0.792675 0.316364
 0.0339755 -0.87398 -0.503304 0.249732
 0.0449005 -1.13129 -0.0595614 0.111127
 1.87867e-05 -0.333022 -1.03558 0.31381
 0.00981932 -0.529178 -1.05528 0.377987
 0.0192135 -0.7209 -0.989386 0.394885
 0.0327534 -0.930332 -0.789063 0.365717
 0.0462503 -1.06048 -0.431132 0.26124
 0.0609366 -1.43996 0.0749669 0.104236
 0.0254849 -0.917946 -1.04074 0.444883
 0.0377715 -1.10671 -0.874989 0.425613
 0.0481708 -1.13509 -0.573577 0.334983
 0.0685506 -1.57083 -0.153345 0.228175
 0.0783992 -1.89305 0.442093 0.0226869
 0.0464614 -1.13121 -0.656694 0.365665
 0.0625487 -1.42512 -0.363711 0.298611
 0.0857047 -2.00786 0.168917 0.158744
 0.0854169 -1.96952 0.624963 -0.0347417
 0.0843401 -1.94973 0.0317895 0.211696
 0.0967457 -2.15708 0.485189 0.0564137
 0.0916836 -2.15888 0.939759 -0.13804
 0.101748 -2.26522 0.885031 -0.0943808
 0.0924335 -2.38124 1.3571 -0.287878
 0.0757897 -2.47708 1.7425 -0.449524

Fourier series term #3
 5.77181e-05 0.0165676 0.00640347 -0.000428538
 6.04675e-05 0.0117978 0.00623362 -0.000454221
 -7.21813e-05 -0.0109306 -0.00659814 0.000571316
 -3.09858e-05 -0.0037088 -0.00239786 0.0002469
 0.00018893 0.0183562 0.014962 -0.00189223
 -0.00056025 -0.0435422 -0.0409388 0.00664038
 0.000236265 0.0205864 0.020951 -0.00443486
 0.000412846 0.0662555 0.0549691 -0.015338
 -0.000204522 -0.0482666 -0.0327241 0.0106475
 0.000481994 -0.146038 -0.0605216 0.0243674
 0.000733088 -0.0964862 -0.00887617 0.00732029
 -0.00132426 0.0779893 -0.013633 0.000779997
 -9.64923e-05 -0.0205863 -0.0123038 0.00118896
 -0.000711573 -0.0767707 -0.0615629 0.0055949
 5.18168e-05 0.0183038 0.0121671 -0.00114846
 0.000993257 0.0843945 0.0864273 -0.0107536
 0.000365484 0.0125031 0.0325155 -0.00376321
 -0.000227303 -0.0532018 -0.0247264 0.00658918
 0.000104914 0.0365472 0.0263773 -0.00918357
 -0.000256411 0.00716451 -0.00544479 -0.000715906
 -0.000178671 -0.0360522 -0.0279883 0.00797523
 -7.57731e-05 -0.0275488 -0.0190943 0.00550424
 -0.000481973 0.0260741 -0.0235172 0.00490741
 8.53753e-05 0.000464482 0.00784306 0.00025815
 0.000663603 0.0386518 0.056932 -0.00523625
 0.00105693 0.0514587 0.0911388 -0.0108197
 0.00201629 0.0924709 0.152575 -0.0269666
 0.00113611 0.0393821 0.0943156 -0.0217238
 -0.000370101 -0.0617564 -0.0311338 0.00727619
 -0.000635766 -0.0431332 -0.0568403 0.0128596
 -0.00109508 0.028485 -0.063739 0.0117258
 -0.00108241 0.0490741 -0.0873928 0.0199812
 0.000605892 0.000599024 -0.088724 0.0259284
 0.000764044 0.0246743 0.0706443 -0.00634591
 0.00244271 0.101781 0.183283 -0.028724
 0.00191586 0.0668839 0.159269 -0.0310881
 0.00117766 0.0693407 0.140599 -0.0365495
 -0.000290751 0.106565 0.0624399 -0.0300479
 -0.00129261 0.0605505 -0.0378778 -0.00184534
 -0.000607601 -0.0984646 -0.136889 0.0403978
 0.000381464 -0.0778664 -0.140519 0.0442387
 0.00138939 0.0276631 -0.161577 0.0483658
 0.002498 0.0826261 0.194388 -0.0361459
 0.00145206 0.0316385 0.149405 -0.0330506
 0.00154888 0.177118 0.202958 -0.065424
 -0.00121641 0.141426 0.0537721 -0.0338539
 -0.00234766 0.144668 -0.0409672 -0.00871951
 -0.00199575 0.0573247 -0.146954 0.0322942
 0.000703212 -0.0348738 -0.202703 0.0621814
 0.00600185 -0.137351 -0.181705 0.0670197
 0.00183554 0.136475 0.208073 -0.0622659
 3.993e-05 0.173621 0.152452 -0.0614587
 -0.00238225 0.181354 0.00555828 -0.0279106
 -0.00312772 0.194926 -0.0906668 -7.78437e-05
 -0.00281187 0.190081 -0.197912 0.0383302
 0.000545257 0.106182 -0.268173 0.0751259
 0.00824741 -0.058865 -0.241591 0.0850709
 -0.00229446 0.158337 0.0387534 -0.0368782
 -0.00461529 0.249488 -0.0806833 -0.0096734
 -0.00427422 0.17932 -0.222095 0.0440167
 -0.00428202 0.258816 -0.273435 0.0607795
 0.000196007 0.168068 -0.338304 0.0986425
 0.00994685 -0.0312133 -0.290859 0.105948
 -0.00409987 0.130946 -0.284324 0.0703971
 -0.00480395 0.22327 -0.316597 0.078385
 -0.00336992 0.247035 -0.364181 0.100223
 0.00378969 0.123412 -0.394085 0.131275
 0.014017 -0.000101505 -0.348298 0.132517
 -0.00386577 0.243147 -0.363478 0.0988888
 -0.000129839 0.195854 -0.400869 0.124334
 0.00713871 0.126717 -0.428553 0.149297
 0.0190262 -0.140732 -0.260142 0.116443
 0.0041203 0.193553 -0.451124 0.150297
 0.0153689 -0.0579124 -0.344505 0.14206
 0.0236308 -0.222312 -0.17832 0.0967477
 0.0234593 -0.219291 -0.207023 0.109225
 0.0282799 -0.146754 -0.184974 0.0952128
 0.031903 -0.168185 -0.0951706 0.0617864

Fourier series term #4
 1.60222e-05 0.00513536 0.00171628 -0.000111184
 3.08925e-05 0.00631979 0.00320499 -0.000239813
 -2.75716e-05 -0.00465492 -0.00273131 0.000242216
 6.50458e-05 0.00798782 0.00522514 -0.000537022
 -9.29753e-05 -0.00958614 -0.00804518 0.00101496
 -2.37768e-05 -0.00639736 -0.00511655 0.000841087
 0.000587004 0.0396511 0.038549 -0.00810494
 -0.000211486 -0.0527739 -0.0439206 0.012329
 8.46983e-05 -0.0743224 -0.0490342 0.0159654
 0.000385096 -0.00970548 -0.00407106 0.00149726
 -0.000431426 0.0900027 0.0103996 -0.00777671
 -0.000482603 0.110175 -0.0217024 0.00239686
 -1.98809e-05 -0.00694305 -0.00309375 0.000358778
 5.08116e-05 -0.00400821 -1.56412e-05 0.000243825
 -0.00046123 -0.04544 -0.0400238 0.0041623
 -7.81075e-05 0.00825387 -0.000447032 -0.000181847
 0.000622844 0.0546781 0.0510344 -0.00858934
 6.73056e-06 -0.0227853 -0.0114281 0.00312273
 7.2905e-06 -0.022288 -0.00823647 0.00384407
 0.000149615 -0.0163958 -0.00202891 0.00183801
 0.000165393 0.00178612 0.000437959 -0.000305583
 -7.40743e-05 0.0268105 -0.000577437 -0.00130039
 -0.000213156 0.0329538 -0.00478666 0.000255646
 -0.000844467 -0.0792969 -0.0709989 0.00781306
 -0.000587579 -0.039983 -0.0446272 0.00564876
 0.000321136 0.0306966 0.0254505 -0.0042077
 0.000474579 0.0444481 0.0476667 -0.00757741
 0.000789536 0.0397083 0.0666194 -0.0127483
 0.000573014 -0.0176476 0.0262588 -0.00409594
 0.000494213 -0.05758 0.00365732 0.00360379
 0.000336466 -0.0358913 0.0184284 -0.00215674
 -0.000109238 -0.0118303 0.022554 -0.00579711
 -0.000181022 -0.0110005 0.00960077 -0.00236739
 0.00018211 0.0118114 0.00798462 -0.00121542
 0.000110784 0.0135444 0.015105 -0.000823718
 0.00073989 0.0348093 0.0611468 -0.00910388
 0.00161657 0.0827438 0.125861 -0.0280171
 0.00105739 0.0109273 0.107218 -0.0243478
 0.00087525 -0.068794 0.0581033 -0.00916277
 0.000724058 -0.0421774 0.0477595 -0.010695
 6.20643e-05 -0.0054389 0.0356442 -0.0106788
 0.000310253 -0.062422 0.0361928 -0.00812493
 0.000400885 0.00354819 0.0343091 -0.00239242
 0.00187712 0.0784653 0.134946 -0.026938
 0.00142831 0.00718651 0.130289 -0.0244576
 0.0013666 0.0996807 0.199986 -0.0572774
 0.000612944 0.0363072 0.168165 -0.0486604
 -0.000407049 0.0403939 0.133721 -0.0435364
 -0.00107545 0.0235585 0.0794818 -0.0278732
 0.000118729 -0.107785 0.0788349 -0.020111
 0.0013121 -0.0158114 0.115811 -0.018248
 0.00199722 0.0365229 0.207667 -0.0491933
 0.00082562 0.119438 0.26196 -0.0809452
 -0.000608026 0.116552 0.238142 -0.0801632
 -0.00249573 0.116192 0.215165 -0.0784925
 -0.00428638 0.107783 0.132983 -0.0546319
 -0.00449726 0.0886889 0.0629441 -0.0295028
 0.00155562 0.0704842 0.266834 -0.0766352
 -0.000695668 0.0547315 0.299997 -0.0970519
 -0.00261908 0.0899144 0.278866 -0.0994659
 -0.007706 0.269735 0.259397 -0.114708
 -0.00759075 0.127209 0.155869 -0.0697953
 -0.0132226 0.322988 0.0200411 -0.0372243
 -0.00476956 0.124746 0.327058 -0.123523
 -0.00878052 0.214969 0.298737 -0.128583
 -0.00990003 0.134305 0.230797 -0.101138
 -0.0181771 0.354889 0.115495 -0.083424
 -0.0200761 0.348668 -0.00252891 -0.0370598
 -0.009139 0.103154 0.254459 -0.106798
 -0.0156298 0.253992 0.194368 -0.104195
 -0.024142 0.441991 0.0639027 -0.0765274
 -0.0217997 0.310323 -0.0121779 -0.0318555
 -0.0237717 0.421489 0.108159 -0.0928795
 -0.0266533 0.423831 0.0068907 -0.0548973
 -0.0232242 0.292332 -0.0432053 -0.0189946
 -0.0259571 0.346732 -0.0427343 -0.0271115
 -0.0259734 0.244227 -0.0473848 -0.0129157
 -0.0261677 0.310947 -0.155634 0.0262246

Fourier series term #5
 3.10388e-07 0.000237378 2.44435e-05 -9.33213e-07
 -1.68475e-05 -0.00322737 -0.00170809 0.000122167
 1.92859e-05 0.00289386 0.0017433 -0.000148268
 5.82529e-06 0.00096842 0.000542385 -6.08632e-05
 -2.47983e-05 -0.00273263 -0.0019152 0.000249461
 0.000165313 0.0127659 0.0120157 -0.00194181
 -0.000107942 -0.00770766 -0.00795288 0.00169588
 -0.000129624 -0.0171489 -0.014448 0.00395992
 5.02045e-05 0.0133685 0.00838832 -0.00284488
 -0.000127191 0.0438333 0.0182594 -0.0073463
 -0.000259538 0.0338479 0.0043133 -0.00291341
 0.000392906 -0.026902 0.00598673 -0.000683523
 -2.67229e-05 -0.0067611 -0.0032448 0.000315141
 8.24393e-05 0.00876052 0.0068509 -0.000516352
 -7.59914e-05 -0.0110555 -0.0076604 0.000922279
 -0.00022012 -0.0237204 -0.0205781 0.00261857
 0.000250313 0.033297 0.0253132 -0.00451291
 -0.000246659 -0.0243521 -0.0185612 0.00447395
 0.000137114 0.0243409 0.0148847 -0.00492337
 4.65684e-06 0.0120783 0.00437193 -0.00190152
 0.000112935 -0.0257444 -0.00745052 0.00358394
 0.00017279 -0.0263804 0.00470579 0.000184311
 -0.000410458 0.0159319 0.00285062 -0.00142311
 -0.000124759 -0.0255939 -0.0156187 0.00207681
 -0.000435117 -0.0467298 -0.0406109 0.0052894
 -0.000756989 -0.0509626 -0.0560164 0.0086976
 0.000258443 0.0326035 0.0214197 -0.0052446
 0.000493912 0.0592269 0.0467415 -0.0120279
 7.06589e-05 -0.0226182 -0.00114155 0.00240253
 0.000250248 -0.0448018 -0.0153974 0.00729824
 0.000251433 -0.00433872 0.000391206 0.0005911
 -4.85666e-05 0.0241515 0.00395137 -0.00227689
 0.000218682 -0.0012364 0.00353176 -0.000664999
 -0.00100939 -0.0760274 -0.0772417 0.0117042
 -0.000814139 -0.0491741 -0.0621338 0.0101228
 0.00032915 0.0395721 0.0239166 -0.00668974
 5.77924e-05 0.0275967 0.0224913 -0.00503963
 0.000355863 0.0694472 0.0505865 -0.0161525
 0.000264233 0.0308384 0.030202 -0.00923769
 0.000396535 -0.0102745 0.0282923 -0.00650624
 0.00095675 -0.0627541 0.0234941 -0.00217991
 0.000983862 -0.0583925 0.0248252 -0.00398701
 -0.00042405 -0.0227177 -0.0379346 0.00627671
 -0.000326462 -0.00971587 -0.0192402 0.00473119
 0.000545403 0.0673167 0.0464559 -0.0138581
 0.000455293 0.0582554 0.0619846 -0.0178342
 0.000153703 0.104622 0.0826122 -0.029097
 -0.000190428 0.0744093 0.0666649 -0.0239452
 0.000145194 -0.00544744 0.0604585 -0.0176305
 0.000985967 -0.0713143 0.0597612 -0.0146104
 0.000180486 0.0239319 0.00750484 -0.00268503
 0.000450237 0.0265693 0.0268575 -0.00620312
 0.0006662 0.0395185 0.0789383 -0.0218924
 0.000342892 0.0692931 0.0933832 -0.03019
 -0.000946218 0.156251 0.0980712 -0.0411565
 -0.00140378 0.116531 0.0639298 -0.0285056
 -0.00261652 0.0981991 0.0496178 -0.0230744
 0.000630728 -0.00642427 0.0500687 -0.00944766
 0.000872241 0.0122224 0.0552266 -0.0146124
 -0.000597985 0.122446 0.138362 -0.0515561
 -0.00152353 0.103692 0.115943 -0.0455719
 -0.00310287 0.114187 0.0925337 -0.0406981
 -0.00782477 0.290773 -0.000105124 -0.0227047
 -0.00109469 0.0994177 0.160296 -0.0591731
 -0.000437884 0.0189943 0.133715 -0.0450207
 -0.0024341 0.0775833 0.116043 -0.0473192
 -0.00700494 0.202031 0.0826423 -0.0493266
 -0.0104901 0.267811 0.00868766 -0.0280708
 -0.00133878 0.0270248 0.128666 -0.0468327
 -0.0041386 0.108084 0.11117 -0.0508188
 -0.00855684 0.185805 0.0883846 -0.0521697
 -0.0131744 0.362424 -0.0658462 -0.0102171
 -0.00614501 0.101196 0.123146 -0.0570288
 -0.0137019 0.34148 -0.00880964 -0.0329138
 -0.0145478 0.359057 -0.0960476 0.000493521
 -0.0162767 0.376566 -0.0811539 -0.00900851
 -0.0132891 0.300687 -0.107035 0.0107236
 -0.0118927 0.195174 -0.0732146 0.00838668
