**************************************************************
***  MERIS LUT-169: Fourier series terms (s0,..,s5)[TERM]] ***
***                 of polynomial coefficients (k0,..,k3)  ***
***                 for each of 81 aerosol models [IAER],  ***
***                 & for each of 78 geometries [SVZA]     ***
***  - - - - - - - - - - - - - - - - - - - - - - - - - - - ***
***  => useful for multiplicative aer.scat.fct. retrieval  ***
**************************************************************

12 Gaussian angles (deg): SZA/VZA
------------------------         

 2.84 17.64 28.77 36.19 43.61 51.03 58.46 65.88 69.59 73.30 77.01 80.72

Coefficients: [SVZA x (k0,k1,k2,k3)]
------------                        

 Aerosol model #77
 - - - - - - -  

Fourier series term #0
 1.02638 1.46395 0.33673 -0.0777583
 1.02962 1.64625 0.38262 -0.0938099
 1.03204 1.78945 0.413528 -0.112303
 1.03406 1.91611 0.428275 -0.128445
 1.03627 2.06911 0.424813 -0.145748
 1.03824 2.24438 0.381449 -0.159483
 1.0391 2.4338 0.262248 -0.158965
 1.03736 2.6218 0.00927726 -0.1208
 1.03518 2.70709 -0.193371 -0.0740475
 1.03271 2.77561 -0.460057 0.00155626
 1.03251 2.8014 -0.782793 0.110741
 1.04205 2.71142 -1.08807 0.236103
 1.03026 1.714 0.394132 -0.106347
 1.0333 1.86747 0.418043 -0.124479
 1.03585 1.99724 0.423461 -0.139332
 1.03861 2.14573 0.406091 -0.153876
 1.04116 2.31016 0.346515 -0.163463
 1.04258 2.48008 0.213387 -0.157976
 1.04141 2.64134 -0.0425667 -0.11624
 1.03957 2.71271 -0.239313 -0.0695397
 1.0375 2.76889 -0.494024 0.00392459
 1.03768 2.78625 -0.799881 0.108698
 1.04726 2.69566 -1.08884 0.22876
 1.03541 1.99409 0.403816 -0.132208
 1.03841 2.11971 0.390818 -0.145163
 1.04171 2.26241 0.351145 -0.15661
 1.04445 2.40745 0.266039 -0.160835
 1.04576 2.54974 0.111057 -0.14867
 1.04434 2.68257 -0.155224 -0.100809
 1.04241 2.74213 -0.35072 -0.0521192
 1.04035 2.7897 -0.599342 0.0220572
 1.04062 2.80294 -0.894845 0.125978
 1.05027 2.7147 -1.1722 0.244181
 1.04014 2.23323 0.329037 -0.140319
 1.04257 2.36671 0.255144 -0.140816
 1.04431 2.50473 0.137036 -0.133074
 1.04438 2.63452 -0.0464898 -0.108238
 1.04176 2.75648 -0.332319 -0.0485648
 1.03938 2.81276 -0.53305 0.00508888
 1.03706 2.85848 -0.782975 0.0830162
 1.03744 2.87069 -1.07455 0.188639
 1.04765 2.78199 -1.34246 0.305923
 1.04376 2.46352 0.16543 -0.137333
 1.04488 2.57973 0.0269022 -0.121613
 1.0444 2.69641 -0.171208 -0.0890478
 1.04136 2.80681 -0.465028 -0.0218435
 1.03896 2.85903 -0.666359 0.0349818
 1.0369 2.90166 -0.913259 0.114941
 1.03782 2.91155 -1.19746 0.220868
 1.04892 2.82048 -1.45222 0.335693
 1.0452 2.66266 -0.129071 -0.0966709
 1.04413 2.76347 -0.339322 -0.0555849
 1.04086 2.871 -0.641281 0.0199444
 1.03859 2.92173 -0.843813 0.0805505
 1.03693 2.96242 -1.08871 0.163431
 1.03874 2.96874 -1.36464 0.269919
 1.05123 2.87229 -1.60354 0.3819
 1.04254 2.83973 -0.559057 -0.0045882
 1.03928 2.94158 -0.869142 0.0809893
 1.03744 2.99386 -1.07386 0.146276
 1.03668 3.03371 -1.31603 0.232391
 1.04009 3.0339 -1.58008 0.338843
 1.05494 2.92522 -1.79433 0.445434
 1.0368 3.02319 -1.18082 0.177249
 1.03603 3.06791 -1.38215 0.246734
 1.03717 3.10041 -1.61433 0.334636
 1.04349 3.0878 -1.85513 0.437603
 1.06231 2.956 -2.02617 0.532327
 1.03627 3.10221 -1.57634 0.317183
 1.03895 3.1223 -1.79451 0.403273
 1.04754 3.09472 -2.01253 0.500795
 1.06922 2.94342 -2.14834 0.584428
 1.04385 3.12212 -1.98852 0.484139
 1.05538 3.06954 -2.17029 0.571332
 1.08052 2.88936 -2.25572 0.637924
 1.07057 2.98107 -2.29773 0.640956
 1.09947 2.76106 -2.31376 0.682617
 1.13171 2.49307 -2.23941 0.689301

Fourier series term #1
 -0.000197617 -0.0105499 -0.00270084 0.000589949
 -0.000253571 -0.0110954 -0.00414309 0.000789091
 -0.000326914 -0.0124444 -0.00466931 0.000904928
 -0.000414979 -0.0147853 -0.00450867 0.000941992
 -0.000503378 -0.016308 -0.00305612 0.000710516
 -0.00058494 -0.0163992 0.000103648 2.73332e-05
 -0.000646004 -0.013745 0.00502104 -0.00130477
 -0.000684819 -0.0066814 0.0104452 -0.00323598
 -0.000714943 -0.00101605 0.0122146 -0.00417442
 -0.000776018 0.00622446 0.0121968 -0.00471253
 -0.000873102 0.0148863 0.00930856 -0.00438165
 -0.000951486 0.02426 0.00267419 -0.00261966
 -0.00156789 -0.0688972 -0.0235877 0.00496813
 -0.00213673 -0.0806397 -0.0255931 0.00551462
 -0.00264309 -0.090103 -0.021712 0.00500633
 -0.00320222 -0.0973901 -0.0107706 0.00293899
 -0.00363515 -0.0941181 0.00972133 -0.00193162
 -0.00395904 -0.0727745 0.0380661 -0.0102584
 -0.00403204 -0.0269864 0.0658386 -0.0211641
 -0.00411126 0.00680807 0.0731142 -0.0259949
 -0.00432632 0.0480619 0.0704482 -0.0285074
 -0.00474492 0.0965881 0.0512385 -0.0257542
 -0.00498811 0.147922 0.0124316 -0.0153238
 -0.00363575 -0.131373 -0.028863 0.00683225
 -0.00433451 -0.144292 -0.0175308 0.00476424
 -0.00540907 -0.142785 0.00374145 7.13177e-05
 -0.005952 -0.126773 0.0364804 -0.00867395
 -0.00614929 -0.0840194 0.0747776 -0.0214798
 -0.00608095 -0.00835827 0.104089 -0.0358071
 -0.00612748 0.042791 0.10674 -0.0410508
 -0.00638379 0.10302 0.0939043 -0.0421481
 -0.00686462 0.171455 0.0582774 -0.0355442
 -0.00691074 0.241527 -0.00259858 -0.0184494
 -0.00569938 -0.166815 -0.000639178 0.00108655
 -0.00665728 -0.1601 0.0285531 -0.00627976
 -0.00706952 -0.12744 0.0658809 -0.0174542
 -0.00725418 -0.0668745 0.101312 -0.0309379
 -0.00733237 0.0275522 0.118182 -0.0430701
 -0.00753469 0.0883879 0.110543 -0.0457159
 -0.0079853 0.158342 0.0845567 -0.0429436
 -0.00856963 0.235624 0.0339307 -0.031371
 -0.00849874 0.313087 -0.0434759 -0.00804714
 -0.00751486 -0.152763 0.0605005 -0.0150741
 -0.00798756 -0.106615 0.0963699 -0.027544
 -0.00811865 -0.0277386 0.123658 -0.040933
 -0.00830151 0.0803312 0.124495 -0.050139
 -0.00859884 0.146731 0.106025 -0.0500054
 -0.009081 0.221137 0.0683197 -0.0437647
 -0.00966017 0.302501 0.00407599 -0.0274424
 -0.00916937 0.380533 -0.0842816 0.000314717
 -0.00855929 -0.0572765 0.123169 -0.0389688
 -0.00876669 0.0314597 0.134956 -0.0496534
 -0.0090957 0.151198 0.113551 -0.0534754
 -0.00946144 0.220634 0.0825571 -0.04957
 -0.0100353 0.297182 0.0306034 -0.0383124
 -0.0104358 0.377908 -0.0460445 -0.0169911
 -0.00936348 0.4517 -0.143122 0.0151017
 -0.00928197 0.116149 0.125842 -0.0546961
 -0.00990968 0.237167 0.0788808 -0.0506591
 -0.0103999 0.308849 0.0330089 -0.0415426
 -0.0109328 0.385126 -0.0328741 -0.0247486
 -0.0109716 0.461482 -0.120456 0.00184003
 -0.00897406 0.525021 -0.221503 0.0373531
 -0.0108426 0.343676 0.00698371 -0.0365118
 -0.0113679 0.409355 -0.0518408 -0.0215374
 -0.0116086 0.480094 -0.129646 0.00128955
 -0.0109469 0.548051 -0.224442 0.0326485
 -0.00751307 0.595301 -0.322049 0.0695778
 -0.0117642 0.467662 -0.115539 -0.00335668
 -0.0117194 0.530226 -0.19523 0.0215369
 -0.0104081 0.589023 -0.289035 0.0541764
 -0.00593469 0.624116 -0.379406 0.0900383
 -0.0111797 0.580624 -0.273426 0.0478595
 -0.00896401 0.624739 -0.36045 0.0800605
 -0.00319995 0.642683 -0.437109 0.112653
 -0.00545939 0.647897 -0.431955 0.108702
 0.00173253 0.642657 -0.486576 0.135044
 0.0106321 0.606681 -0.505372 0.149303

Fourier series term #2
 -1.02992e-05 -0.000575253 -0.000130927 3.0452e-05
 -1.35908e-05 -0.000801885 -0.000200115 4.99682e-05
 1.01177e-06 -7.4946e-05 -7.63298e-05 2.01269e-05
 1.82055e-06 -0.00012876 -0.000144232 3.84193e-05
 3.26815e-06 -0.000186544 -0.000236647 6.50013e-05
 4.16409e-06 -0.000320737 -0.00035279 0.000103722
 4.00662e-06 -0.00057006 -0.000445939 0.000147544
 3.96205e-06 -0.000883584 -0.000407053 0.000164843
 4.20845e-06 -0.00104833 -0.000296992 0.000147084
 4.31239e-06 -0.00119549 -0.000110486 0.000100619
 2.71235e-06 -0.00127616 0.000136696 2.24868e-05
 -5.31871e-06 -0.0012168 0.00036332 -6.66179e-05
 -0.00025261 -0.0164635 -0.00439951 0.00121105
 -2.79749e-05 -0.00712317 -0.00416105 0.00115255
 6.8127e-05 -0.00536377 -0.0059753 0.00163936
 0.000101339 -0.00841568 -0.00949187 0.00271212
 0.00010226 -0.0142653 -0.0134491 0.00415007
 6.94474e-05 -0.0232907 -0.0159162 0.00556827
 2.90732e-05 -0.0344131 -0.0135267 0.00593816
 2.55813e-05 -0.0397205 -0.0093018 0.00518435
 2.57773e-05 -0.0439347 -0.00271889 0.00347691
 -3.0345e-05 -0.0459163 0.00559261 0.000789903
 -0.0003022 -0.0437158 0.0132143 -0.00225305
 -8.87356e-05 -0.0214551 -0.0122904 0.00352114
 4.00888e-05 -0.0226489 -0.0181445 0.00527332
 0.000156739 -0.0283889 -0.0255049 0.00774551
 8.51639e-05 -0.0443597 -0.0329883 0.0110286
 -7.17739e-05 -0.0667151 -0.0352403 0.01375
 -0.000185664 -0.0906963 -0.0257626 0.0135456
 -0.00018653 -0.101307 -0.0147117 0.0112983
 -0.000176311 -0.109407 0.000921531 0.00703325
 -0.000295715 -0.112894 0.0197943 0.000719346
 -0.000908913 -0.107702 0.0368482 -0.00631819
 3.41289e-05 -0.0408735 -0.0284211 0.00861383
 8.34973e-05 -0.0563324 -0.0378463 0.0121932
 2.39538e-05 -0.0789615 -0.0438283 0.0156836
 -0.000126842 -0.110862 -0.0408686 0.0177382
 -0.00016909 -0.143395 -0.0218413 0.0153911
 -0.000110145 -0.157137 -0.00446442 0.0113546
 -5.56474e-05 -0.167359 0.0183305 0.00476371
 -0.000214257 -0.17147 0.0447237 -0.00436904
 -0.00113523 -0.163718 0.0675617 -0.014076
 -8.78894e-05 -0.0920146 -0.0490629 0.0175626
 -0.000229335 -0.126038 -0.0516691 0.0212077
 -0.000350515 -0.162889 -0.0414477 0.0219659
 -0.000330132 -0.200778 -0.0123168 0.0171114
 -0.000232247 -0.216758 0.0111028 0.0112328
 -0.000157034 -0.228592 0.0405788 0.00230453
 -0.000403642 -0.232971 0.073545 -0.00947555
 -0.0016566 -0.222933 0.101539 -0.0217641
 -0.000556902 -0.179043 -0.0479609 0.0244749
 -0.000672946 -0.223639 -0.028441 0.0232007
 -0.000535539 -0.262511 0.0111625 0.0150374
 -0.000392858 -0.279655 0.0402732 0.00711233
 -0.000333951 -0.292629 0.0754564 -0.00406738
 -0.000704707 -0.297435 0.113995 -0.0183391
 -0.00235892 -0.285381 0.145709 -0.032803
 -0.000846286 -0.283529 0.00186168 0.0194471
 -0.000647738 -0.327629 0.0520862 0.00762407
 -0.000498226 -0.344275 0.0857477 -0.00236287
 -0.000511904 -0.356854 0.125155 -0.0156691
 -0.00111339 -0.361267 0.167228 -0.0319587
 -0.00329368 -0.347042 0.2003 -0.0478272
 -0.000560356 -0.386829 0.114294 -0.00825646
 -0.000551306 -0.407373 0.152571 -0.0203006
 -0.000806862 -0.419902 0.194388 -0.0352829
 -0.00187224 -0.421417 0.236147 -0.0525306
 -0.00482787 -0.402192 0.265449 -0.0680951
 -0.000710334 -0.432071 0.19314 -0.0332203
 -0.00123228 -0.446797 0.236072 -0.0488955
 -0.00267638 -0.447347 0.276273 -0.0660267
 -0.0061664 -0.424312 0.300858 -0.0803759
 -0.00217893 -0.464331 0.279165 -0.0647603
 -0.00415272 -0.465121 0.316947 -0.0812355
 -0.00831091 -0.438409 0.334928 -0.0934551
 -0.00679372 -0.466521 0.351018 -0.0963818
 -0.0117671 -0.436845 0.36048 -0.10536
 -0.0174624 -0.405306 0.360667 -0.110464

Fourier series term #3
 -7.81892e-07 -4.34454e-05 -9.89786e-06 2.30231e-06
 -2.11729e-06 -0.000118121 -2.66356e-05 6.66434e-06
 -1.72587e-07 -8.20713e-06 -1.03783e-06 3.54484e-07
 -4.12917e-09 1.70546e-06 2.15878e-06 -5.02801e-07
 8.06735e-08 7.75868e-06 3.95889e-06 -1.05458e-06
 -7.17822e-08 -2.92131e-06 1.94892e-06 -3.6548e-07
 2.3284e-07 1.31607e-05 1.61622e-06 -7.96676e-07
 4.47976e-07 1.80636e-05 -4.17711e-06 5.77666e-07
 3.57456e-07 3.08641e-06 -7.2666e-06 2.29537e-06
 3.84046e-07 -9.72899e-06 -7.74788e-06 3.22061e-06
 5.85264e-07 -1.25597e-05 -7.28811e-06 3.38006e-06
 8.6312e-07 -7.095e-06 -7.77217e-06 3.30351e-06
 -0.000173084 -0.00996615 -0.00213371 0.00059692
 -5.85806e-05 -0.00318471 -0.000462744 0.000163583
 -7.94304e-06 -0.000104807 0.000354909 -7.59336e-05
 4.09805e-06 0.000624077 0.000600576 -0.000155045
 2.1716e-05 0.00139581 0.000576492 -0.000179785
 5.00548e-05 0.0021352 1.92931e-05 -6.53372e-05
 7.88637e-05 0.00199633 -0.00117314 0.000295371
 9.39222e-05 0.00133742 -0.0017981 0.000540285
 0.000112317 0.000235281 -0.00217194 0.000751333
 0.000136746 -0.00125463 -0.00199183 0.000806721
 0.000156171 -0.00288661 -0.00109485 0.000599542
 -0.000184434 -0.0103303 -0.00120585 0.000516
 -9.6629e-05 -0.00462766 0.000363151 6.02882e-05
 3.53614e-05 0.00225974 0.00162203 -0.000442056
 0.000127794 0.00571569 0.00101549 -0.000424945
 0.000221646 0.00710721 -0.0015745 0.000229411
 0.000310972 0.00527097 -0.00549131 0.0015683
 0.000358432 0.00260865 -0.00712396 0.00232775
 0.000419202 -0.00128539 -0.00770346 0.00287627
 0.000497985 -0.00620357 -0.00644261 0.00286818
 0.00055281 -0.0113965 -0.0029947 0.00201388
 -0.000116783 -0.00672727 0.000525913 0.000121598
 4.86401e-05 0.00103925 0.00108682 -0.000217741
 0.000248082 0.00900678 -0.000588021 -5.08796e-05
 0.000411731 0.0105049 -0.00518457 0.00122342
 0.00056812 0.00567822 -0.0105303 0.00325783
 0.000663033 0.000741663 -0.0120734 0.0041887
 0.000785989 -0.00585759 -0.0116834 0.0046411
 0.000933234 -0.0137307 -0.00840847 0.00415727
 0.00103134 -0.0218135 -0.00187298 0.00234237
 0.000126681 0.00082809 -0.00089298 0.00038312
 0.000382511 0.00759641 -0.00466983 0.00123782
 0.000656783 0.0103288 -0.0109349 0.0030978
 0.000902505 0.002335 -0.0166404 0.00566858
 0.00105347 -0.00506167 -0.0173523 0.00661528
 0.00124038 -0.0142645 -0.0153204 0.00680139
 0.00145978 -0.0248439 -0.00932856 0.00559687
 0.00157581 -0.0352029 0.000528327 0.00270126
 0.000574822 0.00304612 -0.0108322 0.00345883
 0.000909761 0.00127034 -0.0175906 0.00597158
 0.00130159 -0.00743924 -0.021716 0.0083914
 0.00152659 -0.0163133 -0.0206474 0.00898109
 0.00179989 -0.027586 -0.0158626 0.00843551
 0.00208101 -0.0401322 -0.00653028 0.00618361
 0.00218953 -0.0518658 0.00687326 0.00198611
 0.00123489 -0.0142946 -0.0221347 0.00895244
 0.00176948 -0.0277285 -0.0219335 0.0105612
 0.00210747 -0.036082 -0.0182323 0.0102765
 0.00247584 -0.0469285 -0.010475 0.00864193
 0.00280012 -0.0594963 0.00215315 0.00509218
 0.00284022 -0.0708724 0.0184522 -0.000404387
 0.00240103 -0.0540943 -0.0132258 0.0103697
 0.00281738 -0.0652227 -0.00510817 0.00869216
 0.00323758 -0.075033 0.00604075 0.00556583
 0.00354653 -0.0843809 0.0206985 0.000739666
 0.00341542 -0.0915775 0.0373409 -0.00553651
 0.00323115 -0.0797094 0.00628379 0.00599102
 0.00362953 -0.0909946 0.0198184 0.00199117
 0.00385386 -0.0990169 0.0352718 -0.00343546
 0.00355791 -0.10269 0.0505862 -0.00968269
 0.00394526 -0.104676 0.0361594 -0.00303156
 0.00400434 -0.112719 0.0526693 -0.00905388
 0.00345984 -0.113123 0.0660307 -0.0149917
 0.00378871 -0.121249 0.0697843 -0.0154275
 0.00290947 -0.119544 0.0810568 -0.0208454
 0.00156181 -0.115741 0.0887173 -0.0249651

Fourier series term #4
 -8.93362e-09 -1.06489e-06 -1.85368e-07 4.13003e-08
 -1.84911e-07 -1.02648e-05 -2.34734e-06 6.06579e-07
 -5.02328e-08 -3.02857e-06 -6.148e-07 1.54777e-07
 9.40109e-08 4.70496e-06 1.13608e-06 -3.44729e-07
 -6.44534e-08 -3.44091e-06 -6.57704e-07 2.22092e-07
 -3.22977e-08 -1.7773e-06 -2.05069e-07 1.0127e-07
 9.58993e-08 6.37187e-06 8.2173e-07 -4.49444e-07
 -9.14669e-08 -5.56299e-06 2.42814e-07 1.67719e-07
 -1.00044e-07 -6.97124e-06 6.0857e-07 1.84351e-07
 1.85438e-09 -4.70071e-07 3.47706e-07 -9.21473e-08
 8.56399e-08 7.56282e-06 -2.05234e-06 2.95922e-07
 1.29061e-07 8.02754e-06 -3.16457e-06 6.91501e-07
 -9.43873e-05 -0.00548132 -0.00119495 0.000333278
 -3.92642e-05 -0.00227888 -0.000483857 0.000149702
 -5.27704e-06 -0.000269976 -4.22356e-05 1.52107e-05
 -3.62051e-06 -0.000103857 3.09541e-05 -6.2804e-06
 -6.30319e-06 -0.000122537 0.000110715 -2.75198e-05
 -7.68541e-06 3.38664e-05 0.000246858 -7.42155e-05
 -7.31598e-06 0.000364206 0.000320582 -0.000119022
 -6.70563e-06 0.000557413 0.000270329 -0.000118629
 -5.72399e-06 0.000720138 0.000138942 -8.89004e-05
 -3.16183e-06 0.000792178 -4.9507e-05 -2.95217e-05
 4.06683e-06 0.000712412 -0.00021203 3.69826e-05
 -0.000145735 -0.00868624 -0.00163619 0.000567389
 -9.56528e-05 -0.00538874 -0.000828719 0.000339183
 -3.87868e-05 -0.00142876 0.000199277 -1.47532e-05
 -3.47748e-05 -0.000274757 0.000885649 -0.000245582
 -3.71725e-05 0.000780124 0.00151711 -0.000498641
 -3.06735e-05 0.00255852 0.00160538 -0.000670057
 -2.66859e-05 0.00347306 0.00119727 -0.000622616
 -2.18511e-05 0.0041664 0.000440934 -0.000434605
 -9.40368e-06 0.00441411 -0.000527181 -0.000115278
 2.61718e-05 0.00395759 -0.00131955 0.000225523
 -0.000168873 -0.00954428 -0.000987301 0.000513678
 -0.000129282 -0.00578977 0.000404349 7.24016e-05
 -8.13736e-05 -0.00055661 0.00202169 -0.000565563
 -7.1965e-05 0.00279009 0.00293786 -0.0010336
 -6.7296e-05 0.00619988 0.00246647 -0.00116607
 -6.43503e-05 0.00778433 0.00142077 -0.000969335
 -5.89532e-05 0.00893239 -0.000154661 -0.000541915
 -3.66654e-05 0.00925386 -0.0019839 8.5367e-05
 3.54809e-05 0.00826694 -0.00334295 0.000698381
 -0.000212075 -0.00898718 0.00143227 -6.15184e-05
 -0.000172549 -0.00278504 0.00351806 -0.000928034
 -0.000115913 0.00578502 0.00447469 -0.00173732
 -0.000101866 0.0117261 0.00292246 -0.00174861
 -0.000101945 0.0138622 0.00104453 -0.00133457
 -9.67341e-05 0.0152584 -0.00148587 -0.000594886
 -6.07951e-05 0.0154598 -0.00421517 0.000387381
 5.23266e-05 0.0138312 -0.00614596 0.00130728
 -0.000238952 -0.00275398 0.00511498 -0.00145268
 -0.000187168 0.00710753 0.00527866 -0.00218384
 -0.000143246 0.0177904 0.00201784 -0.0019988
 -0.000143722 0.0209471 -0.000865104 -0.00131722
 -0.000137825 0.0225521 -0.00429089 -0.000258613
 -8.96693e-05 0.0224847 -0.00774759 0.00105554
 6.71169e-05 0.0201127 -0.0100032 0.00222142
 -0.000241751 0.00958293 0.00459658 -0.00227273
 -0.000221738 0.0201707 -5.99235e-06 -0.001649
 -0.00021153 0.02546 -0.00395053 -0.000736283
 -0.00019427 0.0286236 -0.00837318 0.000601614
 -0.000127449 0.0289941 -0.0124294 0.00216582
 7.20924e-05 0.026172 -0.0147185 0.00345507
 -0.000300243 0.0212788 -0.00351504 -0.000621472
 -0.000304547 0.0245855 -0.00701476 0.000347668
 -0.000277747 0.0286611 -0.0117025 0.00175746
 -0.000178837 0.0310662 -0.0164365 0.00345646
 7.04634e-05 0.0296672 -0.0191144 0.00482035
 -0.000327066 0.0245459 -0.00910251 0.00110998
 -0.000304601 0.0266021 -0.0126708 0.00231677
 -0.000199867 0.0289815 -0.0169995 0.00387822
 6.68567e-05 0.028749 -0.0199079 0.00522867
 -0.00028836 0.0251834 -0.0140314 0.00301822
 -0.00019396 0.0255894 -0.0166613 0.00410896
 6.78584e-05 0.0255348 -0.0190434 0.00522
 -0.000137771 0.0226894 -0.0164814 0.00439714
 8.16597e-05 0.0209568 -0.0168665 0.00483463
 0.000162524 0.016705 -0.0145864 0.00439244

Fourier series term #5
 1.71219e-08 5.03543e-07 1.89838e-07 -5.75143e-08
 -3.45532e-08 -2.42838e-06 -4.20933e-07 9.11751e-08
 3.33921e-08 1.53278e-06 4.58771e-07 -1.43433e-07
 -5.95208e-09 -6.16366e-08 -8.45602e-08 3.64633e-08
 -3.37298e-08 -1.90136e-06 -4.01886e-07 1.33889e-07
 4.38261e-08 2.60671e-06 4.15437e-07 -1.76492e-07
 -1.94401e-08 -8.51682e-07 -1.17921e-07 6.78175e-08
 -3.41831e-08 -2.29886e-06 -3.99439e-08 1.22815e-07
 3.30659e-08 1.24907e-06 8.86391e-08 -1.34699e-07
 3.56657e-08 3.91358e-06 -7.43715e-07 4.75703e-08
 2.08673e-08 2.40893e-06 -6.84277e-07 1.08706e-07
 -2.73726e-08 -1.68203e-06 7.51968e-07 -1.85995e-07
 -4.47451e-05 -0.00260629 -0.000563206 0.000157773
 -2.44686e-05 -0.00143063 -0.000304143 9.43673e-05
 -2.83192e-06 -0.000169618 -3.78265e-05 1.26243e-05
 3.08017e-07 6.96153e-06 -5.50151e-06 1.28896e-06
 -1.35972e-07 -2.87183e-05 -1.68612e-05 5.46118e-06
 -6.26538e-07 -5.78312e-05 -1.70031e-05 7.05177e-06
 -1.2571e-06 -6.53469e-05 7.58817e-06 5.22729e-07
 -1.68025e-06 -5.35881e-05 2.71056e-05 -6.32534e-06
 -2.20272e-06 -2.43212e-05 4.23449e-05 -1.33827e-05
 -2.73793e-06 2.34445e-05 4.11252e-05 -1.64003e-05
 -2.91929e-06 7.58514e-05 1.68353e-05 -1.11345e-05
 -0.000104705 -0.00634649 -0.00122888 0.000424173
 -6.57353e-05 -0.00398898 -0.000756626 0.000290274
 -1.26604e-05 -0.000878619 -0.00021105 8.29721e-05
 -2.8649e-06 -0.000302738 -0.000129752 4.71394e-05
 -7.85847e-06 -0.00051202 -7.04954e-05 4.31935e-05
 -1.3556e-05 -0.000516414 0.00016 -2.51464e-05
 -1.61943e-05 -0.000349954 0.000293379 -8.01199e-05
 -1.92544e-05 -6.32681e-05 0.000364882 -0.000126946
 -2.28134e-05 0.000312257 0.000304725 -0.000136135
 -2.34901e-05 0.000692386 8.77681e-05 -8.48159e-05
 -0.000115525 -0.00744429 -0.00122476 0.000524376
 -6.92018e-05 -0.00478049 -0.000756653 0.000363485
 -2.18257e-05 -0.00166266 -0.00028411 0.000144521
 -2.22357e-05 -0.00124606 4.66213e-05 4.02658e-05
 -3.53071e-05 -0.00103481 0.000566595 -0.000131766
 -4.25095e-05 -0.000581228 0.000783404 -0.000235632
 -5.11765e-05 0.000131158 0.000817384 -0.000302945
 -6.05474e-05 0.00101715 0.000544657 -0.000276042
 -6.20257e-05 0.00188077 -5.52748e-05 -0.000115269
 -0.000124973 -0.00887738 -0.00107718 0.000654705
 -9.06928e-05 -0.00640486 -0.00038726 0.000407205
 -5.9698e-05 -0.00293644 0.000495344 -5.40611e-06
 -7.32746e-05 -0.00134109 0.00131234 -0.000367846
 -8.67479e-05 -0.000378227 0.00152207 -0.000517059
 -0.000102727 0.000907286 0.00138284 -0.000579717
 -0.000119267 0.00243384 0.000711365 -0.0004653
 -0.000118151 0.00389426 -0.000465217 -0.000132739
 -0.000161744 -0.0110179 0.000344887 0.000474372
 -0.0001449 -0.00751809 0.00169355 -0.000102829
 -0.000134709 -0.001709 0.00238413 -0.000727249
 -0.000150039 0.000563202 0.00227509 -0.000883288
 -0.000174337 0.00272741 0.00164891 -0.000856796
 -0.000196828 0.00493558 0.00033552 -0.000567771
 -0.000186998 0.00692133 -0.00157991 1.13125e-05
 -0.000225995 -0.0108616 0.0036811 -0.00051482
 -0.000235398 -0.00432633 0.00409754 -0.00116279
 -0.000245665 0.000553997 0.00311665 -0.00123985
 -0.000269041 0.00492679 0.00137644 -0.00100525
 -0.000288368 0.00843174 -0.00103039 -0.000415069
 -0.000254624 0.0109625 -0.00383844 0.000483032
 -0.000337253 -0.00523687 0.00547991 -0.00163972
 -0.000369694 -0.00144658 0.00435768 -0.00159454
 -0.00039276 0.00445171 0.00148724 -0.0010781
 -0.000391686 0.010446 -0.00267224 -3.14968e-05
 -0.000302759 0.0147273 -0.00702053 0.00134028
 -0.000423184 -0.000446135 0.0039728 -0.00157579
 -0.00045569 0.00383301 0.00149385 -0.00105318
 -0.000443788 0.00992585 -0.00301195 0.000131498
 -0.000316753 0.0152123 -0.00817741 0.00174663
 -0.000498081 0.00502776 0.000265142 -0.000705812
 -0.000479618 0.00924878 -0.00341847 0.000356464
 -0.00031668 0.0144051 -0.00863633 0.00202118
 -0.000455487 0.010066 -0.00505129 0.000950386
 -0.000272299 0.0131229 -0.00882374 0.00225884
 -9.40575e-05 0.0126358 -0.00965586 0.00269611


