**************************************************************
***  MERIS LUT-169: Fourier series terms (s0,..,s5)[TERM]] ***
***                 of polynomial coefficients (k0,..,k3)  ***
***                 for each of 81 aerosol models [IAER],  ***
***                 & for each of 78 geometries [SVZA]     ***
***  - - - - - - - - - - - - - - - - - - - - - - - - - - - ***
***  => useful for multiplicative aer.scat.fct. retrieval  ***
**************************************************************

12 Gaussian angles (deg): SZA/VZA
------------------------         

 2.84 17.64 28.77 36.19 43.61 51.03 58.46 65.88 69.59 73.30 77.01 80.72

Coefficients: [SVZA x (k0,k1,k2,k3)]
------------                        

 Aerosol model #23
 - - - - - - -  

Fourier series term #0
 1.02308 1.5537 0.47935 -0.0924242
 1.02402 1.61549 0.514415 -0.1049
 1.02576 1.73347 0.571051 -0.128138
 1.02735 1.84977 0.613506 -0.15077
 1.02924 2.00477 0.645267 -0.178293
 1.03112 2.20124 0.637401 -0.205784
 1.03231 2.44231 0.537852 -0.219893
 1.03152 2.7252 0.257933 -0.188629
 1.03005 2.8754 0.00957969 -0.136689
 1.02854 3.01731 -0.333112 -0.0452788
 1.03008 3.11593 -0.763655 0.093703
 1.04399 3.07396 -1.18967 0.259853
 1.02549 1.68202 0.555777 -0.121096
 1.02755 1.80562 0.607862 -0.145707
 1.02947 1.92822 0.642931 -0.168913
 1.03173 2.08715 0.660329 -0.195583
 1.034 2.28529 0.63028 -0.219722
 1.03554 2.52293 0.503426 -0.227477
 1.03498 2.79203 0.198693 -0.187422
 1.03361 2.9313 -0.0563186 -0.131436
 1.03223 3.06068 -0.398737 -0.0375211
 1.03395 3.14685 -0.820716 0.101322
 1.04795 3.09558 -1.2319 0.264555
 1.02721 1.96168 0.606929 -0.151719
 1.0287 2.09873 0.613339 -0.16933
 1.03029 2.2691 0.58945 -0.186711
 1.03166 2.47427 0.508139 -0.197463
 1.03202 2.70827 0.325696 -0.187494
 1.03014 2.9633 -0.0253891 -0.127936
 1.02816 3.09303 -0.295121 -0.0630849
 1.02632 3.21214 -0.643886 0.037755
 1.02781 3.28832 -1.06242 0.180327
 1.04186 3.22889 -1.46076 0.343147
 1.03225 2.22442 0.622109 -0.197721
 1.03398 2.39666 0.571771 -0.21189
 1.03524 2.594 0.458809 -0.216332
 1.03527 2.81564 0.245987 -0.197583
 1.03291 3.0544 -0.12811 -0.127781
 1.03076 3.17578 -0.404403 -0.0580185
 1.02888 3.28716 -0.755526 0.0470568
 1.03059 3.35625 -1.1712 0.192491
 1.04517 3.29074 -1.56218 0.356694
 1.03572 2.55054 0.506193 -0.225391
 1.03638 2.73893 0.360663 -0.220195
 1.0356 2.94446 0.118994 -0.189751
 1.03259 3.16834 -0.274603 -0.107973
 1.03035 3.28228 -0.555423 -0.0328463
 1.02876 3.38513 -0.905165 0.0760381
 1.03135 3.44361 -1.31117 0.222394
 1.0476 3.36386 -1.68128 0.382892
 1.03631 2.91214 0.182369 -0.202457
 1.03481 3.10738 -0.0862627 -0.15853
 1.03125 3.31926 -0.499871 -0.062413
 1.02902 3.4284 -0.786394 0.0193894
 1.02784 3.5256 -1.13678 0.133646
 1.03147 3.57516 -1.53484 0.282407
 1.04954 3.48146 -1.88522 0.440507
 1.03268 3.28984 -0.379122 -0.099064
 1.02891 3.49783 -0.811163 0.0126661
 1.02702 3.60165 -1.10226 0.101892
 1.0268 3.69147 -1.45061 0.221698
 1.03233 3.72845 -1.83479 0.371748
 1.05344 3.61357 -2.1537 0.5239
 1.02588 3.69551 -1.25579 0.141283
 1.02515 3.79565 -1.5475 0.237705
 1.02708 3.87339 -1.88483 0.361192
 1.03616 3.88599 -2.23843 0.507893
 1.06231 3.73394 -2.49994 0.645378
 1.02563 3.88572 -1.83234 0.336057
 1.0295 3.95301 -2.15551 0.458704
 1.04145 3.9474 -2.48073 0.598985
 1.07134 3.76555 -2.69402 0.721831
 1.03615 3.99768 -2.44992 0.575515
 1.05199 3.96519 -2.73085 0.703236
 1.0865 3.74679 -2.87858 0.804086
 1.07266 3.88957 -2.94255 0.808605
 1.11241 3.62441 -3.00069 0.876853
 1.15657 3.30228 -2.9429 0.899878

Fourier series term #1
 -9.75994e-05 -0.00619509 -0.0022839 0.000397771
 -0.000120593 -0.00562634 -0.00395859 0.000546753
 -0.000198979 -0.00884378 -0.00583048 0.000907945
 -0.000268368 -0.0117689 -0.00650744 0.00115045
 -0.000344691 -0.0147338 -0.00581024 0.00120439
 -0.000419225 -0.0167556 -0.00260484 0.00072714
 -0.000500895 -0.0175537 0.00373867 -0.000656224
 -0.000600669 -0.0150511 0.0128441 -0.00329046
 -0.000680449 -0.0115131 0.0173559 -0.00495176
 -0.00081128 -0.00575512 0.0203826 -0.00645523
 -0.00102509 0.00271676 0.0200241 -0.00710834
 -0.00130219 0.0138883 0.0141426 -0.00591026
 -0.000755931 -0.0331254 -0.0232257 0.00350027
 -0.00134758 -0.057646 -0.0343155 0.00594622
 -0.00179584 -0.0745427 -0.0358014 0.00704538
 -0.00227335 -0.0901357 -0.0284985 0.00685867
 -0.00275655 -0.103167 -0.00437907 0.00229076
 -0.00322089 -0.103443 0.0352549 -0.00705016
 -0.00373818 -0.0812124 0.086641 -0.0230543
 -0.00415926 -0.0568776 0.109388 -0.0322723
 -0.00486774 -0.0205586 0.121845 -0.0398601
 -0.00601127 0.0298065 0.114207 -0.0420411
 -0.00739244 0.0933362 0.0762135 -0.033682
 -0.00214642 -0.0984891 -0.0419355 0.00741205
 -0.00283723 -0.125035 -0.0359775 0.00724621
 -0.00360137 -0.148519 -0.0146419 0.00408927
 -0.00440052 -0.1592 0.0267606 -0.00440213
 -0.00521979 -0.146911 0.0863518 -0.0199987
 -0.00629234 -0.0964431 0.148789 -0.0416267
 -0.00715736 -0.0514134 0.169299 -0.0519944
 -0.00844634 0.00959534 0.171634 -0.0584387
 -0.010355 0.088767 0.142811 -0.0555464
 -0.0123663 0.182789 0.072478 -0.0373915
 -0.00391363 -0.154789 -0.023261 0.00646008
 -0.00484131 -0.17625 0.0104668 0.000122347
 -0.00574313 -0.180323 0.0641507 -0.0126422
 -0.00664545 -0.152818 0.131646 -0.0328908
 -0.00789199 -0.0814769 0.191142 -0.057257
 -0.008877 -0.0246047 0.204803 -0.0675037
 -0.0104259 0.0500475 0.194532 -0.0716935
 -0.0124867 0.142831 0.148766 -0.0645226
 -0.0143994 0.249247 0.0575492 -0.0396961
 -0.00592442 -0.190536 0.0551256 -0.00994769
 -0.00693169 -0.179896 0.116745 -0.0271236
 -0.00802239 -0.134943 0.182783 -0.0502367
 -0.00965105 -0.0420145 0.227613 -0.0738576
 -0.0109493 0.0261374 0.227798 -0.081423
 -0.0127057 0.111019 0.201248 -0.0814684
 -0.0148602 0.213101 0.136154 -0.068276
 -0.016286 0.324278 0.0272827 -0.0369698
 -0.00816433 -0.151537 0.176253 -0.0468918
 -0.00963534 -0.0846519 0.227828 -0.0695135
 -0.0117761 0.027514 0.245117 -0.087868
 -0.0133726 0.105421 0.226346 -0.0904195
 -0.0153807 0.199111 0.177896 -0.0836318
 -0.0174929 0.307067 0.090369 -0.062339
 -0.0182148 0.418015 -0.0368326 -0.0231403
 -0.0115372 0.000317058 0.25366 -0.0878109
 -0.0143874 0.131581 0.231696 -0.0960466
 -0.0162783 0.215915 0.189701 -0.091155
 -0.0184028 0.314451 0.116675 -0.0754429
 -0.0201875 0.423225 0.00651018 -0.0447155
 -0.0196874 0.526361 -0.134409 0.00187247
 -0.017766 0.273683 0.162861 -0.0890242
 -0.0197961 0.363082 0.0943577 -0.0742164
 -0.0216873 0.461239 -0.00311831 -0.0480529
 -0.0225736 0.561981 -0.131654 -0.00761723
 -0.0200282 0.645687 -0.27613 0.0442555
 -0.0217542 0.450768 0.0131189 -0.0537562
 -0.023219 0.546064 -0.0949906 -0.0220791
 -0.0231952 0.638477 -0.227797 0.0220393
 -0.0190716 0.704982 -0.365277 0.0739371
 -0.023927 0.631652 -0.207955 0.0136331
 -0.022518 0.710635 -0.338441 0.0594391
 -0.0163971 0.755509 -0.461426 0.10872
 -0.0192318 0.766543 -0.4552 0.103233
 -0.0106624 0.782763 -0.551862 0.145421
 0.000534768 0.759906 -0.604959 0.173583

Fourier series term #2
 -2.30425e-05 -0.00155195 -0.000478146 9.23731e-05
 7.74852e-07 2.64079e-05 -5.01705e-06 1.19544e-06
 1.28314e-06 1.02304e-05 -5.72985e-05 1.1377e-05
 2.31078e-06 1.6721e-05 -0.000125188 2.53572e-05
 3.3233e-06 -2.12748e-05 -0.000255201 5.53431e-05
 5.03519e-06 -8.49486e-05 -0.000438134 0.000104134
 6.96979e-06 -0.000267817 -0.0006499 0.00017574
 1.19287e-05 -0.000457666 -0.000735467 0.000229628
 1.47266e-05 -0.000649709 -0.000679223 0.000235283
 1.71369e-05 -0.000931465 -0.000499258 0.000204893
 1.76653e-05 -0.00120743 -0.000173112 0.000117758
 1.01891e-05 -0.00130497 0.000201344 -1.05107e-05
 2.02555e-05 0.000316621 -0.000638725 0.000128086
 5.3139e-05 0.000371043 -0.0027406 0.000551417
 8.47492e-05 -4.61779e-05 -0.00582768 0.00122161
 0.000123988 -0.00141774 -0.0108099 0.00242864
 0.00017101 -0.00469044 -0.0177262 0.00442518
 0.000240226 -0.010998 -0.0244032 0.00689504
 0.00035449 -0.022001 -0.0263248 0.00877919
 0.000442954 -0.0292159 -0.0231548 0.00867701
 0.00054229 -0.0368256 -0.0159642 0.00721544
 0.00057888 -0.0434346 -0.00473488 0.00402461
 0.000327881 -0.0461052 0.00788711 -0.000388686
 0.000159638 -0.000127172 -0.00959796 0.00194633
 0.000265249 -0.00208112 -0.0182891 0.00390825
 0.00038853 -0.00846504 -0.0310196 0.00719572
 0.000557256 -0.0200346 -0.0455156 0.0117176
 0.000781156 -0.0406998 -0.0564473 0.0166561
 0.00115045 -0.0702893 -0.0529471 0.0189317
 0.00141584 -0.0871895 -0.041487 0.0173137
 0.0016945 -0.103941 -0.0216825 0.0126396
 0.00179082 -0.117699 0.00576268 0.00439267
 0.00116954 -0.122206 0.0346159 -0.00606763
 0.00036977 -0.00759404 -0.033319 0.00778501
 0.000524721 -0.01903 -0.0521226 0.013263
 0.000696439 -0.0412295 -0.0713584 0.0203059
 0.000976131 -0.0742654 -0.0816732 0.026843
 0.00149316 -0.11786 -0.0695275 0.0284878
 0.00187811 -0.141603 -0.0499732 0.0251328
 0.00226562 -0.164334 -0.0195725 0.0175035
 0.00238092 -0.182408 0.0205041 0.00498033
 0.00143517 -0.187326 0.0612998 -0.0103519
 0.000690812 -0.0403456 -0.0766517 0.0214955
 0.000940852 -0.0741185 -0.0963271 0.0302865
 0.00135386 -0.122023 -0.101013 0.0371655
 0.00211519 -0.178593 -0.0756191 0.0364016
 0.00262681 -0.208342 -0.0466952 0.0305766
 0.00310188 -0.236509 -0.00510995 0.0194457
 0.0031332 -0.258251 0.0470437 0.00252084
 0.00168777 -0.262641 0.0982201 -0.0173725
 0.00130504 -0.122905 -0.110592 0.0394666
 0.00193305 -0.183386 -0.103481 0.044504
 0.00296397 -0.253364 -0.0609552 0.0395135
 0.00359835 -0.288551 -0.0216512 0.0304351
 0.00411723 -0.321272 0.0311477 0.0153069
 0.00399626 -0.346083 0.0946345 -0.00620025
 0.00194262 -0.34972 0.154686 -0.0304265
 0.00283222 -0.257515 -0.0800534 0.0456813
 0.00412568 -0.337482 -0.0184698 0.034702
 0.00481698 -0.378517 0.0312526 0.0218823
 0.00525928 -0.415672 0.0943776 0.00257853
 0.00478914 -0.442492 0.166901 -0.0231596
 0.0018687 -0.443713 0.23211 -0.0507348
 0.00553338 -0.429302 0.0632872 0.0162708
 0.00610882 -0.473117 0.121806 -0.000552709
 0.0062088 -0.513053 0.192576 -0.023719
 0.00500897 -0.540791 0.269851 -0.0525167
 0.000777877 -0.537123 0.33347 -0.0811661
 0.00645122 -0.519766 0.183952 -0.0191573
 0.00618573 -0.558977 0.255942 -0.0435636
 0.00439169 -0.584316 0.331807 -0.0727485
 -0.000729287 -0.576675 0.390505 -0.10037
 0.00534375 -0.598708 0.327928 -0.0686529
 0.0027523 -0.619547 0.398764 -0.0969253
 -0.00345482 -0.604476 0.44718 -0.121509
 -0.000930576 -0.636225 0.461377 -0.122715
 -0.00835996 -0.610836 0.493533 -0.141758
 -0.0169162 -0.576894 0.507159 -0.153719

Fourier series term #3
 -2.47404e-06 -0.000167055 -5.11122e-05 9.86701e-06
 9.65697e-07 6.43182e-05 2.09264e-05 -4.3063e-06
 -6.19503e-07 -4.10772e-05 -1.23003e-05 2.8245e-06
 6.17008e-08 6.11598e-06 4.56785e-06 -9.77113e-07
 5.1018e-07 3.86586e-05 1.67459e-05 -4.30068e-06
 -7.86571e-07 -4.91654e-05 -9.00033e-06 3.42176e-06
 2.27659e-07 2.62973e-05 9.86518e-06 -3.44326e-06
 5.81557e-07 6.01819e-05 4.03158e-06 -3.74587e-06
 -1.86029e-07 -1.36397e-05 -6.2605e-06 2.46169e-06
 -5.25067e-07 -6.86205e-05 -3.2522e-06 4.41661e-06
 7.34859e-09 -4.05239e-05 -4.43456e-06 3.52905e-06
 1.39252e-06 4.05151e-05 -3.10514e-05 8.72985e-06
 1.29349e-06 0.000122205 0.000110957 -2.05342e-05
 -3.22589e-06 -1.90824e-05 0.000299928 -5.43215e-05
 -2.08786e-06 0.000257871 0.00068938 -0.000140844
 5.67787e-07 0.000755034 0.0011769 -0.000273866
 -2.67665e-06 0.000970192 0.0013115 -0.000340755
 5.83125e-06 0.00189503 0.000951401 -0.000328001
 2.84779e-05 0.00311415 -0.000556185 5.66345e-06
 4.6241e-05 0.00329422 -0.00176156 0.000362772
 7.52826e-05 0.00294165 -0.0029733 0.000793859
 0.000124372 0.00191821 -0.00372604 0.00115287
 0.000194439 0.000198797 -0.00345255 0.00120607
 -3.93546e-06 0.000860036 0.00150833 -0.000299251
 -3.79478e-06 0.00207579 0.00281095 -0.000612296
 -1.44125e-05 0.00285768 0.00373657 -0.00089295
 3.85009e-06 0.005807 0.00387333 -0.0011225
 4.47037e-05 0.00911805 0.00128127 -0.000718806
 0.000132736 0.0111644 -0.00479742 0.00084035
 0.000214605 0.0108238 -0.00854781 0.00204146
 0.000342459 0.00886219 -0.0117573 0.00329122
 0.000543744 0.00479356 -0.0130027 0.00410661
 0.000808629 -0.00130625 -0.010811 0.00383151
 -3.1726e-06 0.00346766 0.0046389 -0.00112549
 2.08069e-05 0.00737139 0.00603997 -0.00169578
 5.9221e-05 0.0117424 0.0046428 -0.00169953
 0.000147412 0.0170652 -0.0011757 -0.000542436
 0.000304765 0.0186562 -0.0117099 0.00249261
 0.000442234 0.0167802 -0.0173625 0.0045389
 0.0006664 0.0124191 -0.0214518 0.00641867
 0.00100113 0.00541327 -0.0221714 0.00744009
 0.00142884 -0.00424687 -0.0175115 0.00664572
 6.97852e-05 0.0129585 0.00626347 -0.00215562
 0.000164818 0.0205857 0.00211958 -0.00161453
 0.00030515 0.0255578 -0.00832032 0.000975829
 0.000579081 0.0253055 -0.0228425 0.00566562
 0.000819173 0.0213893 -0.0294754 0.00839126
 0.0011737 0.0142585 -0.0334435 0.010666
 0.00167843 0.00375909 -0.0323987 0.0115221
 0.00226781 -0.00948466 -0.0244014 0.00988778
 0.000314813 0.0282385 -0.00650925 0.000281122
 0.000569925 0.0327918 -0.0208275 0.00437129
 0.00101761 0.0280493 -0.0371436 0.0104501
 0.00139941 0.0218261 -0.0431308 0.0134146
 0.0019353 0.012106 -0.0451903 0.015473
 0.00264052 -0.0013798 -0.0408819 0.0155547
 0.00340207 -0.0177028 -0.0284201 0.0125385
 0.000972255 0.0331821 -0.0372255 0.00994941
 0.00171659 0.0255493 -0.051804 0.0163246
 0.00228688 0.0162872 -0.0551683 0.0189074
 0.00303851 0.00406056 -0.0535165 0.0200392
 0.00395407 -0.0112894 -0.0447683 0.0187064
 0.00485151 -0.0287363 -0.0278406 0.0140233
 0.00281712 0.0128296 -0.0606956 0.0217391
 0.00362435 0.0034535 -0.0601123 0.0230802
 0.00460246 -0.00971052 -0.0537114 0.0225812
 0.00569303 -0.026239 -0.0396826 0.0192208
 0.00662227 -0.0429307 -0.0189002 0.0127173
 0.00458037 -0.00823087 -0.0561329 0.0233742
 0.00564802 -0.0203207 -0.0475193 0.021832
 0.00676706 -0.0352771 -0.0318979 0.0175559
 0.00761275 -0.0506788 -0.0101195 0.0103462
 0.00676779 -0.0335861 -0.0357626 0.0190483
 0.00783386 -0.0458181 -0.019566 0.0140746
 0.00853714 -0.0574453 0.0010601 0.00673478
 0.00873946 -0.0570731 -0.00241394 0.00838528
 0.00921146 -0.0635042 0.015007 0.00161378
 0.00927637 -0.0667114 0.0297367 -0.00462977

Fourier series term #4
 1.16646e-07 8.61824e-06 2.58646e-06 -4.72662e-07
 3.77717e-07 2.51028e-05 8.03374e-06 -1.67446e-06
 -1.92345e-07 -1.30996e-05 -4.30982e-06 9.86567e-07
 4.03126e-07 2.62505e-05 8.73548e-06 -2.13497e-06
 -2.6409e-07 -1.81306e-05 -5.95649e-06 1.65369e-06
 -1.20972e-07 -9.50102e-06 -2.86131e-06 9.63865e-07
 5.31476e-07 3.78237e-05 8.65075e-06 -3.48143e-06
 -3.50149e-07 -3.68897e-05 -2.78255e-06 2.32787e-06
 -3.9361e-07 -4.74724e-05 2.99174e-07 2.11181e-06
 8.32736e-08 -6.26088e-06 1.03441e-06 -1.87808e-08
 6.3691e-07 4.70196e-05 -1.09738e-05 1.21393e-06
 9.48279e-07 5.17351e-05 -1.92746e-05 4.11325e-06
 -4.32999e-06 -0.000295716 -9.19934e-05 2.07069e-05
 1.11118e-06 7.13057e-05 1.7362e-05 -4.66684e-06
 -3.27118e-06 -0.00022091 -7.35472e-05 1.95159e-05
 1.35048e-06 0.000103998 6.79515e-05 -1.69803e-05
 -1.16882e-06 -8.72083e-06 0.000136371 -3.12891e-05
 -7.09781e-06 -0.000236821 0.000274078 -6.15923e-05
 -1.15493e-05 -8.10018e-05 0.000529315 -0.000149814
 -1.41248e-05 0.000131424 0.000585522 -0.000186316
 -1.70707e-05 0.000405269 0.000512185 -0.000187399
 -1.88435e-05 0.000664818 0.000284331 -0.000132437
 -1.41693e-05 0.000786416 -2.14319e-05 -3.18511e-05
 -6.62885e-07 -5.72124e-05 -1.56228e-05 3.65898e-06
 5.52957e-06 0.00047981 0.000230328 -5.80447e-05
 -8.41531e-06 -0.000349672 0.000319974 -5.83016e-05
 -1.99033e-05 -0.000407673 0.00101568 -0.000226096
 -4.38701e-05 -0.000415012 0.00206676 -0.000524581
 -7.73784e-05 0.000577542 0.00294863 -0.000885948
 -9.77417e-05 0.00166515 0.00288899 -0.000971007
 -0.000119381 0.00295992 0.00220427 -0.000867694
 -0.000132101 0.00410636 0.000868397 -0.000508411
 -0.000107163 0.00459586 -0.000701722 2.68347e-05
 -5.3848e-06 -0.000131727 0.000410508 -8.45839e-05
 -1.61772e-05 -0.000121727 0.00131049 -0.000302861
 -5.28173e-05 -0.000985056 0.00275495 -0.00066459
 -9.17624e-05 0.000204543 0.00495272 -0.00140183
 -0.000155046 0.00291379 0.00611033 -0.00206078
 -0.000197549 0.00482426 0.00554878 -0.00210326
 -0.000240644 0.00701971 0.00386546 -0.00177589
 -0.000265913 0.00892944 0.0011181 -0.000992246
 -0.000219588 0.00956262 -0.00185314 6.94408e-05
 -5.28932e-05 -0.000955852 0.00305349 -0.000735987
 -9.57109e-05 0.00018755 0.00612383 -0.00168775
 -0.000175165 0.00223885 0.00908906 -0.00283548
 -0.000284515 0.00773626 0.00972852 -0.00367363
 -0.00035911 0.0108588 0.00815709 -0.00354042
 -0.000434563 0.0138541 0.00501246 -0.00281484
 -0.000474837 0.0160769 0.000583103 -0.00145485
 -0.000397155 0.0164271 -0.00386283 0.000223083
 -0.000178954 0.00215165 0.0100946 -0.00308007
 -0.000293231 0.00806461 0.013123 -0.0046586
 -0.000482481 0.0151723 0.0119781 -0.00521808
 -0.000599565 0.0194606 0.00895302 -0.00473083
 -0.000714823 0.0232892 0.00409592 -0.00347843
 -0.000775279 0.0257824 -0.00209191 -0.00145806
 -0.000665966 0.0255346 -0.0078423 0.000847267
 -0.00048937 0.0154966 0.0145916 -0.00604282
 -0.000771819 0.0259355 0.0107824 -0.00606887
 -0.000943824 0.0301225 0.00631943 -0.00507132
 -0.00110348 0.0339921 3.54114e-05 -0.00325967
 -0.00118487 0.0364404 -0.00742269 -0.000669235
 -0.00104586 0.0355832 -0.0139377 0.00210972
 -0.00118382 0.0360562 0.00434672 -0.00512204
 -0.00140769 0.0418097 -0.00159876 -0.00363965
 -0.00160783 0.0456733 -0.00879208 -0.00136706
 -0.00170041 0.0466916 -0.0161527 0.00145961
 -0.00152895 0.0445204 -0.0220766 0.00427242
 -0.00163174 0.0455015 -0.00703893 -0.00209407
 -0.00184187 0.0499781 -0.0145234 0.000302867
 -0.00192544 0.0512768 -0.0218469 0.00316682
 -0.00173563 0.0479822 -0.0267194 0.0057361
 -0.00203078 0.0519635 -0.020533 0.00244902
 -0.00212343 0.0537083 -0.0275952 0.00523236
 -0.0018669 0.050565 -0.0317896 0.00755742
 -0.0021849 0.0528951 -0.0321672 0.00731709
 -0.00189341 0.0497501 -0.0351134 0.00913433
 -0.00163479 0.0439942 -0.0340707 0.00940086

Fourier series term #5
 8.90884e-08 5.57519e-06 1.79898e-06 -3.62823e-07
 -1.23757e-07 -6.91009e-06 -2.46719e-06 5.3506e-07
 1.54185e-07 9.70042e-06 3.37735e-06 -7.84452e-07
 -4.67621e-09 -3.91682e-07 -1.01155e-07 1.23618e-09
 -1.51899e-07 -1.0834e-05 -3.46995e-06 9.57851e-07
 2.16226e-07 1.51941e-05 4.39079e-06 -1.41111e-06
 -6.87028e-08 -5.43069e-06 -1.0186e-06 4.20611e-07
 -1.45682e-07 -1.42439e-05 -1.42814e-06 1.00132e-06
 1.09405e-07 8.82486e-06 -1.60223e-07 -3.70327e-07
 2.57812e-07 2.54418e-05 -2.74792e-06 -4.11822e-07
 1.57874e-07 1.56985e-05 -3.52559e-06 3.53934e-07
 -1.56797e-07 -1.15693e-05 4.73012e-06 -1.07329e-06
 -1.27535e-05 -0.000855502 -0.000271536 6.05636e-05
 4.29973e-06 0.000286371 9.34054e-05 -2.28118e-05
 -2.38643e-06 -0.000163223 -5.70226e-05 1.50089e-05
 -1.09527e-07 -1.36659e-05 -1.53997e-05 3.5631e-06
 1.63804e-06 9.53742e-05 7.67393e-06 -4.88681e-06
 2.92586e-07 -2.50197e-05 -3.59115e-05 1.05617e-05
 1.29029e-07 -6.86157e-05 -2.7206e-05 1.15356e-05
 -3.25269e-07 -9.72841e-05 7.97966e-07 5.16245e-06
 -1.07602e-06 -0.000108568 4.33836e-05 -7.77755e-06
 -2.2567e-06 -7.37734e-05 7.64505e-05 -2.15599e-05
 -3.69071e-06 3.05172e-06 6.86384e-05 -2.41811e-05
 -7.12848e-07 -6.61241e-05 -3.11994e-05 7.19647e-06
 6.67659e-06 0.000484804 9.01837e-05 -3.03965e-05
 -3.2307e-07 -0.000155539 -0.000145493 3.61402e-05
 5.43269e-06 0.000142857 -0.000155175 3.31995e-05
 5.44538e-06 -7.89194e-05 -0.000216465 6.21783e-05
 -1.56195e-07 -0.000697415 -3.99827e-05 4.77883e-05
 -3.7678e-06 -0.000813137 0.000201589 -1.69417e-05
 -9.78749e-06 -0.000708077 0.000461862 -0.000107454
 -2.07066e-05 -0.000403612 0.000607754 -0.000179741
 -3.50756e-05 6.46662e-05 0.000505091 -0.000176539
 1.74951e-06 5.85664e-06 -0.000129854 2.83373e-05
 1.18968e-05 0.000575865 -0.000147508 1.6093e-05
 6.52913e-06 -0.000247165 -0.000495127 0.000140666
 5.73462e-06 -0.000685385 -0.000421825 0.000157964
 -3.91275e-06 -0.00139388 0.000221027 2.01782e-05
 -1.40111e-05 -0.00162011 0.000764899 -0.000139049
 -3.02749e-05 -0.00142538 0.0012826 -0.000332971
 -5.51143e-05 -0.000736989 0.001494 -0.00047016
 -8.46457e-05 0.000351496 0.00112159 -0.000423987
 9.05707e-06 -0.000120435 -0.000583081 0.000157441
 1.39191e-05 -0.000313128 -0.000681977 0.000210655
 4.18129e-07 -0.00200321 -0.000341497 0.000226389
 -1.78446e-05 -0.0024861 0.00109555 -0.00017506
 -3.7373e-05 -0.00228398 0.00194997 -0.000480629
 -6.89847e-05 -0.00166248 0.00259885 -0.000774209
 -0.000114607 -0.000485061 0.00267259 -0.000923289
 -0.000160305 0.0012658 0.00180944 -0.000760877
 3.19424e-06 -0.00207977 -0.000593038 0.000302232
 -8.63374e-06 -0.00273065 0.000674643 -1.49334e-05
 -5.10511e-05 -0.00354042 0.00279374 -0.000659465
 -8.56818e-05 -0.0026377 0.00374467 -0.00108298
 -0.000136645 -0.000988282 0.00411128 -0.0013916
 -0.000203516 0.00121348 0.00352213 -0.00140734
 -0.000259016 0.00374279 0.00174857 -0.00097102
 -4.45322e-05 -0.00420715 0.00266616 -0.000554403
 -0.000108395 -0.00225761 0.0047841 -0.00147948
 -0.000166704 -0.00122611 0.00542023 -0.00185178
 -0.000241316 0.00106007 0.00510337 -0.00200397
 -0.000322281 0.00437828 0.00335608 -0.00169967
 -0.000361603 0.00791207 0.0002165 -0.000813908
 -0.000216222 -0.000292592 0.00614389 -0.0022465
 -0.000292137 0.00320324 0.00536048 -0.00235048
 -0.00037728 0.00670182 0.00353277 -0.0020598
 -0.000447273 0.00995117 0.000615923 -0.00127843
 -0.000426622 0.0135492 -0.00365117 9.30046e-05
 -0.000376474 0.00536191 0.00441184 -0.00227362
 -0.00045052 0.0100297 0.00145607 -0.00164674
 -0.000493088 0.0143197 -0.00265179 -0.000469607
 -0.000408093 0.017158 -0.00698312 0.00104282
 -0.000499568 0.0129226 -0.00129452 -0.000899034
 -0.000498987 0.0181216 -0.00653129 0.000676913
 -0.00030249 0.0213224 -0.0114953 0.00245578
 -0.000407866 0.0207483 -0.0105474 0.00207158
 -9.29469e-05 0.0241115 -0.0157936 0.00398554
 0.000367142 0.0240808 -0.0179119 0.0048773


