**************************************************************
***  MERIS LUT-169: Fourier series terms (s0,..,s5)[TERM]] ***
***                 of polynomial coefficients (k0,..,k3)  ***
***                 for each of 81 aerosol models [IAER],  ***
***                 & for each of 78 geometries [SVZA]     ***
***  - - - - - - - - - - - - - - - - - - - - - - - - - - - ***
***  => useful for multiplicative aer.scat.fct. retrieval  ***
**************************************************************

12 Gaussian angles (deg): SZA/VZA
------------------------         

 2.84 17.64 28.77 36.19 43.61 51.03 58.46 65.88 69.59 73.30 77.01 80.72

Coefficients: [SVZA x (k0,k1,k2,k3)]
------------                        

 Aerosol model #52
 - - - - - - -  

Fourier series term #0
 1.00117 0.439692 0.0772519 -0.0147689
 1.00396 0.724999 0.261745 -0.0401082
 1.01493 1.61179 0.943258 -0.141719
 1.02286 2.02976 1.35233 -0.22011
 1.03131 2.49951 1.76381 -0.327179
 1.03681 2.89633 2.00249 -0.440593
 1.03636 3.29587 2.01412 -0.546466
 1.0243 3.94419 1.71656 -0.614128
 1.01005 4.27526 1.24808 -0.55862
 0.991108 4.58381 0.476097 -0.38775
 0.97415 4.90889 -0.610968 -0.0686675
 0.984991 5.14709 -1.89315 0.390864
 1.01096 1.20805 0.647578 -0.0926562
 1.01893 1.68149 1.03992 -0.161172
 1.02529 2.07021 1.33385 -0.230327
 1.03116 2.51845 1.63265 -0.324464
 1.03509 2.98206 1.84599 -0.433841
 1.03236 3.44441 1.85216 -0.534403
 1.01598 3.93537 1.45695 -0.559544
 1.00087 4.25276 1.00418 -0.498723
 0.981251 4.64218 0.284885 -0.339716
 0.962611 5.07154 -0.769289 -0.0313829
 0.971386 5.35171 -2.04391 0.426564
 1.0267 1.94236 1.24362 -0.217774
 1.03251 2.22585 1.4134 -0.281246
 1.03783 2.55235 1.5762 -0.364291
 1.04117 2.95122 1.72047 -0.47104
 1.04001 3.36506 1.74122 -0.578505
 1.02745 3.8411 1.44894 -0.627961
 1.01489 4.1305 1.07575 -0.586106
 0.998469 4.48773 0.445434 -0.450379
 0.982965 4.90327 -0.523169 -0.167918
 0.992785 5.22031 -1.74247 0.269349
 1.03493 2.4505 1.45927 -0.322963
 1.03699 2.71185 1.50574 -0.383141
 1.0363 2.96796 1.48695 -0.444877
 1.03119 3.40429 1.43672 -0.523382
 1.01504 3.90264 1.10264 -0.541647
 1.00114 4.25516 0.723448 -0.489177
 0.983738 4.63528 0.0837577 -0.338972
 0.967852 5.09871 -0.890254 -0.0459629
 0.977502 5.5146 -2.12464 0.399476
 1.03646 2.85846 1.43986 -0.417367
 1.0334 3.05246 1.34858 -0.457706
 1.02614 3.36822 1.20387 -0.500326
 1.00842 3.93046 0.8509 -0.505037
 0.994281 4.31903 0.463839 -0.444827
 0.977122 4.7233 -0.167757 -0.289965
 0.961591 5.21273 -1.11137 -0.000875031
 0.971878 5.67634 -2.32816 0.440704
 1.02871 3.19241 1.20207 -0.476681
 1.0194 3.49267 0.986491 -0.491774
 1.00028 3.9438 0.542067 -0.449013
 0.98561 4.32224 0.134476 -0.372199
 0.968147 4.83678 -0.507256 -0.21198
 0.953548 5.39006 -1.45582 0.0837435
 0.967011 5.80679 -2.62925 0.520891
 1.00789 3.70082 0.687937 -0.466095
 0.986861 4.17924 0.149124 -0.379376
 0.971981 4.53954 -0.290679 -0.280102
 0.957604 4.89637 -0.955136 -0.0867422
 0.946166 5.47437 -1.90339 0.218728
 0.964206 6.00005 -3.0837 0.658242
 0.965105 4.63361 -0.458644 -0.247198
 0.952444 4.94486 -0.981528 -0.101176
 0.942917 5.20574 -1.65565 0.120587
 0.937355 5.74809 -2.58271 0.435006
 0.966063 6.17662 -3.66323 0.855354
 0.943535 5.10752 -1.47316 0.0554817
 0.935438 5.46173 -2.14956 0.277574
 0.935589 6.01481 -3.09424 0.605612
 0.974815 6.28252 -4.05551 1.00064
 0.930976 5.86018 -2.8417 0.509519
 0.941849 6.22427 -3.6835 0.824517
 0.993978 6.34113 -4.48768 1.17619
 0.96591 6.3466 -4.31999 1.08752
 1.03399 6.35948 -4.95873 1.38435
 1.11671 6.09471 -5.23816 1.55756

Fourier series term #1
 -0.000196582 -0.0435726 -0.0152594 0.00240112
 -0.000910803 -0.0977758 -0.059173 0.00782839
 -0.0015621 -0.0818589 -0.0778269 0.0096375
 -0.00158041 -0.060292 -0.058763 0.0078226
 -0.00160296 -0.0484117 -0.0371246 0.0058448
 -0.00166643 -0.0548947 -0.0206483 0.00491186
 -0.0012578 -0.0344239 0.0180681 -0.00228092
 -0.00099838 -0.0115653 0.0575598 -0.0131386
 -0.0010518 -0.00856836 0.066619 -0.0168816
 -0.00127881 0.000415482 0.0695684 -0.019793
 -0.00198485 0.0264579 0.0620826 -0.0205178
 -0.00311655 0.0610683 0.0355 -0.0144606
 -0.00557791 -0.379336 -0.305099 0.038576
 -0.00864813 -0.464046 -0.398109 0.0548753
 -0.00963365 -0.428672 -0.358706 0.0549206
 -0.00925496 -0.335062 -0.227094 0.0408172
 -0.00884475 -0.300972 -0.0881334 0.0240969
 -0.00713142 -0.200431 0.11019 -0.0145798
 -0.00577455 -0.0711968 0.290152 -0.0666841
 -0.00623037 -0.00710947 0.347424 -0.0913139
 -0.00830437 0.0898282 0.370478 -0.111452
 -0.0133191 0.246939 0.318725 -0.112402
 -0.0201993 0.448176 0.146018 -0.0699679
 -0.0124294 -0.574382 -0.459777 0.0739264
 -0.0142652 -0.605364 -0.436218 0.0814458
 -0.0147757 -0.601391 -0.340626 0.0780182
 -0.0125762 -0.441596 -0.104423 0.0375844
 -0.0094927 -0.293473 0.164027 -0.0241483
 -0.00617456 -0.092005 0.431814 -0.111717
 -0.00567585 0.0546 0.533222 -0.159944
 -0.00756486 0.21303 0.568486 -0.194557
 -0.0131584 0.380662 0.500689 -0.196946
 -0.0211908 0.57323 0.299913 -0.147844
 -0.0156719 -0.679643 -0.401061 0.0874141
 -0.0153759 -0.646586 -0.280316 0.0757678
 -0.0138716 -0.559798 -0.0908726 0.04379
 -0.0111567 -0.322484 0.188837 -0.0283061
 -0.00922832 -0.0634756 0.438174 -0.116068
 -0.0101417 0.110382 0.531936 -0.16339
 -0.0134609 0.293323 0.543677 -0.191103
 -0.0206321 0.482059 0.448206 -0.183679
 -0.0309335 0.756974 0.200404 -0.120793
 -0.014875 -0.652156 -0.168088 0.0612916
 -0.0131126 -0.54706 0.00881999 0.0240452
 -0.0111225 -0.383894 0.216172 -0.0342557
 -0.0106791 -0.06335 0.452371 -0.127812
 -0.0124086 0.104619 0.529643 -0.171715
 -0.0163729 0.307892 0.529696 -0.197636
 -0.0247098 0.58381 0.408833 -0.187442
 -0.0359401 0.91724 0.118541 -0.11226
 -0.0120605 -0.483926 0.135073 -0.0075068
 -0.0113718 -0.353704 0.293059 -0.0592995
 -0.012095 -0.114481 0.446175 -0.12967
 -0.0146644 0.0895312 0.490635 -0.167116
 -0.0200563 0.346551 0.469757 -0.190245
 -0.0296103 0.667877 0.318556 -0.171988
 -0.040403 1.0037 -0.000372291 -0.0844813
 -0.0119997 -0.256961 0.381789 -0.096632
 -0.0149784 -0.0342054 0.455271 -0.147102
 -0.0183403 0.147818 0.454298 -0.169266
 -0.0230434 0.310368 0.389072 -0.168583
 -0.0332772 0.664492 0.206152 -0.139907
 -0.0437591 1.04158 -0.145428 -0.0411661
 -0.0196677 0.16684 0.436195 -0.169204
 -0.0234677 0.279373 0.377393 -0.165145
 -0.0283352 0.428654 0.264464 -0.143865
 -0.0368584 0.724168 0.0407939 -0.0915892
 -0.0449214 1.06708 -0.3107 0.0138993
 -0.0268205 0.366989 0.302326 -0.152244
 -0.0317733 0.550307 0.152067 -0.1183
 -0.0389376 0.802643 -0.0823606 -0.055165
 -0.0443216 1.1307 -0.44598 0.0591683
 -0.0364798 0.691016 -0.00259257 -0.0760546
 -0.0416219 0.921291 -0.253851 -0.00122889
 -0.0417239 1.1915 -0.604713 0.116953
 -0.0423145 1.07571 -0.484989 0.0764621
 -0.0365482 1.22239 -0.755692 0.177674
 -0.0244086 1.24636 -0.919743 0.249138

Fourier series term #2
 -2.12034e-05 -0.00920646 -0.00154474 0.000318904
 0.000206612 0.0267143 0.0138955 -0.0019456
 5.40979e-05 0.00516436 0.002673 -0.000367698
 -0.00036918 -0.0271377 -0.0211332 0.00334788
 0.000160423 0.0198161 0.0131263 -0.00255397
 4.08882e-05 0.0131843 0.00683482 -0.00167419
 -0.00086263 -0.0530063 -0.0373532 0.00980221
 -8.63554e-06 0.0469306 0.022258 -0.00786164
 -0.000178441 0.0604701 0.0186934 -0.00827886
 -0.000371228 0.004592 -0.00210881 0.000363342
 -6.82274e-05 -0.0619403 0.00341108 0.00230265
 -0.000335111 -0.0641981 0.0215991 -0.00415597
 0.000295477 -0.0301791 -0.00640364 0.00235173
 -0.000352419 -0.0958723 -0.0774023 0.0126869
 -0.000839638 -0.10809 -0.120052 0.0192676
 -0.00102213 -0.0751574 -0.124033 0.0203602
 -0.000742279 -0.0438029 -0.112451 0.0202593
 -0.000755798 -0.0444043 -0.103339 0.0224671
 -0.000436457 -0.0779366 -0.0874486 0.0253921
 0.000192606 -0.0870853 -0.0669953 0.0229091
 0.000922202 -0.0847706 -0.0347673 0.0152653
 0.00125185 -0.0765951 0.00417233 0.00325595
 0.000467212 -0.0618766 0.0361789 -0.00895539
 -0.0013501 -0.162741 -0.170603 0.0283647
 -0.00206663 -0.180041 -0.234514 0.0412752
 -0.00295375 -0.198792 -0.298394 0.0581933
 -0.00384283 -0.17765 -0.315711 0.0691659
 -0.00374338 -0.166662 -0.292129 0.0752881
 -0.00249529 -0.173304 -0.225959 0.0719742
 -0.00124641 -0.186133 -0.167595 0.0620188
 0.000481132 -0.191339 -0.0942394 0.0439822
 0.00196639 -0.182852 -0.0165255 0.0193187
 0.00166613 -0.152854 0.0485971 -0.00681381
 -0.00254988 -0.234518 -0.317142 0.0595997
 -0.00419921 -0.310199 -0.41412 0.0872877
 -0.0043884 -0.324127 -0.445926 0.106595
 -0.00401538 -0.292843 -0.406227 0.111584
 -0.00210789 -0.326369 -0.315431 0.107117
 4.42519e-05 -0.296873 -0.229472 0.088109
 0.00262754 -0.279287 -0.138224 0.0640421
 0.00463808 -0.261747 -0.0327674 0.030098
 0.00390439 -0.20244 0.0536533 -0.00567526
 -0.00492686 -0.369801 -0.489717 0.114993
 -0.00520505 -0.426824 -0.537516 0.142709
 -0.00459175 -0.514613 -0.535426 0.166432
 -0.001111 -0.453006 -0.406489 0.148507
 0.00167967 -0.424878 -0.307822 0.126177
 0.00514675 -0.424884 -0.189144 0.0949344
 0.00792259 -0.405896 -0.0475012 0.0481132
 0.007115 -0.325925 0.0699894 -0.00191249
 -0.00532153 -0.561935 -0.594693 0.179616
 -0.00303073 -0.624914 -0.580515 0.200582
 0.00197265 -0.678612 -0.467541 0.194654
 0.00556098 -0.665317 -0.356563 0.169229
 0.00963998 -0.62092 -0.212647 0.125449
 0.0129927 -0.575717 -0.0465767 0.0664479
 0.0127977 -0.526378 0.113561 0.000820814
 0.000603575 -0.760151 -0.56406 0.224896
 0.00701318 -0.817902 -0.431249 0.210044
 0.0123455 -0.90321 -0.321055 0.190492
 0.0180321 -0.945923 -0.142996 0.139512
 0.022008 -0.872655 0.0389805 0.0690392
 0.0220014 -0.835351 0.235413 -0.0128653
 0.0166748 -1.06702 -0.29261 0.202781
 0.0224145 -1.11826 -0.155554 0.167314
 0.0275269 -1.08765 0.00975015 0.109134
 0.0344301 -1.24551 0.272866 0.0251659
 0.0332781 -1.29389 0.54921 -0.0852676
 0.0276075 -1.14341 -0.0207999 0.126973
 0.0345159 -1.25456 0.172389 0.0691833
 0.0414365 -1.44109 0.460338 -0.0243656
 0.0381664 -1.37435 0.667383 -0.121533
 0.0426455 -1.48317 0.423028 -0.00197312
 0.0469615 -1.55129 0.656249 -0.0894105
 0.0413384 -1.47774 0.840936 -0.180576
 0.0478798 -1.614 0.87652 -0.175026
 0.0387322 -1.58582 1.06328 -0.263819
 0.0248501 -1.58315 1.22776 -0.340636

Fourier series term #3
 3.91068e-06 0.000659175 0.000310912 -4.68011e-05
 4.21943e-05 0.00876009 0.00312532 -0.000513208
 -0.000151769 -0.0151842 -0.00980906 0.00146388
 5.33494e-05 0.00401646 0.00310132 -0.000491499
 0.000405591 0.0312206 0.0233228 -0.00430486
 -0.000691491 -0.0509032 -0.0375933 0.00820116
 0.000208613 0.0187339 0.0124397 -0.00335181
 0.000287227 0.0484892 0.0232464 -0.00813157
 -0.000125678 -0.0301066 -0.0103495 0.00438698
 9.45183e-05 -0.0822807 -0.0122509 0.00810946
 0.000173491 -0.0494217 0.00453583 0.00117564
 -0.000361676 0.0356783 -0.0108684 0.00180368
 0.00042464 0.0339297 0.0286135 -0.00373522
 0.000152877 -0.0122986 0.00407592 0.00038787
 -0.000244639 -0.0502628 -0.0278191 0.00583306
 0.000118281 -0.00829064 -0.00991924 0.00209131
 -0.00013821 -0.0202148 -0.0222398 0.00468368
 0.000121158 0.00554601 -0.009808 0.00155747
 0.000256133 0.0133696 -0.0155773 0.00284398
 0.000287383 -0.00945717 -0.0250975 0.00697734
 0.000502049 -0.0244661 -0.0223237 0.00763849
 0.000638185 -0.0106623 -0.01386 0.00470584
 0.000637952 0.0159408 -0.0159902 0.00431708
 0.000357944 -0.029855 0.000456623 0.00203219
 0.000120841 -0.0533648 -0.0252404 0.00688713
 -0.000472976 -0.0972749 -0.0717297 0.0171561
 -7.23256e-05 -0.0326029 -0.0637769 0.0143369
 -0.000145331 -0.0155384 -0.073763 0.0174041
 -0.000108301 -0.0067952 -0.0820141 0.021958
 0.000157141 0.00891337 -0.0805151 0.0223724
 0.00052548 0.00273236 -0.0791224 0.0243009
 0.00127886 -0.0311541 -0.0658788 0.0240988
 0.0020829 -0.0674745 -0.0317521 0.0155709
 -1.61749e-05 -0.0844649 -0.0495375 0.0124284
 0.000569766 -0.0568095 -0.0605121 0.0143177
 -0.000215849 -0.120166 -0.133613 0.0334603
 -9.08127e-05 -0.0666338 -0.141484 0.0363593
 0.000521894 -0.0166797 -0.141154 0.0384628
 0.000900428 -0.041069 -0.145453 0.044313
 0.0017514 -0.0900313 -0.125302 0.0446194
 0.00281646 -0.0745981 -0.0885095 0.0338812
 0.00416613 -0.0772728 -0.0539202 0.0230048
 0.000336722 -0.0947907 -0.111038 0.0275957
 -0.000206879 -0.145573 -0.179192 0.0481295
 0.000486741 -0.134369 -0.224874 0.0646699
 0.000836283 -0.13376 -0.23168 0.0747617
 0.0018016 -0.129357 -0.217854 0.0750909
 0.00345487 -0.157125 -0.186794 0.0717406
 0.00559004 -0.169616 -0.131454 0.0572819
 0.0072591 -0.160429 -0.0678342 0.0350462
 0.000558976 -0.150194 -0.228051 0.0648791
 0.0009079 -0.215949 -0.288186 0.0924225
 0.00298871 -0.299081 -0.305634 0.114518
 0.00476643 -0.297664 -0.284169 0.114104
 0.00688593 -0.274225 -0.235159 0.10182
 0.00993164 -0.277189 -0.159341 0.0794925
 0.012297 -0.296705 -0.0549371 0.0437727
 0.00273329 -0.326193 -0.334832 0.122341
 0.00646242 -0.374502 -0.324216 0.135329
 0.0101294 -0.489027 -0.298105 0.143095
 0.0130599 -0.481839 -0.209833 0.117875
 0.0178737 -0.547397 -0.0984356 0.0869658
 0.0198477 -0.52042 0.0288825 0.0361932
 0.0134571 -0.606469 -0.288907 0.155366
 0.0168498 -0.616738 -0.218748 0.137972
 0.0203655 -0.621895 -0.12193 0.108155
 0.0268906 -0.772402 0.0464037 0.0615872
 0.0307194 -0.904883 0.271822 -0.0158816
 0.0206742 -0.669209 -0.136415 0.118638
 0.0254394 -0.739527 -0.023345 0.0872737
 0.031705 -0.855761 0.142158 0.0366519
 0.0340712 -1.0304 0.411014 -0.0559941
 0.0314312 -0.859769 0.116724 0.0484394
 0.0368372 -1.02933 0.334115 -0.019532
 0.036043 -1.12057 0.561525 -0.106546
 0.0387068 -1.17432 0.558092 -0.0955182
 0.0347651 -1.15069 0.694237 -0.159152
 0.0248918 -1.15734 0.835671 -0.222571

Fourier series term #4
 1.85328e-06 0.000721749 0.000112687 -2.25018e-05
 -1.25558e-05 -0.00143481 -0.000826638 0.000111648
 -3.30618e-05 -0.0040197 -0.00232342 0.00036171
 0.000223506 0.0186081 0.0132157 -0.00214156
 -0.00023757 -0.0179692 -0.0135243 0.00248514
 -8.65531e-05 -0.00894258 -0.00667505 0.00145494
 0.000501997 0.0396833 0.026267 -0.0070301
 -0.000188402 -0.0370791 -0.0172983 0.00610861
 -3.61905e-05 -0.0485367 -0.0164546 0.00699677
 0.000147746 -0.00762688 -0.00147655 0.000818642
 -8.26906e-05 0.0441927 -0.00357592 -0.00130473
 2.21288e-05 0.0500606 -0.0159687 0.00293446
 9.75539e-05 0.0133894 0.00800592 -0.00124485
 0.000272645 0.0236308 0.0193686 -0.0029314
 7.6633e-05 -0.0121937 -0.00146728 0.000878772
 -0.000226308 -0.0183953 -0.0112353 0.00241587
 1.12249e-06 -0.00550756 -0.00371471 0.000960944
 0.000118898 0.0119004 0.0077102 -0.00211936
 -7.95019e-05 -0.0109068 -0.00239691 0.0011559
 1.5438e-05 -0.0162337 -0.00613357 0.0025019
 9.88694e-05 -0.00688981 -0.00481009 0.00171943
 -3.10215e-05 0.00919635 -0.00305035 0.000377172
 -0.000211999 0.0207023 -0.0062354 0.00100101
 0.000277294 0.00907569 0.0192126 -0.00264522
 0.000143169 -0.0102511 0.0092121 -0.00056945
 6.62691e-05 -0.0399342 -0.011623 0.00436918
 -0.000247087 -0.0361417 -0.0168107 0.00546654
 -8.80486e-05 -0.0196714 -0.00909636 0.00333486
 5.89084e-05 0.00139065 -0.00221034 0.000448354
 -1.87016e-05 0.00597822 -0.000281458 -0.000466806
 -6.39275e-05 0.013723 -0.0033048 -0.000109366
 1.06447e-05 0.014538 -0.0125209 0.00301067
 0.000383859 0.00368867 -0.0163863 0.00546563
 0.000684245 0.00652145 0.0277622 -0.0039286
 0.000252078 -0.0306333 0.00757528 0.000883648
 -1.61782e-05 -0.0759327 -0.0237517 0.009501
 0.000112226 -0.0435982 -0.0220332 0.00798387
 0.000137613 -0.0191833 -0.00933918 0.00359729
 0.000248477 -0.0342064 -0.0216792 0.00827488
 0.000217768 0.0247064 -0.0196561 0.00407752
 -8.67831e-05 0.0689905 -0.0292767 0.00468569
 0.000843999 -0.00355157 -0.0181522 0.00626833
 0.000262398 -0.0573816 0.00127709 0.00363044
 0.000628946 -0.0475811 -0.00191081 0.0041043
 0.000260169 -0.11506 -0.0351808 0.016514
 0.000621758 -0.0263983 -0.0285861 0.0100488
 0.000504191 -0.0322281 -0.0302572 0.011322
 0.0005783 -0.0173336 -0.0339678 0.0120001
 0.000848084 -0.00538948 -0.0372773 0.0129289
 0.00151697 -0.0347807 -0.0206898 0.00967011
 0.000518711 -0.0972723 -0.0125589 0.0097469
 0.000945059 -0.0873118 -0.0257686 0.0134418
 0.0017161 -0.114091 -0.0435936 0.0216907
 0.0017995 -0.114464 -0.0461268 0.0234916
 0.00146638 -0.0899594 -0.0369091 0.0194938
 0.00225524 -0.0864946 -0.0279372 0.0167327
 0.00287899 -0.0807875 -0.0137352 0.0114077
 0.00177214 -0.101751 -0.0268381 0.0154707
 0.00263938 -0.175305 -0.0360699 0.0254793
 0.00344585 -0.212429 -0.0286265 0.0272486
 0.00361879 -0.185695 -0.0079562 0.0186835
 0.00612534 -0.297353 0.034802 0.0136708
 0.00473572 -0.147628 0.0196107 0.00562052
 0.004319 -0.243519 -0.0103209 0.0244642
 0.00490158 -0.249016 0.00823638 0.0194255
 0.00590001 -0.305015 0.0503401 0.0101157
 0.00686184 -0.32728 0.0965322 -0.00530246
 0.00845313 -0.467962 0.22054 -0.041604
 0.0064125 -0.344082 0.0565029 0.0118726
 0.00640915 -0.329185 0.0883407 -0.00118242
 0.00672567 -0.336042 0.130602 -0.0171879
 0.00851068 -0.517878 0.282931 -0.0610297
 0.0065127 -0.349137 0.136891 -0.018108
 0.00742483 -0.420819 0.212723 -0.0412099
 0.00771454 -0.547933 0.343638 -0.0828331
 0.00748131 -0.529523 0.324188 -0.0756014
 0.00376088 -0.622677 0.452185 -0.121062
 -0.00322965 -0.628832 0.513825 -0.148898

Fourier series term #5
 -4.75235e-08 3.74861e-05 -7.28094e-06 5.21377e-07
 -4.41403e-06 -0.000879674 -0.00031554 5.07214e-05
 4.76053e-05 0.00463575 0.00301065 -0.000445104
 -2.37062e-05 -0.00138386 -0.00114207 0.000171346
 -0.000116078 -0.00922347 -0.00688795 0.00127569
 0.000206454 0.0150661 0.0110731 -0.00241647
 -7.72542e-05 -0.00586846 -0.00353738 0.000973344
 -8.64554e-05 -0.0143584 -0.00733305 0.00251092
 4.00461e-05 0.00736476 0.00191084 -0.000915671
 -2.50548e-05 0.0248381 0.00362602 -0.00243265
 -7.71297e-05 0.0173239 -0.00110551 -0.000569384
 8.24392e-05 -0.0104052 0.00363852 -0.000684126
 -0.000154597 -0.0191464 -0.0106286 0.00161192
 0.000202115 0.0279747 0.0161909 -0.00281986
 -0.000195024 -0.0213405 -0.0109776 0.00213137
 0.000221893 0.0127074 0.00908891 -0.00171334
 -0.000103252 -0.00980794 -0.00652069 0.00155513
 -7.88398e-05 -0.00264517 0.000684697 -2.54273e-05
 8.1481e-05 0.0116409 0.00278878 -0.00129537
 4.41042e-05 -0.00455505 -0.00427753 0.00139856
 7.24856e-05 -0.0169249 -0.00253862 0.00169863
 -5.62622e-05 -0.00537429 0.00286347 -0.000604342
 -0.000293789 0.0133598 -0.00159126 -0.00013139
 0.000312016 0.028718 0.0235935 -0.00418126
 0.00044836 0.0294271 0.0263056 -0.00496762
 -0.000182676 -0.0305169 -0.00933317 0.00305296
 6.38862e-05 -0.00679523 -0.00281582 0.0010942
 -3.31852e-05 -0.00932734 -0.00496736 0.00177787
 -7.5632e-05 -0.0101778 -0.000471491 0.000819364
 -2.99316e-05 0.00364646 0.00583222 -0.00191772
 -9.48405e-05 0.0054741 0.00664472 -0.00245795
 -9.66435e-05 -0.00458194 0.00338073 -0.000800403
 -1.69467e-05 -0.0149833 0.00352607 -0.00021291
 1.0123e-05 -0.00127697 0.012419 -0.00192931
 1.3325e-05 -0.0133263 0.00536265 -0.000206943
 0.00033121 -0.017858 0.00306796 0.000767951
 -0.000138893 -0.0373728 -0.0110288 0.00501605
 -2.31122e-05 -0.0277569 -0.00475766 0.00321679
 3.86346e-05 -0.0458352 -0.00554734 0.00475198
 -0.000203647 -1.83419e-05 0.0106269 -0.00330625
 -0.000598715 0.0253112 0.00794982 -0.00440703
 -0.00021593 0.00206934 0.00137144 -0.00064405
 0.000274477 -0.0136561 0.0128475 -0.00152158
 0.000207376 -0.0242899 0.0113683 -0.000684048
 0.000267087 -0.0632145 -0.00624148 0.00605126
 4.84716e-05 -0.0587619 0.00192703 0.0037936
 0.000116656 -0.0318978 0.00661691 0.000474605
 -7.40988e-05 -0.0166887 0.0105928 -0.00210695
 -0.000287742 -0.0141118 0.0130714 -0.00342177
 -0.000147757 -0.0103136 0.0051256 -0.00104024
 0.000410003 -0.0363601 0.0181473 -0.00162284
 0.000287057 -0.0646503 0.0149806 0.000829904
 0.000751821 -0.116265 0.0130334 0.00500917
 0.000681916 -0.0929012 0.0203645 0.000931667
 0.000268475 -0.0351002 0.0156045 -0.00226452
 -3.95558e-05 -0.0244629 0.015791 -0.0034929
 -0.000328182 -0.020053 0.0147017 -0.00371067
 0.00047061 -0.0650356 0.0445688 -0.0079881
 0.00118217 -0.11099 0.0293869 -0.000315289
 0.000630339 -0.0676725 0.050827 -0.0114953
 0.00118962 -0.140979 0.0599386 -0.00898212
 0.00128671 -0.151144 0.0685376 -0.0117867
 -0.000768826 -0.014918 0.0222793 -0.00709373
 0.000554692 -0.0765878 0.0716884 -0.0185019
 0.000763999 -0.125416 0.079428 -0.0174992
 0.000569987 -0.134228 0.0851437 -0.0194645
 -0.000287295 -0.135844 0.10109 -0.0263839
 -0.000599716 -0.207904 0.151278 -0.0402395
 0.000939592 -0.160161 0.0969095 -0.0212128
 -7.83241e-05 -0.139106 0.10292 -0.026355
 -0.00188422 -0.115474 0.108476 -0.031953
 -0.00213349 -0.15852 0.134363 -0.0388367
 -0.00163045 -0.148797 0.128708 -0.0364598
 -0.00385817 -0.0813529 0.0987172 -0.0325576
 -0.00452477 -0.13644 0.132594 -0.0411911
 -0.00578244 -0.107716 0.120693 -0.0395447
 -0.0068486 -0.156759 0.154684 -0.0488924
 -0.0111073 -0.207147 0.204486 -0.0652805


