**************************************************************
***  MERIS LUT-169: Fourier series terms (s0,..,s5)[TERM]] ***
***                 of polynomial coefficients (k0,..,k3)  ***
***                 for each of 81 aerosol models [IAER],  ***
***                 & for each of 78 geometries [SVZA]     ***
***  - - - - - - - - - - - - - - - - - - - - - - - - - - - ***
***  => useful for multiplicative aer.scat.fct. retrieval  ***
**************************************************************

12 Gaussian angles (deg): SZA/VZA
------------------------         

 2.84 17.64 28.77 36.19 43.61 51.03 58.46 65.88 69.59 73.30 77.01 80.72

Coefficients: [SVZA x (k0,k1,k2,k3)]
------------                        

 Aerosol model #42
 - - - - - - -  

Fourier series term #0
 1.01561 1.28562 0.622188 -0.0891592
 1.01695 1.37273 0.678448 -0.105824
 1.02048 1.62284 0.814808 -0.145333
 1.02402 1.88776 0.936229 -0.187808
 1.02758 2.18536 1.0264 -0.23685
 1.03055 2.51901 1.03831 -0.283918
 1.03169 2.89129 0.897612 -0.308396
 1.02884 3.29199 0.487548 -0.264254
 1.02545 3.49071 0.13136 -0.190171
 1.02191 3.6688 -0.348851 -0.0620683
 1.02281 3.78038 -0.935815 0.128066
 1.04106 3.69858 -1.49541 0.348039
 1.01865 1.54077 0.762661 -0.12847
 1.022 1.78714 0.875753 -0.16772
 1.02476 2.0044 0.946026 -0.203226
 1.02786 2.28785 0.993098 -0.245312
 1.0305 2.62109 0.965752 -0.284026
 1.0312 2.98404 0.789393 -0.297664
 1.02784 3.3628 0.36089 -0.243359
 1.02424 3.55016 0.00728292 -0.166653
 1.02049 3.71983 -0.461673 -0.038724
 1.02106 3.82805 -1.03118 0.148372
 1.03859 3.75078 -1.57401 0.364173
 1.02926 1.9796 1.0126 -0.239032
 1.03271 2.18608 1.05265 -0.276187
 1.03618 2.42083 1.04655 -0.313347
 1.03931 2.70322 0.9704 -0.344713
 1.04078 3.02685 0.767783 -0.352268
 1.03831 3.36741 0.342103 -0.295302
 1.0352 3.53637 0.00349865 -0.22014
 1.03197 3.69057 -0.441168 -0.0966457
 1.03292 3.78957 -0.980246 0.0833094
 1.05026 3.71517 -1.49665 0.292306
 1.03292 2.39891 0.97233 -0.268091
 1.03557 2.63056 0.914809 -0.291368
 1.03731 2.87893 0.776432 -0.302162
 1.03719 3.16657 0.521554 -0.287095
 1.03334 3.48968 0.0669787 -0.210439
 1.02969 3.65562 -0.27739 -0.127183
 1.02611 3.80875 -0.721957 0.00266078
 1.02703 3.90933 -1.25493 0.186368
 1.04475 3.83916 -1.7601 0.395887
 1.0362 2.81151 0.831104 -0.311689
 1.03656 3.04357 0.655921 -0.309811
 1.03475 3.28856 0.365371 -0.277871
 1.02957 3.57378 -0.106496 -0.1861
 1.02569 3.73029 -0.449389 -0.0979418
 1.02229 3.87927 -0.885035 0.0341007
 1.02395 3.97729 -1.40096 0.216478
 1.04298 3.90548 -1.88201 0.420717
 1.03581 3.23214 0.440993 -0.29052
 1.03311 3.46425 0.127246 -0.243977
 1.02722 3.71483 -0.362625 -0.134917
 1.02333 3.85365 -0.706882 -0.0394854
 1.02041 3.99019 -1.13591 0.0969931
 1.02316 4.08059 -1.63544 0.279475
 1.04392 4.0041 -2.09072 0.47877
 1.02954 3.65969 -0.211952 -0.178029
 1.02344 3.91197 -0.716674 -0.052388
 1.01994 4.03954 -1.06354 0.0515183
 1.01813 4.15495 -1.48488 0.193839
 1.02305 4.22085 -1.96099 0.376087
 1.04703 4.1187 -2.37429 0.566405
 1.01812 4.13309 -1.23132 0.0930882
 1.01599 4.26173 -1.57826 0.205113
 1.01665 4.37164 -1.98867 0.352124
 1.02563 4.40661 -2.4274 0.530286
 1.05538 4.25018 -2.7674 0.702232
 1.0151 4.3712 -1.91774 0.320762
 1.01805 4.4684 -2.31092 0.466775
 1.03045 4.4896 -2.71968 0.63819
 1.06447 4.30245 -3.00623 0.794029
 1.02425 4.53084 -2.66692 0.605656
 1.04118 4.51998 -3.02384 0.762689
 1.08074 4.29612 -3.23697 0.893756
 1.06386 4.44733 -3.29356 0.892693
 1.10971 4.16841 -3.4005 0.985407
 1.16087 3.80873 -3.35793 1.02093

Fourier series term #1
 -0.000273623 -0.0215758 -0.0108715 0.00155911
 -0.000166206 -0.00769123 -0.00582725 0.000930273
 -0.000583424 -0.0360058 -0.020127 0.00367622
 -0.000639613 -0.036914 -0.0182714 0.00388031
 -0.00067374 -0.0366118 -0.012525 0.00338763
 -0.000703224 -0.0360653 -0.00287671 0.00189556
 -0.000721219 -0.0327618 0.0110207 -0.00119254
 -0.00077654 -0.0237803 0.0264559 -0.00590611
 -0.000870345 -0.016079 0.0323823 -0.00839092
 -0.00106033 -0.00560531 0.0347679 -0.0102107
 -0.00137671 0.00778038 0.0312037 -0.0103375
 -0.00173176 0.0230734 0.0199524 -0.00766909
 -0.00169446 -0.100757 -0.0598411 0.0103111
 -0.00297304 -0.175703 -0.0905567 0.0181462
 -0.0037225 -0.216697 -0.0914883 0.0213899
 -0.00413529 -0.229088 -0.0604864 0.0186816
 -0.00434116 -0.220902 -0.000494855 0.00829909
 -0.00448613 -0.192221 0.0803334 -0.0110222
 -0.00490932 -0.129855 0.16271 -0.0379588
 -0.00554137 -0.0813042 0.191112 -0.0512191
 -0.00674722 -0.0181387 0.198511 -0.0601315
 -0.00867448 0.0608374 0.172061 -0.0590722
 -0.0107665 0.150758 0.102401 -0.0420115
 -0.00511333 -0.257623 -0.115805 0.0297444
 -0.00613298 -0.30168 -0.0978169 0.0304993
 -0.00699884 -0.338245 -0.0511012 0.0248852
 -0.00730625 -0.335596 0.0376969 0.00627014
 -0.00713171 -0.282851 0.157865 -0.0276399
 -0.00720322 -0.178234 0.272131 -0.0712024
 -0.0078205 -0.102271 0.3075 -0.0914334
 -0.0092406 -0.00734582 0.311443 -0.104463
 -0.0116291 0.107675 0.267074 -0.102462
 -0.0140912 0.23587 0.162805 -0.0773038
 -0.00712636 -0.35616 -0.0594522 0.0248535
 -0.00800308 -0.379506 0.00749553 0.0134584
 -0.0086375 -0.376444 0.101904 -0.00803955
 -0.00893756 -0.313304 0.218239 -0.0429416
 -0.00966166 -0.177101 0.318506 -0.085152
 -0.0107727 -0.0803616 0.339881 -0.102411
 -0.0128138 0.0370926 0.323408 -0.109911
 -0.0158479 0.175556 0.251798 -0.0992381
 -0.0185911 0.326049 0.115312 -0.0625057
 -0.00892383 -0.398324 0.0845334 -0.00277076
 -0.00967252 -0.371806 0.18682 -0.0306846
 -0.0105287 -0.301933 0.291427 -0.0668819
 -0.0121045 -0.154697 0.368179 -0.106411
 -0.0137138 -0.0464688 0.37403 -0.12073
 -0.0162404 0.0863803 0.338554 -0.123639
 -0.0195851 0.24103 0.244631 -0.106374
 -0.0220567 0.403585 0.0862774 -0.0619903
 -0.0108358 -0.332773 0.276646 -0.0597613
 -0.0121756 -0.235857 0.359223 -0.095068
 -0.0146012 -0.0834341 0.395207 -0.125392
 -0.0166535 0.0260016 0.37702 -0.132655
 -0.019525 0.162417 0.316746 -0.12737
 -0.0229125 0.323433 0.19824 -0.101111
 -0.0247217 0.490444 0.0194144 -0.0482114
 -0.0142969 -0.129349 0.402026 -0.122388
 -0.0176211 0.0450339 0.386714 -0.139542
 -0.0200962 0.154676 0.33878 -0.136724
 -0.023154 0.283936 0.25004 -0.120055
 -0.0262026 0.433855 0.108673 -0.0830078
 -0.0267242 0.585881 -0.0817286 -0.0225842
 -0.0217495 0.218465 0.310732 -0.136151
 -0.0244439 0.333604 0.22897 -0.120547
 -0.027298 0.462445 0.108459 -0.0902181
 -0.0293377 0.594874 -0.0532489 -0.0413458
 -0.0275302 0.709571 -0.241124 0.0242467
 -0.0271178 0.441174 0.131711 -0.0973985
 -0.029455 0.564592 -0.00125135 -0.0603961
 -0.0304186 0.688161 -0.169499 -0.00647043
 -0.0268993 0.782847 -0.350631 0.0599722
 -0.031014 0.670053 -0.138717 -0.0182056
 -0.0303934 0.776476 -0.30469 0.0382253
 -0.0244182 0.846577 -0.469726 0.10214
 -0.0275849 0.849211 -0.4525 0.0926215
 -0.0186092 0.882821 -0.584424 0.147752
 -0.00644112 0.862785 -0.658931 0.184944

Fourier series term #2
 -4.27288e-05 -0.00352846 -0.00170763 0.000244602
 2.51776e-05 0.00199234 0.000961089 -0.000151348
 -5.59562e-07 -0.000236081 -0.000261806 3.9176e-05
 -1.12293e-05 -0.00108574 -0.000888783 0.000162427
 -1.53501e-06 -0.000390547 -0.00077925 0.00015055
 3.55445e-07 -0.000446299 -0.00102735 0.000228169
 -3.3853e-06 -0.00124822 -0.001377 0.000375589
 1.20609e-05 -0.000642198 -0.00101644 0.000313513
 1.68461e-05 -0.00072288 -0.000822365 0.000282482
 1.72378e-05 -0.00144168 -0.000469703 0.000223413
 1.37026e-05 -0.0021794 0.000165172 5.74342e-05
 -1.49513e-06 -0.00210212 0.000702134 -0.000142736
 0.000220356 0.0153867 0.00604336 -0.00110037
 0.000117011 0.00290117 -0.00573609 0.000778319
 -8.57771e-05 -0.0182839 -0.0227233 0.0042056
 -9.21509e-05 -0.0254005 -0.0339265 0.00710781
 3.83767e-05 -0.0262634 -0.0406585 0.00966968
 0.00021354 -0.0329978 -0.0438619 0.0122058
 0.000489916 -0.045585 -0.0369516 0.0126773
 0.000679944 -0.0524453 -0.0274087 0.0110332
 0.000861238 -0.0583852 -0.0133925 0.0075525
 0.000900503 -0.0616832 0.00375002 0.00223634
 0.000491607 -0.059034 0.0193232 -0.00364274
 -1.06202e-05 -0.0109265 -0.0298463 0.00575598
 -0.000104527 -0.0231888 -0.0530364 0.0114028
 -0.00033583 -0.0506511 -0.0848169 0.0207062
 -0.000378279 -0.0754071 -0.10846 0.0301111
 -8.2001e-05 -0.0963109 -0.11311 0.0363656
 0.000574127 -0.122322 -0.0910838 0.0359621
 0.00103717 -0.13659 -0.0666583 0.031222
 0.00149285 -0.149273 -0.0326029 0.0222496
 0.00163874 -0.156506 0.0082543 0.00902282
 0.000753499 -0.150476 0.0456707 -0.00568661
 -9.02406e-05 -0.0460578 -0.0829212 0.0185686
 -9.54196e-05 -0.0734181 -0.115408 0.0288976
 -7.43384e-05 -0.12042 -0.144022 0.0412824
 0.000374688 -0.166974 -0.146404 0.0493155
 0.00145015 -0.207774 -0.10756 0.0460537
 0.00218034 -0.226407 -0.0700122 0.03787
 0.00286145 -0.242379 -0.0203771 0.0240828
 0.00303478 -0.250738 0.0374318 0.00478725
 0.00164036 -0.240241 0.0890403 -0.0160212
 5.98102e-05 -0.115743 -0.155243 0.0436064
 0.000452509 -0.167802 -0.178091 0.0566477
 0.00121221 -0.240942 -0.174256 0.0656742
 0.00274692 -0.307426 -0.118839 0.0596592
 0.00374222 -0.333682 -0.0677632 0.0476538
 0.00461364 -0.353495 -0.00188332 0.0283489
 0.00472953 -0.362397 0.0731577 0.00228506
 0.00267997 -0.346557 0.13891 -0.0252447
 0.00109866 -0.241032 -0.193639 0.0701742
 0.00235733 -0.319745 -0.172422 0.0753977
 0.00433154 -0.412739 -0.0985613 0.0650911
 0.00553965 -0.453635 -0.0349385 0.0494175
 0.00654905 -0.483933 0.0460465 0.0248201
 0.00653106 -0.496627 0.136933 -0.00785102
 0.00368818 -0.475711 0.214637 -0.0417461
 0.00408222 -0.419404 -0.133418 0.0763117
 0.00656207 -0.516834 -0.0377179 0.0579133
 0.00790784 -0.568978 0.0371578 0.0380703
 0.00888832 -0.614754 0.131147 0.00862813
 0.00849864 -0.639468 0.235546 -0.0297164
 0.00454848 -0.620563 0.322656 -0.068846
 0.00937159 -0.636742 0.0798814 0.0310654
 0.0106015 -0.68856 0.162577 0.0066773
 0.0112349 -0.734079 0.262456 -0.0269377
 0.0099994 -0.765859 0.372292 -0.0687404
 0.00435768 -0.752189 0.460425 -0.10957
 0.0116385 -0.748799 0.25062 -0.0200881
 0.0118145 -0.793971 0.350796 -0.0549834
 0.00985142 -0.819544 0.455574 -0.0964337
 0.00308987 -0.800092 0.534905 -0.135016
 0.0112578 -0.845187 0.451011 -0.0903358
 0.00828657 -0.864329 0.546891 -0.129768
 0.000166818 -0.832548 0.609484 -0.163364
 0.00379454 -0.882962 0.632461 -0.165601
 -0.00589427 -0.840027 0.673718 -0.191773
 -0.0173285 -0.790672 0.690734 -0.207756

Fourier series term #3
 -1.95005e-07 -1.80935e-05 -7.99572e-06 1.13362e-06
 5.20844e-06 0.000429536 0.000211332 -3.29023e-05
 -1.15943e-06 -9.44976e-05 -4.16278e-05 7.46977e-06
 2.30839e-07 1.57612e-05 1.41797e-05 -2.78392e-06
 3.66532e-06 0.000294767 0.000143896 -3.32835e-05
 -6.33573e-06 -0.000502974 -0.000208226 5.64362e-05
 1.84651e-06 0.00019347 5.30225e-05 -1.97108e-05
 3.73353e-06 0.000466697 5.24544e-05 -3.36665e-05
 -2.35803e-06 -0.000279858 -3.41229e-05 2.14058e-05
 -4.90011e-06 -0.000799537 4.78771e-05 2.1495e-05
 -2.75363e-06 -0.000485929 9.34655e-05 -8.52081e-06
 4.22461e-06 0.000339049 -0.000157162 3.79324e-05
 2.88059e-05 0.00248773 0.0014889 -0.000243968
 0.000157799 0.0132999 0.00744634 -0.00140039
 1.48311e-05 0.00116157 0.00173249 -0.000360829
 -5.36754e-05 -0.0041731 -0.001106 0.000237049
 -4.01034e-05 -0.00221114 -0.00115379 0.000208435
 -9.64965e-06 0.00051955 -0.0020155 0.000349245
 3.20991e-05 0.00165157 -0.00429255 0.000997506
 6.51355e-05 0.00102566 -0.00542573 0.00144286
 0.000118752 -0.000107442 -0.00595062 0.00177367
 0.000196134 -0.00145109 -0.00550682 0.00181221
 0.000278333 -0.00284993 -0.00397789 0.00143812
 0.000177489 0.0124224 0.00917848 -0.00208984
 0.000161553 0.0123756 0.00930472 -0.00237584
 -3.5266e-05 -7.5674e-05 0.0012124 -0.00053062
 -0.000135639 -0.00522421 -0.00618992 0.00134792
 -8.40805e-05 -0.000988403 -0.0122898 0.00298716
 5.71451e-05 0.00214989 -0.0199362 0.00559328
 0.000185681 0.00145957 -0.02325 0.00709288
 0.000381023 -0.00121998 -0.0246542 0.00821812
 0.000650946 -0.00591411 -0.0226564 0.00832128
 0.000928168 -0.0116795 -0.0165046 0.00682682
 8.0279e-05 0.00922611 0.00671375 -0.00194466
 6.64866e-05 0.0111317 0.00318673 -0.00156027
 -6.97095e-05 0.000593995 -0.010123 0.00180366
 -4.54408e-05 -0.00430702 -0.024365 0.00611149
 0.000263325 -0.00334086 -0.0359203 0.0104437
 0.000543672 -0.00523147 -0.0393811 0.0123586
 0.00093725 -0.0103774 -0.039113 0.0133653
 0.00145167 -0.0175682 -0.033477 0.0125706
 0.00195088 -0.0261519 -0.0217843 0.00931939
 2.75697e-05 0.010818 -0.00522352 0.00015521
 7.26e-05 0.012526 -0.0190778 0.00363468
 0.000179334 -0.000474876 -0.0413807 0.0111024
 0.000689378 -0.0144344 -0.0581092 0.0186186
 0.00118583 -0.0205091 -0.0607855 0.0210108
 0.0018586 -0.0278655 -0.057548 0.0215767
 0.00266833 -0.0376648 -0.0466861 0.0193893
 0.00337853 -0.0483416 -0.0281322 0.0138283
 0.000222852 0.0105028 -0.0387638 0.00946067
 0.000623698 0.00497531 -0.0612849 0.0175619
 0.00146988 -0.0235643 -0.0790274 0.0272356
 0.0022234 -0.0401574 -0.0792285 0.0299462
 0.00322343 -0.0561603 -0.0705758 0.0295756
 0.00436153 -0.0713058 -0.051815 0.0250559
 0.00524843 -0.0836334 -0.0247544 0.0162901
 0.00136696 -0.0101809 -0.083929 0.0273657
 0.00279113 -0.0322507 -0.0953148 0.035541
 0.00388451 -0.0557529 -0.0905534 0.0373573
 0.00523126 -0.0835936 -0.0741673 0.0352784
 0.00667576 -0.110283 -0.0449265 0.0276873
 0.00762752 -0.129482 -0.00707213 0.0149727
 0.00493298 -0.0674593 -0.0946558 0.0411984
 0.00636552 -0.0856455 -0.0836335 0.040362
 0.00803281 -0.110091 -0.0607274 0.0353352
 0.00967834 -0.142136 -0.022393 0.0242591
 0.0104252 -0.168922 0.0246723 0.00801685
 0.00795317 -0.111378 -0.0660707 0.0375778
 0.00967551 -0.133584 -0.0399227 0.0307889
 0.0112473 -0.158094 -0.00193274 0.0187479
 0.0117809 -0.182737 0.0460477 0.00149205
 0.0114579 -0.161395 -0.00754432 0.0216995
 0.0128038 -0.181346 0.0306324 0.00868101
 0.0129076 -0.194314 0.0719698 -0.00754439
 0.0137066 -0.203477 0.0717328 -0.00588587
 0.0131398 -0.205469 0.10368 -0.0197033
 0.0115008 -0.204309 0.129545 -0.0315817

Fourier series term #4
 1.89895e-06 0.000155992 7.55042e-05 -1.08414e-05
 1.57584e-06 0.000129085 6.3303e-05 -9.84796e-06
 -5.66845e-07 -4.59279e-05 -2.29716e-05 4.07854e-06
 2.86286e-06 0.000220932 0.000110613 -2.21864e-05
 -2.21806e-06 -0.00018125 -8.49582e-05 1.96688e-05
 -8.46862e-07 -9.22025e-05 -3.88975e-05 1.04912e-05
 4.6525e-06 0.00038092 0.000122168 -4.16912e-05
 -2.43038e-06 -0.000362255 -5.00983e-05 2.81036e-05
 -2.32744e-06 -0.000466334 -1.83922e-05 2.55526e-05
 1.06722e-06 -6.68364e-05 4.06585e-06 1.65592e-06
 4.34854e-06 0.000433196 -0.000106161 1.41943e-05
 7.01234e-06 0.000463979 -0.000182244 4.18005e-05
 -8.89033e-05 -0.00749395 -0.00370133 0.000621895
 9.07036e-05 0.0078903 0.00392342 -0.000739491
 4.31147e-05 0.00355279 0.00195888 -0.000404033
 -1.17032e-05 -0.00119846 -0.000207833 6.82338e-05
 -1.336e-05 -0.00116938 -4.33442e-05 4.23326e-05
 -1.15391e-05 -0.000544607 0.000406406 -8.3556e-05
 -1.59447e-05 -0.000138511 0.000569561 -0.000161081
 -1.76267e-05 0.000145889 0.000463795 -0.000155134
 -1.8364e-05 0.000427401 0.00022777 -0.000104793
 -1.65844e-05 0.000591938 -6.84771e-05 -1.82911e-05
 -8.40497e-06 0.000507662 -0.000276189 6.27594e-05
 0.00012767 0.00898188 0.00534587 -0.00120548
 0.000194047 0.013719 0.00832614 -0.0020459
 6.47522e-05 0.00423174 0.00428258 -0.00107744
 -6.03978e-05 -0.00424928 0.00125268 -0.000154744
 -8.22994e-05 -0.00407647 0.00216747 -0.000440069
 -8.52549e-05 -0.000676034 0.00297525 -0.000934452
 -9.70788e-05 0.000780395 0.00248268 -0.000921769
 -0.000109309 0.00185281 0.0013724 -0.000664022
 -0.00010613 0.00239323 -9.57323e-05 -0.000198559
 -6.40358e-05 0.00218687 -0.00131804 0.000287953
 0.000136351 0.0107772 0.00756619 -0.00182635
 0.000126617 0.0116057 0.00950937 -0.00248042
 -3.66367e-05 0.000311489 0.00653565 -0.00166211
 -0.000160591 -0.00608674 0.0052633 -0.00127959
 -0.000215663 -0.00275084 0.00531738 -0.00163884
 -0.000240003 -4.14189e-05 0.00420706 -0.00152934
 -0.00025212 0.00302745 0.0020077 -0.00104804
 -0.000237001 0.00487351 -0.000755068 -0.000211575
 -0.000154857 0.00414678 -0.00264093 0.000576458
 4.21275e-05 0.00804673 0.0111275 -0.00304573
 -2.5869e-05 0.00994315 0.0140165 -0.00425238
 -0.000246035 -0.000125732 0.0113526 -0.00351557
 -0.000407394 -0.00332368 0.00809851 -0.00270634
 -0.000460544 -0.00153896 0.00597538 -0.00223767
 -0.000483434 0.0021793 0.00280443 -0.00146314
 -0.000454575 0.00494895 -0.0010301 -0.000274001
 -0.000323126 0.00510137 -0.00387779 0.000868022
 -0.00018285 0.00879 0.0164654 -0.00536612
 -0.0003646 0.0137859 0.016828 -0.00637227
 -0.000641733 0.00570541 0.0105986 -0.00445471
 -0.000741272 0.00228167 0.00700387 -0.00315101
 -0.000787022 0.00111302 0.0033671 -0.00182683
 -0.000748774 0.00187623 -0.000457197 -0.000429844
 -0.000582537 0.00269019 -0.00362656 0.000840025
 -0.000657023 0.0165475 0.0154988 -0.00679724
 -0.000967983 0.0226614 0.00890605 -0.00558241
 -0.00112536 0.018117 0.00426394 -0.00378575
 -0.00118938 0.0105422 0.000543359 -0.00180694
 -0.00113555 0.00324494 -0.00135921 -0.000363301
 -0.00099397 -0.00136666 -0.00202345 0.000479219
 -0.00139679 0.0249139 0.00223212 -0.00383412
 -0.00157033 0.0286172 -0.0032028 -0.00225751
 -0.00168249 0.0273877 -0.00820153 -0.000215558
 -0.00163823 0.0181692 -0.009317 0.00125395
 -0.00148426 0.00408187 -0.00490379 0.00110649
 -0.00176651 0.0259011 -0.00619005 -0.000933488
 -0.00190196 0.0281478 -0.0115206 0.000974753
 -0.00189648 0.0251469 -0.0146106 0.00268876
 -0.00172118 0.011864 -0.00989041 0.00235991
 -0.00200645 0.0238574 -0.0125856 0.00188711
 -0.00204537 0.02364 -0.0157859 0.00338586
 -0.00188068 0.0177351 -0.0145732 0.00373942
 -0.00211358 0.0169255 -0.0131981 0.00314223
 -0.00210301 0.0150955 -0.0136233 0.00376671
 -0.00240246 0.00812569 -0.00834068 0.0023752

Fourier series term #5
 4.45957e-07 3.81344e-05 1.82157e-05 -2.57497e-06
 -6.39668e-07 -5.12889e-05 -2.55758e-05 3.97798e-06
 9.43971e-07 7.47013e-05 3.76772e-05 -6.69934e-06
 -1.2299e-07 -8.23886e-06 -4.16278e-06 8.54303e-07
 -1.24002e-06 -0.000100096 -4.754e-05 1.09143e-05
 1.82556e-06 0.00014952 6.17672e-05 -1.68929e-05
 -6.13332e-07 -5.38324e-05 -1.47471e-05 5.32952e-06
 -1.14996e-06 -0.00014223 -2.42229e-05 1.22716e-05
 7.58396e-07 8.35009e-05 -1.57344e-07 -3.61136e-06
 1.56626e-06 0.000243936 -2.31172e-05 -4.11978e-06
 9.22739e-07 0.000150925 -3.4227e-05 4.17848e-06
 -1.10511e-06 -0.000100452 4.2686e-05 -1.00458e-05
 -9.58505e-05 -0.00825673 -0.00402216 0.000674882
 2.77286e-05 0.00255302 0.00118725 -0.000225023
 2.65498e-05 0.0023356 0.00114748 -0.000241193
 2.96407e-06 0.000165964 0.000103328 -2.42181e-05
 -2.81809e-06 -0.000334978 -0.000125647 3.68897e-05
 -1.68837e-06 -0.000226041 -4.16611e-05 1.96473e-05
 2.51204e-07 -4.91662e-05 3.12303e-05 -4.68002e-06
 -9.65327e-07 -0.000128809 5.92103e-05 -9.63295e-06
 -2.61431e-06 -0.000156224 0.000111162 -2.54502e-05
 -4.28261e-06 -3.47653e-05 0.000118665 -3.59621e-05
 -4.34662e-06 0.000129944 3.69809e-05 -1.76604e-05
 2.15473e-05 0.00163785 0.000860945 -0.000197008
 0.000137296 0.010083 0.00523236 -0.00132681
 8.47378e-05 0.00599435 0.00316711 -0.000886876
 5.816e-06 -0.000104234 0.000180424 -3.33827e-05
 -1.78086e-05 -0.00208178 -0.000378681 0.000211226
 -1.30212e-05 -0.00154964 0.000420064 -2.7129e-05
 -1.14914e-05 -0.000980476 0.000777393 -0.000177504
 -1.48347e-05 -0.000411357 0.000935506 -0.000280408
 -2.38588e-05 -2.48814e-05 0.000870331 -0.00030118
 -3.37901e-05 0.000170874 0.000651831 -0.000248056
 9.99825e-05 0.0080146 0.00390868 -0.00100545
 0.00015546 0.0128462 0.00588486 -0.00169073
 6.6587e-05 0.00503395 0.00265327 -0.000809798
 -2.1578e-05 -0.00331988 0.000382249 7.55722e-05
 -3.35231e-05 -0.004121 0.00131339 -0.000144887
 -3.98185e-05 -0.00328224 0.0020136 -0.000422615
 -5.57737e-05 -0.0018162 0.00239491 -0.000666889
 -8.16977e-05 -0.000495285 0.00218083 -0.000714265
 -0.000102341 0.000413791 0.00145405 -0.000537471
 0.000118346 0.00984251 0.00493641 -0.00152987
 0.000125716 0.0119913 0.00611779 -0.00207368
 1.62058e-05 0.00177881 0.00369329 -0.00109767
 -7.22109e-05 -0.00643053 0.00370006 -0.000738859
 -9.81962e-05 -0.00670664 0.00451092 -0.00102477
 -0.00013466 -0.00482915 0.00503107 -0.00138537
 -0.000187071 -0.00245623 0.00463938 -0.00148155
 -0.000225796 8.11049e-05 0.00307255 -0.00113586
 7.71523e-05 0.00872333 0.00624698 -0.00212464
 2.81995e-05 0.0105208 0.00805802 -0.00299099
 -0.000127779 -0.000662749 0.00775086 -0.00248204
 -0.000200089 -0.00511874 0.00816188 -0.0024261
 -0.00026648 -0.00644196 0.00842662 -0.0025264
 -0.000346964 -0.00509956 0.00786873 -0.00252526
 -0.000421052 -0.00150202 0.00560362 -0.00202703
 -0.00013366 0.00850041 0.00974931 -0.00368352
 -0.000215462 0.0119128 0.0104873 -0.00455929
 -0.000406101 0.00892632 0.00963717 -0.00422956
 -0.000503657 0.00251662 0.00965725 -0.00389423
 -0.000589812 -0.0012397 0.00921442 -0.0034797
 -0.000721814 -0.000912861 0.00715938 -0.00281601
 -0.000529617 0.0134625 0.0102802 -0.0050326
 -0.000693743 0.0182572 0.00779381 -0.00474859
 -0.00086158 0.0215579 0.00378925 -0.00370026
 -0.000973496 0.0181195 0.00127941 -0.00245826
 -0.00098355 0.0111215 0.00117995 -0.00172374
 -0.000863514 0.0185032 0.00607568 -0.00431573
 -0.00103916 0.0249734 0.000538515 -0.00293126
 -0.00113793 0.0280934 -0.00538398 -0.000925161
 -0.00105309 0.0231813 -0.00738265 0.000461141
 -0.00120909 0.0252533 -0.00253979 -0.00184808
 -0.00126392 0.0318851 -0.0105811 0.000709321
 -0.0010486 0.0331815 -0.0165575 0.0031631
 -0.00127767 0.0315179 -0.0143365 0.00232321
 -0.000910354 0.0355283 -0.0218661 0.00517659
 -0.000505865 0.0325132 -0.0232703 0.00623231


