**************************************************************
***  MERIS LUT-169: Fourier series terms (s0,..,s5)[TERM]] ***
***                 of polynomial coefficients (k0,..,k3)  ***
***                 for each of 81 aerosol models [IAER],  ***
***                 & for each of 78 geometries [SVZA]     ***
***  - - - - - - - - - - - - - - - - - - - - - - - - - - - ***
***  => useful for multiplicative aer.scat.fct. retrieval  ***
**************************************************************

12 Gaussian angles (deg): SZA/VZA
------------------------         

 2.84 17.64 28.77 36.19 43.61 51.03 58.46 65.88 69.59 73.30 77.01 80.72

Coefficients: [SVZA x (k0,k1,k2,k3)]
------------                        

 Aerosol model #70
 - - - - - - -  

Fourier series term #0
 1.01639 1.13904 0.481142 -0.0892721
 1.02255 1.52201 0.649661 -0.129498
 1.02727 1.77296 0.749954 -0.16798
 1.03132 1.98443 0.811899 -0.2021
 1.03587 2.22962 0.846022 -0.240059
 1.04032 2.4996 0.815982 -0.274019
 1.04346 2.78221 0.667332 -0.287286
 1.04338 3.05591 0.318596 -0.245074
 1.04177 3.17781 0.0349544 -0.183893
 1.04006 3.27439 -0.336955 -0.0819116
 1.04186 3.30994 -0.782144 0.066342
 1.05721 3.1857 -1.19526 0.2352
 1.02334 1.62374 0.667421 -0.140412
 1.02797 1.89046 0.746894 -0.176155
 1.03172 2.10424 0.782972 -0.205469
 1.0357 2.34048 0.781585 -0.235251
 1.03941 2.59847 0.714932 -0.258889
 1.04162 2.86277 0.5361 -0.260916
 1.04053 3.11413 0.174755 -0.209812
 1.03845 3.22695 -0.105552 -0.146634
 1.03629 3.31849 -0.467792 -0.0449867
 1.03756 3.35526 -0.899589 0.100793
 1.05206 3.24163 -1.30227 0.266885
 1.03051 2.06526 0.745283 -0.19764
 1.03384 2.26499 0.737707 -0.21792
 1.03727 2.49422 0.690736 -0.236335
 1.03985 2.72573 0.573545 -0.243842
 1.04047 2.95932 0.353048 -0.227859
 1.03751 3.18727 -0.0304431 -0.160608
 1.03447 3.29385 -0.312479 -0.0915161
 1.03141 3.38429 -0.669828 0.0135998
 1.03186 3.42623 -1.091 0.15977
 1.04561 3.32552 -1.48106 0.323636
 1.03865 2.39473 0.682517 -0.221592
 1.04176 2.59066 0.599826 -0.22983
 1.04406 2.80213 0.457686 -0.228117
 1.04421 3.00718 0.219916 -0.202283
 1.0409 3.21115 -0.166503 -0.127136
 1.0379 3.31024 -0.44346 -0.0557356
 1.03512 3.39598 -0.790973 0.0500123
 1.03617 3.43602 -1.19757 0.194612
 1.05082 3.33658 -1.57002 0.354724
 1.04124 2.7229 0.471543 -0.223804
 1.04227 2.89756 0.301347 -0.210296
 1.04142 3.08763 0.0497981 -0.175152
 1.03743 3.2756 -0.340506 -0.0915068
 1.03438 3.36915 -0.614139 -0.0171021
 1.03185 3.45183 -0.953701 0.0899697
 1.03354 3.49103 -1.34706 0.233441
 1.04913 3.39346 -1.70238 0.389882
 1.04205 3.00382 0.103842 -0.182117
 1.04038 3.16467 -0.160878 -0.135767
 1.03604 3.35131 -0.555193 -0.043109
 1.03309 3.44302 -0.827312 0.0353222
 1.03103 3.52305 -1.16069 0.144964
 1.03369 3.55913 -1.54081 0.288093
 1.05077 3.4583 -1.87522 0.440281
 1.03781 3.26696 -0.439305 -0.0743224
 1.03339 3.43742 -0.839824 0.0307418
 1.03092 3.53337 -1.11186 0.114107
 1.0299 3.61498 -1.43943 0.226929
 1.03442 3.64538 -1.8027 0.369231
 1.05421 3.53203 -2.10547 0.514157
 1.0297 3.55276 -1.23908 0.150849
 1.02846 3.63184 -1.50436 0.239469
 1.02963 3.7053 -1.81799 0.35411
 1.03761 3.72521 -2.15251 0.49193
 1.0621 3.58951 -2.40328 0.622381
 1.02836 3.68829 -1.75788 0.329141
 1.03143 3.74029 -2.0518 0.441495
 1.04214 3.74102 -2.35691 0.572306
 1.07007 3.58451 -2.56485 0.689144
 1.03705 3.75826 -2.31292 0.547457
 1.05141 3.72131 -2.56859 0.664514
 1.08365 3.52816 -2.71168 0.759411
 1.07048 3.62828 -2.74801 0.757478
 1.10733 3.37998 -2.79899 0.819583
 1.14786 3.06453 -2.73136 0.836682

Fourier series term #1
 -0.000366417 -0.0246489 -0.0106677 0.00196545
 -0.000450062 -0.0249874 -0.0113772 0.00219306
 -0.000548313 -0.0264307 -0.0103684 0.00226946
 -0.000663942 -0.0297256 -0.00885816 0.00226317
 -0.000756839 -0.0308604 -0.0043258 0.00158913
 -0.000823021 -0.0297202 0.00334345 -1.59543e-05
 -0.000843384 -0.0246251 0.0137367 -0.00284774
 -0.000839186 -0.0137524 0.0240753 -0.00664011
 -0.000858348 -0.005695 0.0273204 -0.00843547
 -0.00092804 0.00423029 0.0275071 -0.00952724
 -0.0010555 0.0158779 0.0230238 -0.00915784
 -0.00114078 0.0279861 0.013094 -0.00663327
 -0.00272546 -0.152977 -0.0635816 0.0131283
 -0.0034457 -0.167457 -0.0559202 0.0132435
 -0.0040227 -0.178003 -0.0399041 0.0114425
 -0.0046101 -0.184623 -0.0110718 0.00661079
 -0.00500603 -0.173271 0.0345911 -0.00364902
 -0.00514821 -0.136112 0.0917358 -0.0201859
 -0.00522189 -0.0662415 0.142826 -0.0405428
 -0.00544311 -0.0173017 0.155492 -0.0493111
 -0.00597165 0.0414832 0.150462 -0.0537409
 -0.00683827 0.109149 0.119271 -0.0497107
 -0.00744699 0.179309 0.0579562 -0.0335146
 -0.00560824 -0.266082 -0.0635764 0.018105
 -0.00654933 -0.281942 -0.0325989 0.0132584
 -0.00726627 -0.273894 0.0201915 0.00222231
 -0.00779614 -0.244845 0.0875345 -0.0149256
 -0.00804465 -0.177464 0.160809 -0.0386303
 -0.00841498 -0.0635972 0.21417 -0.0639733
 -0.00898467 0.0120561 0.218993 -0.0729174
 -0.0100559 0.10059 0.197469 -0.0746883
 -0.0115993 0.200501 0.139137 -0.0639087
 -0.0126053 0.302363 0.0406881 -0.0362749
 -0.0083096 -0.324936 -0.00190144 0.0082649
 -0.00911802 -0.31329 0.0596805 -0.00586479
 -0.00945117 -0.261295 0.135802 -0.0273713
 -0.00955261 -0.173893 0.207922 -0.0532968
 -0.00987173 -0.0390357 0.249834 -0.0779265
 -0.0104713 0.0483522 0.244573 -0.0849338
 -0.0115902 0.149231 0.209495 -0.0832453
 -0.0130972 0.26149 0.134134 -0.0671966
 -0.0136762 0.373706 0.0169911 -0.032825
 -0.0102427 -0.317197 0.117254 -0.0202318
 -0.0107812 -0.253869 0.188818 -0.0432467
 -0.0111012 -0.141255 0.249917 -0.069598
 -0.0119002 0.0114404 0.269877 -0.090545
 -0.0128051 0.106812 0.250088 -0.0939549
 -0.014194 0.216061 0.198457 -0.0874467
 -0.0158017 0.336487 0.105215 -0.0654185
 -0.0160254 0.454032 -0.0283932 -0.024715
 -0.011728 -0.204855 0.240655 -0.0628203
 -0.0123814 -0.0854578 0.278465 -0.0851231
 -0.0135763 0.0855842 0.268421 -0.099309
 -0.0147068 0.1865 0.230893 -0.0974558
 -0.0162422 0.299114 0.160863 -0.0845989
 -0.0177328 0.421031 0.0502698 -0.0557164
 -0.0172644 0.536174 -0.0958656 -0.00906936
 -0.0137402 0.0107427 0.282586 -0.0976628
 -0.015531 0.179575 0.235359 -0.100336
 -0.0168586 0.286077 0.177353 -0.0915817
 -0.0184123 0.401418 0.0872178 -0.0709733
 -0.0195126 0.519852 -0.039403 -0.0346048
 -0.0179088 0.62382 -0.192091 0.0169909
 -0.0179612 0.31187 0.150464 -0.0867226
 -0.0193728 0.406078 0.0738565 -0.0692252
 -0.0206416 0.515464 -0.0340252 -0.039978
 -0.0208203 0.626668 -0.173077 0.00371113
 -0.0173309 0.712889 -0.323952 0.0581589
 -0.0206715 0.48459 -0.00868068 -0.0472445
 -0.0215163 0.579327 -0.119675 -0.0143584
 -0.0208714 0.67783 -0.258114 0.031478
 -0.0160141 0.74982 -0.400998 0.085131
 -0.0216867 0.651201 -0.227215 0.0206475
 -0.0198267 0.725792 -0.355422 0.0660252
 -0.0131726 0.773904 -0.479697 0.115432
 -0.0161842 0.765287 -0.459663 0.106297
 -0.00747364 0.776871 -0.55062 0.14643
 0.00326679 0.742182 -0.591973 0.170764

Fourier series term #2
 -1.92238e-05 -0.00134882 -0.000568613 0.000105684
 -2.82769e-05 -0.00197706 -0.000910043 0.000180794
 -2.60725e-07 -0.000184903 -0.000255393 5.32757e-05
 -3.24487e-06 -0.000479524 -0.000500504 0.000114098
 3.89344e-07 -0.000381573 -0.000604325 0.00014765
 4.88221e-07 -0.000554337 -0.000788019 0.000214897
 -2.76916e-06 -0.00101127 -0.000919633 0.000294674
 1.78849e-06 -0.0010791 -0.000711598 0.000274484
 3.22683e-06 -0.00119727 -0.000508724 0.000233857
 2.05771e-06 -0.00146421 -0.000203939 0.000161274
 -2.10064e-06 -0.00165852 0.00019823 3.86406e-05
 -1.37499e-05 -0.00152 0.000524041 -9.43037e-05
 -0.000509724 -0.0399721 -0.0188564 0.0039324
 -0.000150216 -0.0188393 -0.0145904 0.00323022
 -1.77947e-05 -0.0142708 -0.0170185 0.00396612
 9.26938e-06 -0.0187948 -0.0232934 0.00592803
 2.6856e-05 -0.0257677 -0.0286765 0.00816562
 3.84347e-05 -0.0358536 -0.0299848 0.00993128
 8.81933e-05 -0.0476456 -0.0227652 0.00961903
 0.000141607 -0.0527454 -0.014737 0.00795317
 0.000187137 -0.0561526 -0.00382562 0.00495695
 0.000130143 -0.0565398 0.00864193 0.000765436
 -0.00024426 -0.0515359 0.0189163 -0.00352697
 -0.00039972 -0.0536744 -0.0396565 0.00961592
 -0.000196807 -0.0528895 -0.0487091 0.0124451
 3.3876e-07 -0.0560522 -0.0579194 0.0159312
 4.82282e-05 -0.0756497 -0.0664757 0.0204931
 0.000120866 -0.101704 -0.0639488 0.0232345
 0.00036349 -0.127261 -0.0418627 0.0205736
 0.000555881 -0.137634 -0.0218638 0.0159355
 0.000716586 -0.144384 0.00367484 0.00854827
 0.000616175 -0.144713 0.0319172 -0.00125032
 -0.000264601 -0.1332 0.0547903 -0.011076
 -0.000467935 -0.086097 -0.0729214 0.0197627
 -0.000375733 -0.103339 -0.0867381 0.0255304
 -0.000267137 -0.125784 -0.0916847 0.0302515
 -0.000163176 -0.161478 -0.0822098 0.0324513
 0.000209652 -0.19625 -0.0472231 0.0271428
 0.000508304 -0.209484 -0.018316 0.0200091
 0.000755314 -0.217831 0.0175019 0.00925763
 0.000615949 -0.217789 0.056576 -0.00465205
 -0.000658014 -0.201721 0.0880372 -0.0184857
 -0.000411578 -0.159275 -0.108282 0.0354213
 -0.000268821 -0.19794 -0.109093 0.0406429
 7.82822e-05 -0.235779 -0.0877429 0.0403898
 0.000686593 -0.276961 -0.038276 0.0313524
 0.00108698 -0.293416 -0.000636413 0.021505
 0.00138195 -0.303808 0.0449436 0.00728091
 0.00113278 -0.303638 0.0940191 -0.010735
 -0.000640326 -0.283233 0.133153 -0.0285084
 -0.000312411 -0.274316 -0.107053 0.0474525
 0.000172734 -0.325217 -0.0744836 0.04489
 0.00106529 -0.365008 -0.0101923 0.0308336
 0.00156463 -0.383222 0.0353624 0.0180535
 0.00188453 -0.395986 0.0894287 0.000442995
 0.00148193 -0.396791 0.146973 -0.0213735
 -0.000855898 -0.373289 0.192173 -0.0426426
 0.000632339 -0.412923 -0.0316749 0.0409677
 0.00167772 -0.465126 0.0460423 0.0222757
 0.00222337 -0.481465 0.0978905 0.00638016
 0.00246436 -0.492847 0.15777 -0.0143851
 0.00174832 -0.493229 0.220516 -0.0392453
 -0.00134819 -0.466893 0.268308 -0.0628642
 0.00261485 -0.55787 0.139587 -0.000744388
 0.00300052 -0.585177 0.198147 -0.0193535
 0.00291048 -0.597196 0.261356 -0.0426132
 0.00154655 -0.591977 0.323067 -0.0688944
 -0.00266734 -0.556843 0.364844 -0.0921129
 0.00317824 -0.624906 0.261358 -0.0393068
 0.00273307 -0.644617 0.327002 -0.0634962
 0.000820153 -0.639216 0.386554 -0.0895888
 -0.00418206 -0.597552 0.420937 -0.111001
 0.00176463 -0.675671 0.395809 -0.0885142
 -0.000915018 -0.674965 0.453494 -0.113941
 -0.0069198 -0.629238 0.478579 -0.132296
 -0.00466646 -0.681925 0.508716 -0.137918
 -0.0118737 -0.636946 0.524306 -0.152252
 -0.0203039 -0.595606 0.530041 -0.161668

Fourier series term #3
 -3.07055e-07 -2.1946e-05 -9.04859e-06 1.7072e-06
 -2.72179e-06 -0.000188706 -8.0233e-05 1.605e-05
 -1.4402e-06 -9.26282e-05 -3.79915e-05 8.50455e-06
 1.98768e-07 1.447e-05 7.63119e-06 -1.84868e-06
 1.53163e-06 9.78831e-05 3.83633e-05 -1.08754e-05
 -2.46051e-06 -0.000150294 -5.10498e-05 1.68443e-05
 9.9052e-07 6.22547e-05 6.70404e-06 -4.34624e-06
 2.13279e-06 0.000138357 -1.42033e-06 -6.48898e-06
 -7.75544e-07 -7.99421e-05 -2.06694e-05 1.08232e-05
 -2.22951e-06 -0.000221181 6.51145e-07 1.28489e-05
 -1.04691e-06 -0.000142313 1.20852e-05 4.60709e-06
 2.4392e-06 7.77436e-05 -4.73459e-05 1.22672e-05
 -0.00032751 -0.0238404 -0.00971824 0.00205252
 -0.000110842 -0.00780533 -0.0029265 0.00069282
 -1.85887e-05 -0.00103291 -0.000109782 3.11838e-05
 -8.62756e-06 -0.000386126 -8.79517e-05 1.01238e-05
 8.7324e-06 0.000386981 -0.000610796 0.000114626
 4.09085e-05 0.00134606 -0.00181732 0.000419072
 7.89805e-05 0.00104078 -0.00363314 0.0010341
 0.000103366 0.000123465 -0.00432603 0.00136679
 0.000136967 -0.00123287 -0.00445579 0.00157068
 0.000179632 -0.00282539 -0.00373822 0.00149967
 0.000210058 -0.00433555 -0.00214808 0.00106618
 -0.00035906 -0.0267649 -0.00973797 0.00256432
 -0.000210183 -0.0155985 -0.00547301 0.00154723
 -2.44248e-05 -0.00233202 -0.00207019 0.000491656
 7.54591e-05 0.00200276 -0.00410332 0.000908126
 0.000182074 0.0028348 -0.00900881 0.00234695
 0.000337883 0.000168925 -0.0142139 0.00435988
 0.000452459 -0.00307401 -0.0155477 0.00522191
 0.000605017 -0.00764334 -0.0148881 0.00556382
 0.000786541 -0.0131647 -0.0113987 0.00494857
 0.000914536 -0.018454 -0.00514743 0.00314106
 -0.000339826 -0.0252977 -0.00981176 0.0028636
 -0.000123689 -0.0126795 -0.00866421 0.00242424
 0.000143198 0.000626762 -0.0107646 0.00271304
 0.00033705 0.00185294 -0.0184201 0.0051392
 0.000596203 -0.00448879 -0.0255327 0.00827685
 0.000792408 -0.0102329 -0.0264737 0.00936728
 0.00105034 -0.0177045 -0.0240539 0.009487
 0.00134991 -0.0260796 -0.0173197 0.00803943
 0.00154171 -0.0338426 -0.00661443 0.00477458
 -0.000105019 -0.0222788 -0.0173405 0.0052187
 0.000210727 -0.0125864 -0.0233318 0.00694203
 0.000620765 -0.00569368 -0.0314982 0.00971759
 0.00109079 -0.0155038 -0.0381778 0.0134689
 0.00142837 -0.0243516 -0.0374277 0.0144657
 0.00185381 -0.0349555 -0.0319308 0.0139548
 0.00231671 -0.0463774 -0.0206283 0.0111979
 0.00258322 -0.0563461 -0.00446215 0.00602581
 0.000390737 -0.0293723 -0.0371827 0.0124282
 0.000937256 -0.0301294 -0.0460229 0.0163828
 0.00173715 -0.0361528 -0.0488263 0.0192943
 0.00225448 -0.0462258 -0.0449522 0.0195651
 0.00286937 -0.0594809 -0.0350679 0.0178552
 0.00349543 -0.073704 -0.0181378 0.0132669
 0.00379484 -0.0853274 0.00397934 0.00581811
 0.00153538 -0.0620372 -0.0542224 0.0225707
 0.00267015 -0.0764549 -0.0502715 0.0242936
 0.00341227 -0.0833343 -0.0421273 0.0229535
 0.00422959 -0.0942878 -0.0274828 0.0193217
 0.00498143 -0.108278 -0.00507244 0.0124893
 0.00521672 -0.119678 0.0221904 0.00271367
 0.00410354 -0.124701 -0.0328577 0.0240108
 0.0050208 -0.13944 -0.0172277 0.0204733
 0.00596473 -0.148761 0.00297737 0.0143144
 0.00670891 -0.155945 0.0284682 0.00519855
 0.00666876 -0.159218 0.0557012 -0.00585721
 0.00598537 -0.164746 0.00470809 0.0153236
 0.00689872 -0.180004 0.0299404 0.00749724
 0.00750703 -0.185834 0.0568039 -0.00259639
 0.00718214 -0.182791 0.0817401 -0.0137259
 0.00770156 -0.20458 0.0616765 -0.00227516
 0.00802728 -0.214291 0.0919414 -0.0137371
 0.00722611 -0.206509 0.113484 -0.0242754
 0.00782556 -0.2303 0.125583 -0.026213
 0.00638513 -0.222356 0.145066 -0.0361444
 0.00409529 -0.216967 0.162587 -0.0450357

Fourier series term #4
 5.02292e-07 3.44533e-05 1.46362e-05 -2.73067e-06
 2.1386e-07 1.38612e-05 6.06153e-06 -1.20473e-06
 -5.13291e-07 -3.46305e-05 -1.45894e-05 3.24893e-06
 1.22031e-06 7.6796e-05 3.16604e-05 -7.88393e-06
 -9.17308e-07 -5.79896e-05 -2.17545e-05 6.19734e-06
 -3.84984e-07 -2.91252e-05 -9.59718e-06 3.19693e-06
 1.88273e-06 0.000113397 2.82501e-05 -1.20086e-05
 -1.30082e-06 -0.000103322 -9.37942e-06 7.82594e-06
 -1.49617e-06 -0.000130886 -1.48629e-06 7.57768e-06
 8.18145e-08 -1.76955e-05 1.09496e-06 6.80109e-07
 1.85115e-06 0.000117601 -2.77545e-05 2.32739e-06
 2.61261e-06 0.000124852 -4.57301e-05 8.79728e-06
 -0.000178429 -0.013109 -0.00535379 0.00113174
 -7.52477e-05 -0.00542898 -0.00218362 0.000515431
 -6.20826e-06 -0.000388875 -8.85789e-05 2.62341e-05
 -5.87104e-06 -0.000266811 6.85881e-05 -9.6262e-06
 -9.64805e-06 -0.000357798 0.000173865 -3.39238e-05
 -9.45753e-06 -4.90584e-05 0.000380677 -0.000106483
 -9.93678e-06 0.000292497 0.000394159 -0.000140464
 -9.34586e-06 0.000474096 0.000270059 -0.000119157
 -7.42212e-06 0.00063554 5.87939e-05 -6.40992e-05
 -3.20042e-06 0.000673792 -0.000178638 1.55149e-05
 6.04961e-06 0.000530769 -0.000328016 8.38354e-05
 -0.000273048 -0.0207392 -0.00780435 0.00206169
 -0.000172546 -0.0128484 -0.00422661 0.00124902
 -5.85119e-05 -0.00322179 -3.41171e-05 9.36535e-05
 -4.94271e-05 -0.00114708 0.00139326 -0.000337489
 -5.78341e-05 -2.77308e-05 0.00202746 -0.000601325
 -5.79398e-05 0.0020614 0.00172813 -0.000685108
 -5.71619e-05 0.00296898 0.000996126 -0.000537511
 -5.13766e-05 0.00349569 -5.47459e-05 -0.000238126
 -3.01703e-05 0.00343658 -0.00114405 0.000152038
 2.0611e-05 0.00260681 -0.00175788 0.000459967
 -0.000327026 -0.0228306 -0.00666383 0.00214796
 -0.000231257 -0.0144075 -0.00216102 0.000967181
 -0.000118873 -0.00332117 0.0025909 -0.000612129
 -0.000105741 0.00110139 0.0039346 -0.00126355
 -0.000112503 0.004302 0.00283496 -0.0012269
 -0.000112004 0.00568056 0.0013518 -0.000882758
 -9.86235e-05 0.00671428 -0.000623221 -0.000304983
 -5.89878e-05 0.00667258 -0.00256603 0.000403208
 3.08165e-05 0.00498935 -0.00350636 0.0009227
 -0.000367746 -0.0242699 -0.00267511 0.0015446
 -0.000287307 -0.0130923 0.00233379 -0.000181311
 -0.000204395 0.00135438 0.00534079 -0.00182399
 -0.000205316 0.00792579 0.00321706 -0.00170561
 -0.000208574 0.0094488 0.000886386 -0.00109491
 -0.00018941 0.01026 -0.00190647 -0.000202126
 -0.000123931 0.0098342 -0.00449261 0.000804661
 2.02246e-05 0.00750513 -0.0056713 0.00151388
 -0.000432408 -0.0210747 0.00277229 7.99255e-05
 -0.000373199 -0.00677087 0.00486286 -0.00136174
 -0.000324057 0.00953455 0.0022631 -0.0016766
 -0.000321139 0.0128597 -0.000765671 -0.000925575
 -0.000296072 0.0135892 -0.0040481 0.000192163
 -0.000207694 0.0124674 -0.00679954 0.00137322
 -1.73234e-05 0.00930043 -0.00776442 0.00212943
 -0.000505811 -0.0147401 0.00414992 -0.000677224
 -0.000485585 -0.000753967 0.00130555 -0.000716652
 -0.000459335 0.00806007 -0.00220971 -0.000156601
 -0.000414836 0.0130655 -0.00614722 0.000916
 -0.000304945 0.0133263 -0.00895927 0.00206486
 -9.3119e-05 0.0098389 -0.00929815 0.00265926
 -0.000575371 -0.0134063 0.00224395 2.56058e-05
 -0.000558205 -0.0103528 0.00110254 0.000235809
 -0.00052586 -0.00281012 -0.0023007 0.000926977
 -0.00041203 0.00381592 -0.00596909 0.00181052
 -0.000228079 0.00541089 -0.00762021 0.00243378
 -0.000567401 -0.01675 0.00356665 -3.74907e-05
 -0.000551873 -0.0147675 0.0033162 -6.33693e-05
 -0.00049423 -0.008013 0.000433855 0.000485894
 -0.000355206 -0.00249983 -0.0023669 0.00111014
 -0.000587768 -0.0224855 0.00845708 -0.00126018
 -0.000607817 -0.021315 0.00974043 -0.00190572
 -0.000625745 -0.0144573 0.0067435 -0.00135941
 -0.000823585 -0.0291499 0.0171462 -0.00410122
 -0.00107132 -0.0268361 0.0182072 -0.00487848
 -0.00174046 -0.0320485 0.0251546 -0.0073188

Fourier series term #5
 1.19313e-07 8.55963e-06 3.61079e-06 -6.81263e-07
 -3.66861e-07 -2.44467e-05 -1.0497e-05 2.10946e-06
 3.94669e-07 2.6016e-05 1.10541e-05 -2.49314e-06
 -5.49942e-08 -2.04562e-06 -9.43405e-07 2.62072e-07
 -5.10717e-07 -3.24693e-05 -1.25108e-05 3.54463e-06
 7.45436e-07 4.59744e-05 1.49451e-05 -5.01078e-06
 -2.42199e-07 -1.56048e-05 -3.00285e-06 1.38317e-06
 -5.5562e-07 -4.10968e-05 -5.01116e-06 3.50581e-06
 3.44277e-07 2.34214e-05 -5.83746e-07 -1.09236e-06
 8.40549e-07 6.70263e-05 -6.96908e-06 -1.6383e-06
 5.23806e-07 4.10552e-05 -8.81067e-06 5.02983e-07
 -5.00186e-07 -2.68503e-05 1.066e-05 -2.18421e-06
 -8.2538e-05 -0.00611993 -0.00248058 0.000525122
 -4.8837e-05 -0.00355511 -0.00144043 0.000339585
 -4.65294e-06 -0.00032639 -0.000134946 3.48285e-05
 1.56024e-06 9.15454e-05 2.5023e-05 -7.74923e-06
 -1.12617e-06 -0.000101671 -3.55508e-05 1.24181e-05
 -1.43093e-06 -0.000106447 -5.66308e-06 6.27551e-06
 -1.13298e-06 -4.40218e-05 4.19503e-05 -1.0091e-05
 -2.02745e-06 -5.6631e-05 6.42634e-05 -1.71322e-05
 -3.18069e-06 -5.00583e-05 8.50792e-05 -2.54636e-05
 -3.79897e-06 2.06933e-05 7.47129e-05 -2.76597e-05
 -3.32989e-06 0.000107733 2.23257e-05 -1.50916e-05
 -0.00019934 -0.0153409 -0.00591496 0.00155554
 -0.000122674 -0.00963784 -0.00358977 0.00103311
 -2.27568e-05 -0.00190525 -0.000685657 0.000220842
 -4.05372e-06 -0.000422397 -7.96691e-05 3.87068e-05
 -1.13869e-05 -0.000826913 7.5768e-05 1.82937e-05
 -1.76763e-05 -0.000677449 0.000475946 -0.000109111
 -2.13146e-05 -0.000346718 0.000625053 -0.00018192
 -2.66673e-05 6.25146e-05 0.00063399 -0.000220179
 -3.29458e-05 0.000460064 0.000461507 -0.000195442
 -3.43763e-05 0.00076701 0.000144084 -0.000104248
 -0.000239907 -0.017934 -0.00626885 0.00193734
 -0.000145653 -0.0113049 -0.00357054 0.00124754
 -3.81263e-05 -0.00301667 -0.000529548 0.000263348
 -3.1357e-05 -0.00174346 0.000521363 -6.27331e-05
 -4.59739e-05 -0.00139697 0.00131121 -0.000332492
 -5.58786e-05 -0.000808741 0.00156852 -0.000468246
 -6.80675e-05 0.000176636 0.00151531 -0.000536357
 -8.10402e-05 0.00119146 0.00103555 -0.00045576
 -8.10284e-05 0.00194555 0.000237357 -0.000220526
 -0.000239415 -0.0209935 -0.00554966 0.00224217
 -0.000159012 -0.0140896 -0.0022181 0.00124764
 -8.15872e-05 -0.00474185 0.00124961 -0.000122539
 -9.95294e-05 -0.00186388 0.00276612 -0.000790614
 -0.000121124 -0.000741647 0.00297929 -0.000972226
 -0.00014827 0.000700215 0.00268569 -0.0010135
 -0.000174527 0.00232158 0.00173036 -0.000821565
 -0.000173384 0.00377705 0.000204189 -0.000367187
 -0.000269066 -0.0249554 -0.00202839 0.00187388
 -0.000214744 -0.0163521 0.00215691 0.000283213
 -0.000191489 -0.0037837 0.00461505 -0.00132633
 -0.000221593 -0.000273891 0.0045551 -0.00161421
 -0.000264101 0.00225984 0.00369486 -0.00156307
 -0.000304256 0.00443218 0.00204774 -0.00117155
 -0.000302431 0.00625657 -0.000216154 -0.000458511
 -0.000331274 -0.0271257 0.00524649 6.40821e-05
 -0.000343867 -0.0146516 0.0077608 -0.00166503
 -0.000373533 -0.00514278 0.00689501 -0.00216438
 -0.000430862 0.00235231 0.00463057 -0.00202829
 -0.000476184 0.00708917 0.0015931 -0.00133436
 -0.000460799 0.00976835 -0.00174771 -0.000254148
 -0.00050076 -0.024552 0.0125484 -0.00259308
 -0.000556414 -0.0193083 0.0126515 -0.00316345
 -0.000635764 -0.00820222 0.00909409 -0.00287935
 -0.000688862 0.00340121 0.00303304 -0.00165609
 -0.000627343 0.0111701 -0.00317044 6.92604e-05
 -0.000651005 -0.0219091 0.0148151 -0.00378
 -0.00074351 -0.0155833 0.0130002 -0.00373868
 -0.000812285 -0.00371054 0.00672734 -0.00247708
 -0.000737517 0.00781695 -0.00174328 -0.000199542
 -0.000863889 -0.0180862 0.0150453 -0.00435277
 -0.000950646 -0.0111135 0.0112823 -0.00360863
 -0.000897194 0.000958917 0.00236221 -0.00119094
 -0.0010975 -0.0132233 0.0129123 -0.00409419
 -0.00109532 -0.00594762 0.00725488 -0.002532
 -0.00123642 -0.00730741 0.00812814 -0.0027608


