**************************************************************
***  MERIS LUT-169: Fourier series terms (s0,..,s5)[TERM]] ***
***                 of polynomial coefficients (k0,..,k3)  ***
***                 for each of 81 aerosol models [IAER],  ***
***                 & for each of 78 geometries [SVZA]     ***
***  - - - - - - - - - - - - - - - - - - - - - - - - - - - ***
***  => useful for multiplicative aer.scat.fct. retrieval  ***
**************************************************************

12 Gaussian angles (deg): SZA/VZA
------------------------         

 2.84 17.64 28.77 36.19 43.61 51.03 58.46 65.88 69.59 73.30 77.01 80.72

Coefficients: [SVZA x (k0,k1,k2,k3)]
------------                        

 Aerosol model #44
 - - - - - - -  

Fourier series term #0
 1.01819 1.36958 0.605758 -0.0979045
 1.01947 1.46065 0.654605 -0.113305
 1.02245 1.68301 0.755908 -0.146432
 1.02529 1.91218 0.838446 -0.180032
 1.0281 2.17631 0.89101 -0.217443
 1.0303 2.47783 0.872297 -0.250686
 1.03076 2.81727 0.716013 -0.26109
 1.0275 3.18211 0.318175 -0.207669
 1.02404 3.36231 -0.0155607 -0.133881
 1.02039 3.5227 -0.459466 -0.0117623
 1.02069 3.62054 -0.997037 0.165325
 1.03667 3.53895 -1.50491 0.367187
 1.02064 1.60584 0.722404 -0.13665
 1.02384 1.82387 0.809045 -0.171664
 1.02658 2.01814 0.860298 -0.202858
 1.0298 2.26901 0.887309 -0.238807
 1.0328 2.56221 0.8464 -0.270425
 1.03432 2.88139 0.674234 -0.278719
 1.03242 3.2111 0.280627 -0.225915
 1.02978 3.37143 -0.0384209 -0.155417
 1.02698 3.51351 -0.458401 -0.0395839
 1.02796 3.59791 -0.96589 0.128523
 1.04394 3.51342 -1.44742 0.321734
 1.02794 2.02293 0.864699 -0.2069
 1.03072 2.2151 0.880613 -0.234525
 1.03354 2.43516 0.853033 -0.260956
 1.03602 2.69515 0.757381 -0.279948
 1.03694 2.98618 0.544094 -0.275012
 1.03435 3.28707 0.1318 -0.210662
 1.03139 3.43413 -0.185257 -0.136461
 1.02832 3.56603 -0.595289 -0.0191736
 1.02902 3.64592 -1.08679 0.147938
 1.04447 3.56651 -1.55271 0.339181
 1.03173 2.40292 0.821999 -0.23821
 1.0341 2.61729 0.753291 -0.254522
 1.03572 2.84602 0.610852 -0.258822
 1.03569 3.10266 0.360944 -0.238281
 1.03235 3.38144 -0.0675469 -0.161253
 1.02921 3.5213 -0.38433 -0.0825868
 1.02618 3.64762 -0.787989 0.0372413
 1.02723 3.72399 -1.26696 0.204298
 1.04335 3.64393 -1.71618 0.392927
 1.03746 2.76815 0.687508 -0.277142
 1.03813 2.97828 0.513415 -0.27037
 1.03685 3.19744 0.235237 -0.235769
 1.03255 3.44409 -0.206339 -0.146057
 1.02927 3.57518 -0.521584 -0.0630918
 1.02652 3.69618 -0.917226 0.0587614
 1.02841 3.7679 -1.38014 0.224468
 1.04606 3.68264 -1.80482 0.407483
 1.03779 3.15004 0.305632 -0.24831
 1.0357 3.35549 0.00687417 -0.200466
 1.03075 3.57423 -0.448939 -0.0958842
 1.02747 3.69179 -0.764959 -0.00664061
 1.02515 3.80319 -1.15486 0.11921
 1.02808 3.86809 -1.60338 0.285189
 1.04737 3.77706 -2.0047 0.463894
 1.03283 3.52992 -0.312439 -0.13586
 1.02769 3.74844 -0.781209 -0.0162297
 1.02479 3.85741 -1.09907 0.0804412
 1.02349 3.95266 -1.48183 0.211334
 1.02842 3.99802 -1.90953 0.377066
 1.0507 3.88517 -2.27325 0.547745
 1.02318 3.9429 -1.25899 0.121459
 1.02157 4.05113 -1.57572 0.225197
 1.02262 4.14 -1.94688 0.359801
 1.03138 4.15796 -2.33945 0.52131
 1.05899 3.99883 -2.6364 0.674865
 1.02139 4.14182 -1.88243 0.330809
 1.02455 4.2192 -2.23733 0.464204
 1.03644 4.22281 -2.60124 0.619166
 1.06809 4.03416 -2.84744 0.757303
 1.03076 4.26574 -2.55796 0.590823
 1.04685 4.23975 -2.87365 0.732303
 1.08364 4.01619 -3.05084 0.847049
 1.06819 4.16041 -3.10985 0.848559
 1.11068 3.88586 -3.18902 0.927695
 1.15776 3.54287 -3.13724 0.956504

Fourier series term #1
 -0.000234794 -0.0170006 -0.00785334 0.00125646
 -0.000159491 -0.00756685 -0.0050062 0.000804104
 -0.000493924 -0.0288658 -0.0143677 0.00273058
 -0.000555168 -0.0306358 -0.0130425 0.00282752
 -0.000604692 -0.0312694 -0.00860454 0.00234951
 -0.000658677 -0.0313618 -0.000836792 0.00103703
 -0.000714314 -0.0287644 0.0105231 -0.00157132
 -0.000811497 -0.0205584 0.0231492 -0.00546359
 -0.00092034 -0.0133053 0.027833 -0.00745469
 -0.00111523 -0.00340533 0.029322 -0.00880431
 -0.0014221 0.00926426 0.0254502 -0.00860137
 -0.0017582 0.0237962 0.0146514 -0.00587481
 -0.00152017 -0.0859256 -0.0466283 0.00870868
 -0.00265014 -0.146608 -0.0676437 0.0145149
 -0.00336936 -0.180966 -0.0663533 0.0165308
 -0.00386044 -0.193794 -0.0406075 0.0136148
 -0.00420884 -0.190005 0.00858612 0.00428218
 -0.00447734 -0.166578 0.0762036 -0.0127812
 -0.00485767 -0.111184 0.146421 -0.0366427
 -0.00537858 -0.0667631 0.170225 -0.0481565
 -0.00633135 -0.00903158 0.175984 -0.0559489
 -0.00786498 0.0629532 0.152027 -0.0549101
 -0.00950563 0.144742 0.0898801 -0.0396665
 -0.00428802 -0.221735 -0.078518 0.0196689
 -0.00527427 -0.2606 -0.0607477 0.0190246
 -0.00621659 -0.291245 -0.0192565 0.0130816
 -0.00683119 -0.287539 0.0541434 -0.00279892
 -0.00717038 -0.238567 0.14965 -0.0300213
 -0.00777603 -0.139908 0.236206 -0.0637101
 -0.00857118 -0.068205 0.259189 -0.0784256
 -0.0100367 0.0209985 0.253875 -0.08631
 -0.0122947 0.128357 0.205661 -0.0805794
 -0.0145151 0.247044 0.105044 -0.0544031
 -0.00646793 -0.306602 -0.0291616 0.0148889
 -0.0075007 -0.325648 0.0293459 0.00396523
 -0.00837764 -0.317872 0.110158 -0.0154112
 -0.00902973 -0.256019 0.20516 -0.0450115
 -0.0100491 -0.129407 0.280937 -0.0789216
 -0.0111594 -0.0405108 0.292435 -0.0917984
 -0.0130098 0.0669149 0.270512 -0.0957904
 -0.0156231 0.192763 0.200392 -0.0836558
 -0.0178362 0.328171 0.0743367 -0.0487692
 -0.00863511 -0.338314 0.097158 -0.0114134
 -0.00951854 -0.309063 0.184563 -0.0363412
 -0.0104534 -0.237741 0.2706 -0.0675074
 -0.0119462 -0.0988352 0.32608 -0.0992614
 -0.0133402 0.00017785 0.323342 -0.109365
 -0.0154455 0.119705 0.284008 -0.108989
 -0.0181176 0.257348 0.194088 -0.0908153
 -0.0197929 0.40016 0.0497731 -0.0493205
 -0.0107995 -0.265627 0.259842 -0.0617139
 -0.012118 -0.169788 0.324664 -0.0913979
 -0.0143041 -0.0231009 0.343603 -0.114793
 -0.0160616 0.0785002 0.319114 -0.118491
 -0.0184334 0.202153 0.256875 -0.110516
 -0.0210786 0.344784 0.144244 -0.0839135
 -0.0220515 0.489191 -0.0182884 -0.034591
 -0.0140501 -0.0643551 0.353543 -0.113522
 -0.0169884 0.100878 0.325881 -0.124526
 -0.0190929 0.20333 0.274962 -0.119175
 -0.0216018 0.321963 0.18735 -0.101039
 -0.0238963 0.455959 0.0539534 -0.0646841
 -0.0236267 0.586937 -0.119136 -0.00847434
 -0.0207578 0.265738 0.243415 -0.116521
 -0.0230057 0.371786 0.163161 -0.0998791
 -0.0252613 0.48871 0.0483832 -0.0697965
 -0.0265414 0.606463 -0.101858 -0.0232379
 -0.0240809 0.705211 -0.271855 0.0371522
 -0.0250429 0.469681 0.0710408 -0.0771358
 -0.0268417 0.581422 -0.0544713 -0.0411541
 -0.0271491 0.690563 -0.209644 0.0096404
 -0.0230121 0.768986 -0.370853 0.0698709
 -0.0277901 0.676225 -0.182232 -0.00118693
 -0.0266543 0.768925 -0.334237 0.0515808
 -0.0202685 0.824308 -0.479241 0.108838
 -0.0234263 0.830612 -0.466791 0.10101
 -0.014372 0.852754 -0.581175 0.150061
 -0.00258792 0.828177 -0.644433 0.18292

Fourier series term #2
 -3.62406e-05 -0.00273552 -0.00120917 0.000195501
 2.11777e-05 0.00154812 0.000664257 -0.000115673
 -6.62752e-07 -0.000215343 -0.000226757 4.01317e-05
 -6.11479e-06 -0.00070432 -0.000594097 0.000117214
 4.93347e-07 -0.000351955 -0.000626323 0.000130302
 3.49682e-06 -0.000405119 -0.000831813 0.000193322
 4.1254e-06 -0.000894552 -0.00105378 0.000289562
 1.43049e-05 -0.000824491 -0.000874475 0.000278871
 1.84669e-05 -0.000985443 -0.000686277 0.000248345
 2.04515e-05 -0.00143233 -0.000346701 0.00017615
 1.8779e-05 -0.00184966 0.000171175 2.96359e-05
 5.78061e-06 -0.00179455 0.000617224 -0.000136454
 0.00016015 0.0100248 0.00298635 -0.000619341
 0.000105152 0.00167302 -0.00535454 0.000897593
 -3.18594e-05 -0.0135732 -0.0174815 0.00358128
 -1.42189e-05 -0.0188034 -0.0263224 0.00596599
 9.09234e-05 -0.0210891 -0.0330424 0.0083582
 0.000214782 -0.0286355 -0.0369864 0.0107949
 0.000403298 -0.0415224 -0.0320499 0.0114407
 0.000536345 -0.0485987 -0.024058 0.0100911
 0.000665116 -0.0548311 -0.0118449 0.00705086
 0.000675008 -0.0585145 0.00345995 0.00228327
 0.000289642 -0.0564778 0.0176221 -0.00309214
 8.78781e-05 -0.00959005 -0.0236069 0.00476414
 0.000109617 -0.0194026 -0.0411282 0.00905789
 5.30437e-05 -0.0420908 -0.0648145 0.0159857
 0.000126684 -0.0648285 -0.0832014 0.0231854
 0.000403885 -0.087701 -0.0875425 0.0282632
 0.000915863 -0.115886 -0.0691075 0.0278035
 0.00126693 -0.130677 -0.0480067 0.0236315
 0.0015993 -0.143589 -0.0183095 0.0157554
 0.00164615 -0.151038 0.0174983 0.00414438
 0.000757162 -0.14584 0.0501847 -0.00871372
 0.000202383 -0.0390177 -0.0657432 0.0153712
 0.000310923 -0.0636109 -0.0917946 0.0237712
 0.000417861 -0.105858 -0.114003 0.0336309
 0.000797294 -0.150322 -0.115136 0.0399935
 0.00159848 -0.19187 -0.0820825 0.0370615
 0.00213234 -0.211066 -0.0498379 0.029983
 0.0026115 -0.227276 -0.00683997 0.0179845
 0.00264006 -0.235988 0.0435006 0.00112187
 0.00127958 -0.227192 0.0885445 -0.0171251
 0.000307041 -0.101829 -0.12572 0.0365167
 0.000612247 -0.150762 -0.143654 0.047169
 0.00116272 -0.217132 -0.137774 0.0539069
 0.00228494 -0.279087 -0.0888086 0.0479935
 0.00301474 -0.304454 -0.0447161 0.0374956
 0.00362864 -0.324187 0.0120682 0.0207847
 0.00358167 -0.333701 0.0768449 -0.00177286
 0.00163066 -0.320601 0.13356 -0.0256147
 0.00107051 -0.218884 -0.154016 0.0578983
 0.0019819 -0.291765 -0.132537 0.0612159
 0.00341513 -0.374454 -0.0659425 0.0509448
 0.00428541 -0.410703 -0.0106058 0.0370229
 0.00496614 -0.437968 0.0589985 0.0157017
 0.00475038 -0.4501 0.136708 -0.0123438
 0.00207482 -0.432783 0.202866 -0.041327
 0.00324939 -0.382499 -0.0942637 0.0603522
 0.00505247 -0.469731 -0.00841838 0.0430172
 0.00599489 -0.514437 0.0569073 0.0253277
 0.00659586 -0.553004 0.137588 -0.000258145
 0.00599868 -0.573361 0.226139 -0.0330407
 0.00231837 -0.55601 0.298928 -0.0660746
 0.00696951 -0.574894 0.096492 0.0182821
 0.00778839 -0.619803 0.168853 -0.0033921
 0.00800969 -0.658213 0.254322 -0.032411
 0.00662146 -0.682992 0.346698 -0.0679212
 0.00147589 -0.667785 0.419296 -0.10219
 0.0083886 -0.671336 0.245115 -0.0268335
 0.00819642 -0.709218 0.33057 -0.0568208
 0.00612608 -0.728495 0.418103 -0.0917704
 3.56412e-05 -0.709101 0.483928 -0.124393
 0.00735207 -0.751311 0.415846 -0.0871924
 0.00437201 -0.76545 0.495816 -0.120378
 -0.00291498 -0.735772 0.54694 -0.148481
 0.000201513 -0.779582 0.567857 -0.150872
 -0.00848414 -0.739694 0.599573 -0.172042
 -0.0184893 -0.694581 0.611881 -0.185173

Fourier series term #3
 -1.73692e-06 -0.000132284 -5.79311e-05 9.36181e-06
 3.5232e-06 0.000268474 0.000119619 -2.07534e-05
 -6.24605e-07 -4.77011e-05 -1.76327e-05 3.51486e-06
 1.4954e-08 3.12375e-06 5.6758e-06 -1.03638e-06
 1.69672e-06 0.000136505 6.01577e-05 -1.45793e-05
 -3.02332e-06 -0.00023607 -8.16242e-05 2.32873e-05
 9.07087e-07 9.49122e-05 2.00725e-05 -8.23851e-06
 1.85321e-06 0.000224026 8.96181e-06 -1.13106e-05
 -8.37086e-07 -0.000123801 -1.79061e-05 9.88584e-06
 -1.829e-06 -0.000368242 2.58932e-05 7.59261e-06
 -6.28606e-07 -0.000226985 3.99965e-05 -3.52121e-06
 2.65492e-06 0.000152596 -8.39292e-05 2.18049e-05
 1.60712e-05 0.00134131 0.000783644 -0.000143878
 0.000116381 0.00938998 0.00482096 -0.00100435
 4.87047e-06 0.000656651 0.00119129 -0.000257809
 -4.14419e-05 -0.00261746 -0.000304249 8.77843e-05
 -2.65938e-05 -0.000983089 -0.000302269 3.98897e-05
 3.63679e-06 0.00123636 -0.00115424 0.000176445
 4.26381e-05 0.00218762 -0.00334395 0.000790882
 7.25322e-05 0.00169972 -0.00450202 0.00122059
 0.000118327 0.000631839 -0.00519149 0.00158129
 0.000184849 -0.000870715 -0.0049754 0.00168579
 0.000256417 -0.00259693 -0.00361713 0.00137477
 0.00010082 0.00850404 0.00566766 -0.00129069
 9.37624e-05 0.00926881 0.00628644 -0.00158883
 -2.52972e-05 0.0010916 0.00179567 -0.000570057
 -5.87463e-05 -0.00144119 -0.00274888 0.000519384
 2.47271e-05 0.00252509 -0.00780289 0.00176706
 0.000183251 0.00450108 -0.0149125 0.0040383
 0.000311602 0.00315427 -0.0180568 0.00536679
 0.000498031 -0.000152199 -0.0194491 0.00635877
 0.000750967 -0.00537206 -0.0176918 0.00641936
 0.00101056 -0.0116357 -0.0120272 0.00500836
 4.47513e-05 0.00739711 0.00516532 -0.00147064
 6.38446e-05 0.0104153 0.00317882 -0.00133961
 2.68264e-05 0.00469942 -0.00589192 0.000919792
 0.000124079 0.00240531 -0.0171598 0.00421709
 0.000431523 0.00205492 -0.0279579 0.00808131
 0.000685371 -0.000818799 -0.0315613 0.00989953
 0.00103518 -0.0066111 -0.0319044 0.0109491
 0.00148739 -0.0146938 -0.0272886 0.0103953
 0.00192616 -0.024121 -0.0168986 0.00755394
 7.90948e-05 0.011835 -0.00284522 -0.000124856
 0.000183483 0.0154152 -0.0137565 0.00256061
 0.000338143 0.00671899 -0.0316142 0.00845977
 0.00080471 -0.00477109 -0.0462772 0.0147856
 0.00122529 -0.0111671 -0.0492925 0.0170164
 0.00179007 -0.0194887 -0.0472912 0.0177782
 0.00247055 -0.0303026 -0.0384424 0.0161408
 0.00306446 -0.0420606 -0.022405 0.011442
 0.000381977 0.014777 -0.0299099 0.00731162
 0.000787344 0.0107103 -0.0488564 0.0140326
 0.00153244 -0.0125973 -0.063628 0.0219172
 0.00216029 -0.0270798 -0.0641344 0.0242253
 0.00298422 -0.0419107 -0.0574187 0.0240871
 0.00392308 -0.056973 -0.0420578 0.0205151
 0.00465369 -0.0705369 -0.0189957 0.0132095
 0.00146374 -0.00225705 -0.0677071 0.0221461
 0.00270623 -0.0224013 -0.0770524 0.0288676
 0.00360024 -0.0420765 -0.0730554 0.0302714
 0.00470984 -0.0658111 -0.0595125 0.028501
 0.00588005 -0.0891249 -0.0354699 0.0222929
 0.00664508 -0.106983 -0.00402069 0.011818
 0.00453614 -0.0534042 -0.0755659 0.0331894
 0.00572846 -0.0699125 -0.0659646 0.0323436
 0.00707255 -0.0909792 -0.0468807 0.0280996
 0.00838975 -0.117581 -0.0153985 0.0189657
 0.00895186 -0.140063 0.0232693 0.00556176
 0.00703439 -0.0917552 -0.0512528 0.029955
 0.00844718 -0.11143 -0.029053 0.0241105
 0.00967779 -0.132206 0.00218554 0.0142405
 0.0100593 -0.152185 0.0412922 5.07326e-05
 0.00978446 -0.13434 -0.00272436 0.0167483
 0.0108456 -0.15138 0.0290495 0.00583317
 0.0108553 -0.162391 0.062825 -0.00743623
 0.0115203 -0.16921 0.0621069 -0.00588505
 0.0110007 -0.171839 0.0889911 -0.0174766
 0.00972102 -0.171289 0.110549 -0.02734

Fourier series term #4
 9.05749e-07 6.91493e-05 3.03793e-05 -4.85457e-06
 9.08165e-07 6.88333e-05 3.05402e-05 -5.27852e-06
 -3.51073e-07 -2.50362e-05 -1.14894e-05 2.27883e-06
 1.45033e-06 0.000108959 4.78964e-05 -1.02135e-05
 -1.08577e-06 -8.6327e-05 -3.51974e-05 8.61983e-06
 -4.08965e-07 -4.38313e-05 -1.55438e-05 4.41628e-06
 2.14883e-06 0.000177099 4.68974e-05 -1.69504e-05
 -1.12036e-06 -0.000168448 -1.47473e-05 1.03677e-05
 -1.0644e-06 -0.000216508 1.28453e-06 8.46611e-06
 4.50226e-07 -3.02645e-05 3.03741e-06 3.5139e-07
 1.92227e-06 0.00020271 -5.53073e-05 9.0281e-06
 3.05033e-06 0.000217645 -9.03533e-05 2.18067e-05
 -7.28351e-05 -0.00577371 -0.00258496 0.000489078
 7.06416e-05 0.00572126 0.00256851 -0.000541544
 2.89189e-05 0.0022538 0.0011241 -0.000255479
 -9.23037e-06 -0.000782871 -9.51766e-05 4.01074e-05
 -1.22057e-05 -0.000855992 3.86985e-05 1.75034e-05
 -1.17879e-05 -0.000430338 0.000404156 -8.90803e-05
 -1.50027e-05 2.94827e-06 0.000582511 -0.000172764
 -1.65743e-05 0.000282967 0.000503387 -0.000174123
 -1.75701e-05 0.000548717 0.000286604 -0.000128768
 -1.59653e-05 0.000702083 -1.45709e-05 -4.001e-05
 -7.35635e-06 0.000633658 -0.000258777 5.34236e-05
 7.77701e-05 0.00595821 0.00298086 -0.000688206
 0.000121575 0.00965231 0.00489893 -0.00123079
 2.81776e-05 0.00269376 0.00259626 -0.000649776
 -5.73166e-05 -0.00315988 0.00129823 -0.000209979
 -7.78185e-05 -0.00268331 0.00237363 -0.000549088
 -8.82827e-05 0.000302938 0.00297612 -0.000953245
 -9.94479e-05 0.00174619 0.00245657 -0.000927167
 -0.000109258 0.00287947 0.0013333 -0.000669837
 -0.00010326 0.0034717 -0.000157794 -0.000206543
 -5.66718e-05 0.00321836 -0.00140943 0.000283417
 7.28099e-05 0.00689026 0.00447667 -0.00112088
 5.85055e-05 0.00782627 0.00617761 -0.00165565
 -6.50684e-05 3.49312e-05 0.0051773 -0.00132647
 -0.000158538 -0.00352398 0.00534339 -0.00139268
 -0.000206967 0.000284217 0.00541669 -0.00178522
 -0.000230022 0.00292371 0.00420341 -0.00164597
 -0.000243574 0.00550545 0.00194709 -0.00112207
 -0.000227872 0.00697861 -0.00086949 -0.000248555
 -0.000139075 0.00635519 -0.00299651 0.000617361
 -8.0736e-06 0.00494408 0.00797461 -0.00220726
 -6.70405e-05 0.00728063 0.0109888 -0.00336631
 -0.000239421 0.00189196 0.0103426 -0.00329224
 -0.000373931 0.00188917 0.00812073 -0.00294225
 -0.000422006 0.00434906 0.00588674 -0.002495
 -0.000446881 0.00758956 0.00247518 -0.00162503
 -0.00042101 0.00973715 -0.00160362 -0.000318435
 -0.000284119 0.00942316 -0.00478116 0.000975665
 -0.000200387 0.0076186 0.0136699 -0.0045051
 -0.00034671 0.0137654 0.0144182 -0.00557171
 -0.000577354 0.0108495 0.00965281 -0.00435716
 -0.000668437 0.00979427 0.00616452 -0.00325821
 -0.000716744 0.0101345 0.00204597 -0.00189907
 -0.000685356 0.0110985 -0.00249406 -0.000275246
 -0.000508692 0.0108392 -0.00614503 0.00126334
 -0.00059753 0.0180797 0.0132743 -0.00602726
 -0.000858201 0.0259414 0.00702775 -0.00500831
 -0.000999266 0.0240978 0.0024626 -0.00341752
 -0.00105974 0.0197736 -0.0017864 -0.00155034
 -0.00103754 0.0152772 -0.00519628 0.000213469
 -0.000843441 0.0111747 -0.0071628 0.00151727
 -0.00120299 0.029931 0.000268239 -0.00332634
 -0.00135021 0.0337625 -0.00520625 -0.00175465
 -0.00146032 0.0342823 -0.010882 0.000361701
 -0.00140613 0.0280942 -0.0134398 0.00210176
 -0.00122785 0.0175007 -0.0118315 0.00270924
 -0.00151983 0.0330479 -0.0089817 -0.000320435
 -0.00162091 0.0353795 -0.0145294 0.00162919
 -0.00159668 0.0336222 -0.0186182 0.00360648
 -0.00138193 0.023742 -0.0166946 0.00405955
 -0.00172992 0.0330269 -0.0172109 0.00301958
 -0.00169577 0.0327716 -0.0206941 0.00455949
 -0.00150366 0.028068 -0.0213078 0.00559382
 -0.00175357 0.0282473 -0.0206277 0.00518649
 -0.00157503 0.0253623 -0.0207495 0.00571059
 -0.00164734 0.0189218 -0.0170926 0.00503371

Fourier series term #5
 2.56525e-07 2.0035e-05 8.78135e-06 -1.41561e-06
 -3.83905e-07 -2.8259e-05 -1.28464e-05 2.24909e-06
 5.06026e-07 3.84562e-05 1.72173e-05 -3.29691e-06
 -3.67099e-08 -3.44366e-06 -1.3552e-06 2.74245e-07
 -6.12875e-07 -4.80314e-05 -1.98427e-05 4.81871e-06
 8.48144e-07 7.01384e-05 2.45135e-05 -7.01578e-06
 -3.01859e-07 -2.48963e-05 -5.75081e-06 2.22356e-06
 -5.26542e-07 -6.59077e-05 -7.92848e-06 4.68189e-06
 3.46852e-07 3.9079e-05 -1.70339e-06 -1.06996e-06
 7.09561e-07 0.000113468 -1.47216e-05 -4.0156e-07
 3.77029e-07 7.0135e-05 -1.80782e-05 2.83719e-06
 -5.10296e-07 -4.73811e-05 2.11256e-05 -5.22098e-06
 -8.06995e-05 -0.00648804 -0.00287513 0.000544369
 2.44039e-05 0.00204428 0.000871525 -0.000185351
 1.90303e-05 0.00154758 0.000682006 -0.000159098
 1.91214e-06 0.000105317 5.13542e-05 -1.30796e-05
 -1.86883e-06 -0.000209452 -8.15718e-05 2.53618e-05
 -1.27278e-06 -0.000166326 -4.02454e-05 1.74995e-05
 -3.46731e-07 -8.27368e-05 2.20604e-05 -1.16506e-06
 -1.24031e-06 -0.000112324 5.74554e-05 -1.05275e-05
 -2.50854e-06 -0.000107435 9.8879e-05 -2.49171e-05
 -3.86287e-06 -1.97601e-05 0.000104124 -3.31165e-05
 -4.3054e-06 9.3067e-05 4.83233e-05 -2.1113e-05
 1.05963e-05 0.000846146 0.000367792 -8.74142e-05
 9.07446e-05 0.00719875 0.00306158 -0.000800099
 5.37356e-05 0.0041873 0.00172566 -0.000502012
 2.25769e-06 -0.00022586 -3.88982e-05 2.31097e-05
 -1.17816e-05 -0.00157066 -0.000247268 0.000143181
 -1.22615e-05 -0.00129075 0.000362388 -3.12426e-05
 -1.42562e-05 -0.000895141 0.000664518 -0.00015014
 -2.01937e-05 -0.000422332 0.000822056 -0.000240533
 -3.04633e-05 2.78783e-05 0.000765065 -0.000262852
 -4.01088e-05 0.000399258 0.000496539 -0.000199499
 6.36457e-05 0.00530298 0.00210491 -0.00058027
 0.000103283 0.00897337 0.00328039 -0.00101574
 4.01475e-05 0.00314368 0.00125918 -0.000411926
 -1.96437e-05 -0.00275681 0.00018384 9.59917e-05
 -3.41865e-05 -0.00328693 0.00118834 -0.000161788
 -4.39068e-05 -0.00256618 0.00179863 -0.000405851
 -6.19909e-05 -0.00136225 0.00210232 -0.000605705
 -8.82333e-05 -9.76069e-05 0.00186785 -0.000636845
 -0.000108754 0.000986414 0.00109668 -0.000448759
 8.00744e-05 0.00620224 0.00249914 -0.000837202
 8.69172e-05 0.00774262 0.003317 -0.00119882
 -1.35056e-06 0.000232438 0.00228116 -0.000639516
 -7.52905e-05 -0.00510488 0.00313046 -0.000655309
 -0.000101992 -0.00485389 0.00394218 -0.000971662
 -0.000138108 -0.00311747 0.00431453 -0.00126924
 -0.000186314 -0.000863298 0.00379389 -0.00130251
 -0.000220046 0.00150086 0.00222549 -0.000931135
 3.98241e-05 0.00458507 0.00353005 -0.00119576
 9.2544e-07 0.00605765 0.00530805 -0.00194437
 -0.000129177 -0.00115006 0.00612905 -0.00193958
 -0.000195497 -0.00363012 0.0067478 -0.00206382
 -0.000262081 -0.00361752 0.00690801 -0.00221023
 -0.00033758 -0.00156553 0.00599367 -0.00211859
 -0.000393168 0.00175152 0.00357829 -0.00151946
 -9.24776e-05 0.00396873 0.00721935 -0.00259949
 -0.000245747 0.00846571 0.00796197 -0.00344828
 -0.000339378 0.00671234 0.00772781 -0.00338083
 -0.000471521 0.00363265 0.00742258 -0.00314353
 -0.000552161 0.00252688 0.00631265 -0.00271256
 -0.000627455 0.00352703 0.00391516 -0.001909
 -0.000473647 0.0100507 0.0079669 -0.00386598
 -0.000594229 0.0145675 0.00598464 -0.00372618
 -0.000741088 0.0184296 0.00232268 -0.00280497
 -0.000838362 0.0175176 -0.00052653 -0.00164172
 -0.000821906 0.0138392 -0.00187501 -0.000740353
 -0.000745508 0.0156543 0.00428324 -0.00332018
 -0.000885966 0.0215514 -0.000562219 -0.00210694
 -0.000956926 0.0253171 -0.00606391 -0.000323608
 -0.000866181 0.0231206 -0.00894752 0.00115055
 -0.000997864 0.0227355 -0.00361232 -0.00109769
 -0.00101406 0.0285093 -0.0104806 0.00107408
 -0.00081623 0.0307436 -0.0164342 0.00343628
 -0.000998559 0.0291191 -0.0142859 0.00260772
 -0.000652897 0.0326926 -0.0209165 0.00512487
 -0.000263457 0.0308361 -0.0228294 0.00626296


