**************************************************************
***  MERIS LUT-169: Fourier series terms (s0,..,s5)[TERM]] ***
***                 of polynomial coefficients (k0,..,k3)  ***
***                 for each of 81 aerosol models [IAER],  ***
***                 & for each of 78 geometries [SVZA]     ***
***  - - - - - - - - - - - - - - - - - - - - - - - - - - - ***
***  => useful for multiplicative aer.scat.fct. retrieval  ***
**************************************************************

12 Gaussian angles (deg): SZA/VZA
------------------------         

 2.84 17.64 28.77 36.19 43.61 51.03 58.46 65.88 69.59 73.30 77.01 80.72

Coefficients: [SVZA x (k0,k1,k2,k3)]
------------                        

 Aerosol model #48
 - - - - - - -  

Fourier series term #0
 1.02139 1.51303 0.465091 -0.0831662
 1.02294 1.59686 0.504056 -0.0978226
 1.02587 1.75591 0.567922 -0.125414
 1.02877 1.91323 0.617063 -0.152717
 1.03213 2.09924 0.649441 -0.184643
 1.03563 2.3141 0.636225 -0.215701
 1.03843 2.55531 0.528377 -0.232197
 1.0389 2.81012 0.24569 -0.202848
 1.03782 2.93324 0.0032042 -0.152771
 1.03654 3.03935 -0.3248 -0.0651015
 1.03815 3.09512 -0.728849 0.0668573
 1.05179 3.0083 -1.11665 0.22187
 1.02463 1.69417 0.547322 -0.117172
 1.02776 1.85532 0.599524 -0.144299
 1.03063 2.00089 0.629415 -0.168749
 1.03412 2.18481 0.638828 -0.196427
 1.03772 2.39824 0.597566 -0.22071
 1.04045 2.63005 0.459484 -0.227449
 1.04064 2.86609 0.154667 -0.187375
 1.03938 2.97828 -0.0913925 -0.133136
 1.03792 3.07451 -0.416104 -0.0432718
 1.03931 3.12379 -0.810469 0.0883177
 1.05243 3.03758 -1.18675 0.24118
 1.03282 1.99673 0.654585 -0.182903
 1.03553 2.14661 0.655557 -0.203186
 1.03838 2.32093 0.621936 -0.221942
 1.04091 2.52115 0.530714 -0.23302
 1.04209 2.73816 0.344308 -0.223295
 1.04035 2.95686 0.00376804 -0.166125
 1.03813 3.06097 -0.251279 -0.104805
 1.03586 3.15078 -0.57698 -0.0101908
 1.03667 3.19635 -0.963575 0.12271
 1.04949 3.11092 -1.32564 0.273412
 1.0358 2.30765 0.581944 -0.195498
 1.03823 2.47901 0.510931 -0.203691
 1.04005 2.66151 0.380036 -0.201294
 1.04039 2.85656 0.160513 -0.177161
 1.03792 3.0581 -0.200055 -0.106833
 1.03549 3.15584 -0.459256 -0.0399525
 1.03318 3.24075 -0.784564 0.0589777
 1.03423 3.28289 -1.16569 0.194291
 1.04756 3.19574 -1.51759 0.344997
 1.03967 2.62186 0.417501 -0.206949
 1.04074 2.78822 0.258031 -0.194499
 1.04016 2.95843 0.0157817 -0.159144
 1.03704 3.13859 -0.356301 -0.0785631
 1.03456 3.22944 -0.615682 -0.00780234
 1.03255 3.30894 -0.936243 0.0934596
 1.03435 3.34588 -1.30614 0.228534
 1.04896 3.25294 -1.63954 0.375559
 1.04104 2.92674 0.073359 -0.170434
 1.0398 3.08343 -0.186511 -0.124056
 1.03619 3.24686 -0.569719 -0.0319331
 1.03375 3.33024 -0.830567 0.044034
 1.03214 3.40373 -1.14755 0.148811
 1.0349 3.43473 -1.50678 0.284605
 1.05106 3.33459 -1.82085 0.428345
 1.03797 3.21989 -0.46206 -0.0646136
 1.03428 3.38076 -0.856771 0.0402841
 1.03222 3.45938 -1.11902 0.122099
 1.03154 3.52382 -1.431 0.231047
 1.03608 3.54171 -1.77401 0.36678
 1.05494 3.42398 -2.05702 0.503885
 1.03127 3.52773 -1.25913 0.159923
 1.0304 3.60309 -1.5197 0.247498
 1.03184 3.65957 -1.82042 0.359055
 1.03975 3.6561 -2.13348 0.490739
 1.06327 3.50288 -2.36088 0.613175
 1.03072 3.66734 -1.77179 0.336134
 1.03402 3.71298 -2.05792 0.4463
 1.04462 3.69453 -2.34512 0.571936
 1.07158 3.51626 -2.52908 0.680958
 1.03993 3.73607 -2.31562 0.550411
 1.05412 3.69192 -2.56132 0.664232
 1.08534 3.48184 -2.6859 0.75314
 1.07293 3.60626 -2.74188 0.757009
 1.10889 3.35188 -2.78323 0.815675
 1.14885 3.04301 -2.71665 0.832408

Fourier series term #1
 -0.000140575 -0.00947062 -0.00320868 0.000545965
 -0.000138898 -0.00644198 -0.0036327 0.000530582
 -0.000351328 -0.0176427 -0.00744851 0.00137306
 -0.000416726 -0.0197541 -0.00715077 0.00148341
 -0.00051666 -0.0210072 -0.00504037 0.00126105
 -0.000603485 -0.0216078 -0.000472745 0.000432239
 -0.000679657 -0.0200289 0.00700712 -0.00140485
 -0.000741625 -0.0139546 0.0161577 -0.00438011
 -0.000782502 -0.00846412 0.0200321 -0.00606574
 -0.00086976 -0.000861128 0.0217924 -0.00737148
 -0.00101636 0.00890839 0.0198017 -0.00762438
 -0.00117358 0.0202664 0.0125581 -0.00597831
 -0.00117951 -0.0587849 -0.0271033 0.00473087
 -0.00205675 -0.0961701 -0.037431 0.00749225
 -0.00273049 -0.118419 -0.0359111 0.00829876
 -0.00332313 -0.129632 -0.0209236 0.0062822
 -0.00383402 -0.129904 0.00944805 4.12076e-05
 -0.00420992 -0.113783 0.0541065 -0.0118267
 -0.00447793 -0.0710564 0.10295 -0.0289908
 -0.00472392 -0.0361019 0.120418 -0.0376521
 -0.00520377 0.00952598 0.125133 -0.0437031
 -0.00601933 0.0663286 0.108129 -0.0432873
 -0.00685017 0.130937 0.0623462 -0.0321595
 -0.00367673 -0.148048 -0.0460864 0.011336
 -0.00463288 -0.175441 -0.0338026 0.0101409
 -0.00557895 -0.19513 -0.00447686 0.00489361
 -0.00628995 -0.191379 0.0454987 -0.00705032
 -0.0067239 -0.154006 0.109794 -0.026566
 -0.00714494 -0.0760704 0.167544 -0.0503753
 -0.00761204 -0.018935 0.181641 -0.0605729
 -0.00846504 0.0518897 0.175015 -0.0656387
 -0.00977718 0.136439 0.137144 -0.060745
 -0.0108982 0.229012 0.0608994 -0.0407895
 -0.00564207 -0.208812 -0.0084981 0.00498582
 -0.00671559 -0.220363 0.0331132 -0.00402402
 -0.00760914 -0.207694 0.0901009 -0.0189466
 -0.00823703 -0.154401 0.153639 -0.0400339
 -0.00897135 -0.052169 0.198985 -0.0623911
 -0.00966131 0.0186697 0.201254 -0.0698858
 -0.0108109 0.103756 0.178654 -0.0705553
 -0.0123679 0.202336 0.120751 -0.0592033
 -0.0134157 0.306845 0.0221354 -0.0309647
 -0.00788901 -0.223711 0.0819485 -0.0161821
 -0.00881541 -0.192401 0.141807 -0.0344559
 -0.00965653 -0.124116 0.196804 -0.0560067
 -0.0106994 -0.00650245 0.223319 -0.0755377
 -0.0116102 0.0734218 0.212028 -0.0799635
 -0.0129135 0.167588 0.173227 -0.0760893
 -0.014475 0.274165 0.0975567 -0.0589381
 -0.0150106 0.382468 -0.0165391 -0.0248294
 -0.00976174 -0.147603 0.194063 -0.0535144
 -0.0108133 -0.0597438 0.230739 -0.0730088
 -0.0123116 0.0688486 0.228076 -0.0857477
 -0.0134612 0.152933 0.198637 -0.0846685
 -0.0149155 0.25101 0.141104 -0.0745687
 -0.0163571 0.360268 0.0468638 -0.050355
 -0.0162128 0.467 -0.0816432 -0.00973341
 -0.0122416 0.0379463 0.238571 -0.0860003
 -0.0142144 0.179008 0.198822 -0.0883315
 -0.0155504 0.264451 0.149568 -0.0805204
 -0.0170571 0.36053 0.0718748 -0.0623608
 -0.0181347 0.464143 -0.0389407 -0.0304107
 -0.0168417 0.559234 -0.175146 0.0154967
 -0.0167906 0.320593 0.115947 -0.0752517
 -0.018147 0.406268 0.0449824 -0.058753
 -0.0193338 0.498671 -0.0519564 -0.0317855
 -0.0194905 0.589513 -0.174423 0.00756
 -0.0163213 0.660121 -0.3072 0.0562386
 -0.0193457 0.486407 -0.0346811 -0.0377823
 -0.0201173 0.573069 -0.138513 -0.0066271
 -0.0194457 0.655163 -0.263069 0.0355052
 -0.0148975 0.709181 -0.387639 0.0835254
 -0.0201723 0.647118 -0.243021 0.0271
 -0.0182872 0.714582 -0.362981 0.0700288
 -0.0119605 0.748389 -0.4726 0.114942
 -0.0146471 0.758194 -0.46708 0.109976
 -0.00619161 0.764156 -0.550013 0.147408
 0.00447562 0.733409 -0.591259 0.17127

Fourier series term #2
 -1.9338e-05 -0.0013707 -0.000420449 7.53417e-05
 1.1123e-05 0.000731566 0.000208664 -4.02641e-05
 3.39118e-07 -0.000123509 -0.000120895 2.63653e-05
 -9.87364e-07 -0.000293822 -0.000267286 6.11309e-05
 2.38711e-06 -0.000222524 -0.000373465 8.94906e-05
 4.43574e-06 -0.000281852 -0.000543473 0.000141917
 4.89588e-06 -0.000526711 -0.000717151 0.000213754
 7.20559e-06 -0.000777526 -0.000712289 0.000250905
 8.27482e-06 -0.000965098 -0.000596082 0.000239738
 8.60787e-06 -0.00119743 -0.000366232 0.000190714
 6.65767e-06 -0.00137932 -2.65138e-05 9.17271e-05
 -3.22241e-06 -0.00136106 0.000308779 -3.27067e-05
 7.2121e-05 0.00295796 -6.26092e-05 1.47016e-05
 8.46923e-05 4.57431e-05 -0.00379281 0.000819342
 4.14577e-05 -0.00704428 -0.00949553 0.00222888
 7.52436e-05 -0.0102592 -0.0151838 0.00381778
 0.000131606 -0.0137473 -0.0211135 0.0057966
 0.000164573 -0.0214148 -0.0256833 0.00799765
 0.000201281 -0.0333407 -0.0240617 0.00905549
 0.000240181 -0.0399344 -0.0189826 0.00834146
 0.000280911 -0.0458909 -0.010372 0.00627622
 0.000246261 -0.0497639 0.00115373 0.00272292
 -8.0551e-05 -0.048853 0.012435 -0.00154769
 0.000119321 -0.00694527 -0.0147087 0.00348562
 0.000183371 -0.0127351 -0.0256797 0.00642008
 0.000183929 -0.0266961 -0.040591 0.0110391
 0.000207683 -0.0443962 -0.0542058 0.0163214
 0.000283889 -0.0665724 -0.0600318 0.0206933
 0.000469372 -0.09405 -0.0493373 0.0211914
 0.000627497 -0.108115 -0.034734 0.018458
 0.000781699 -0.120408 -0.013156 0.0128341
 0.000734718 -0.128021 0.0137877 0.00416284
 -2.92744e-05 -0.12509 0.0391064 -0.00576028
 0.000296418 -0.0268749 -0.0415835 0.0107745
 0.000389512 -0.0459167 -0.0593863 0.0166774
 0.000416577 -0.0780756 -0.0742684 0.0233821
 0.000530066 -0.116178 -0.0757065 0.0279247
 0.000867656 -0.155403 -0.0530851 0.0260675
 0.00112965 -0.173888 -0.0298364 0.0209951
 0.00136069 -0.18953 0.00194882 0.0121432
 0.00127119 -0.198702 0.0399223 -0.000557364
 0.000118636 -0.193393 0.0744296 -0.0145084
 0.000477476 -0.078733 -0.0803814 0.0248194
 0.000580961 -0.120403 -0.0918892 0.0320166
 0.000758151 -0.173868 -0.0855294 0.0359865
 0.00124221 -0.226441 -0.0493122 0.0312567
 0.00159037 -0.249205 -0.0172002 0.0235983
 0.00186649 -0.267625 0.0244695 0.0113869
 0.00166747 -0.277639 0.0725952 -0.00531259
 3.53052e-05 -0.269432 0.115254 -0.0232066
 0.000716851 -0.177653 -0.0959778 0.0387699
 0.00106125 -0.238809 -0.0771221 0.0400414
 0.00170189 -0.303669 -0.0256612 0.0312447
 0.00211175 -0.332336 0.0152343 0.0207899
 0.00238993 -0.354847 0.066341 0.00507935
 0.00202123 -0.366304 0.12352 -0.0155187
 -0.000188566 -0.355194 0.172432 -0.0368927
 0.00154887 -0.312393 -0.0440159 0.0376852
 0.0023664 -0.381886 0.0225622 0.0235521
 0.00278633 -0.415115 0.0714045 0.0100218
 0.00294801 -0.443058 0.130528 -0.00895474
 0.00223588 -0.457936 0.194875 -0.0329162
 -0.000753528 -0.44523 0.247467 -0.0569063
 0.00313731 -0.462351 0.103932 0.00367567
 0.00342165 -0.496781 0.158488 -0.0128454
 0.00325634 -0.52491 0.221611 -0.0344604
 0.00189629 -0.540733 0.288168 -0.0603653
 -0.00222686 -0.526531 0.339035 -0.084878
 0.00350716 -0.534557 0.215686 -0.0306875
 0.00301044 -0.562455 0.279012 -0.0530491
 0.0011325 -0.575144 0.342636 -0.0787004
 -0.00374608 -0.557114 0.387877 -0.101772
 0.00200167 -0.591887 0.341861 -0.0757125
 -0.000581283 -0.601323 0.400213 -0.100099
 -0.00635732 -0.576372 0.435158 -0.119971
 -0.00410255 -0.608561 0.451204 -0.122048
 -0.0109126 -0.576049 0.472053 -0.136907
 -0.0187089 -0.537865 0.477063 -0.145413

Fourier series term #3
 -1.78796e-06 -0.000126698 -3.87022e-05 6.94099e-06
 1.25984e-06 8.92453e-05 2.78053e-05 -5.47685e-06
 -1.14519e-07 -6.32472e-06 -2.13334e-07 1.17932e-07
 -7.29777e-08 -2.25687e-06 2.13324e-06 -3.4196e-07
 3.45294e-07 2.56371e-05 1.1682e-05 -3.04316e-06
 -7.66817e-07 -4.44937e-05 -8.95223e-06 3.36603e-06
 3.40235e-07 2.59012e-05 5.54952e-06 -2.44761e-06
 7.88183e-07 5.35033e-05 -2.38169e-06 -1.79237e-06
 4.28339e-09 -1.34304e-05 -1.14339e-05 4.24541e-06
 -4.01968e-07 -6.25466e-05 -8.76691e-06 6.44121e-06
 1.39593e-07 -4.12821e-05 -7.74476e-06 5.15343e-06
 1.42507e-06 2.36209e-05 -2.56607e-05 7.82572e-06
 -5.50733e-06 -0.000311921 -6.11481e-06 4.48041e-06
 5.49403e-05 0.00404981 0.00166047 -0.000386414
 -1.74035e-06 0.000324619 0.000721314 -0.000155039
 -2.04718e-05 -0.000721384 0.000527038 -0.00010072
 -4.46716e-06 0.000406916 0.000621296 -0.000168115
 2.52303e-05 0.00190129 4.11562e-06 -7.97216e-05
 6.01407e-05 0.00257387 -0.00173068 0.000393011
 8.15206e-05 0.00222906 -0.00278524 0.000763154
 0.00011099 0.00132645 -0.00358877 0.00112335
 0.0001533 -0.000116591 -0.00371778 0.00131298
 0.000199993 -0.0019176 -0.00283507 0.00115395
 3.59484e-05 0.00308051 0.00235749 -0.000574221
 4.75315e-05 0.00452219 0.00341944 -0.000900661
 9.65263e-06 0.00240054 0.00267069 -0.000732834
 3.1057e-05 0.00308462 0.00105189 -0.000405444
 0.00012486 0.00638293 -0.00248186 0.00040196
 0.000253958 0.00725765 -0.00848607 0.00225175
 0.00034251 0.00562529 -0.0114539 0.00342877
 0.000464909 0.00228371 -0.0132211 0.00442044
 0.000632147 -0.00272429 -0.0126129 0.00475354
 0.000805475 -0.00875774 -0.00879166 0.00392446
 2.6469e-05 0.00458772 0.00374501 -0.00100171
 8.39275e-05 0.00860329 0.00356269 -0.00117184
 0.000136151 0.00917328 -0.000516339 -0.000229185
 0.000268281 0.0100633 -0.00785523 0.00179436
 0.000506693 0.00866541 -0.0168064 0.00482345
 0.000679431 0.00518645 -0.0202953 0.0063947
 0.000914582 -0.000720575 -0.021452 0.00746538
 0.00121793 -0.00883591 -0.0187476 0.00735602
 0.00151187 -0.0182301 -0.0112286 0.00540741
 0.000162494 0.0119929 0.000952411 -0.000725873
 0.000332327 0.0171084 -0.00559329 0.000790993
 0.000538785 0.0144369 -0.0168433 0.0043324
 0.000896683 0.00640025 -0.0278928 0.00877714
 0.00117962 4.28482e-05 -0.0309376 0.010619
 0.00154999 -0.00860895 -0.0304192 0.0115064
 0.00200067 -0.0196055 -0.0246646 0.0106555
 0.00239041 -0.0316218 -0.0130102 0.00740358
 0.000550546 0.0186928 -0.0161781 0.00386261
 0.000920144 0.0164556 -0.0292385 0.00835656
 0.00146469 0.00106071 -0.0395711 0.0135636
 0.00187926 -0.0100679 -0.0403872 0.0152138
 0.00240923 -0.0227074 -0.0364511 0.0153888
 0.00301505 -0.0367159 -0.0261833 0.0132022
 0.00348166 -0.0505837 -0.00958319 0.00816552
 0.00145547 0.00692504 -0.0417257 0.0136752
 0.00231103 -0.00939733 -0.0480522 0.01817
 0.0028923 -0.0234736 -0.045396 0.0190496
 0.00359285 -0.0406552 -0.0364421 0.0178639
 0.00432791 -0.0585626 -0.0203789 0.0137969
 0.00478431 -0.0740885 0.00139827 0.00672931
 0.00354053 -0.0332047 -0.0458277 0.0206112
 0.00431209 -0.0466333 -0.0387799 0.0198853
 0.00516102 -0.0624852 -0.0255504 0.0168996
 0.00594259 -0.0809726 -0.0046778 0.0108114
 0.0062393 -0.0971437 0.0211972 0.00186072
 0.00515295 -0.06259 -0.0282794 0.0180347
 0.00603025 -0.0776168 -0.0128664 0.0139886
 0.00676838 -0.0931043 0.00862433 0.00716573
 0.00689584 -0.106607 0.034181 -0.00213134
 0.00685759 -0.0938724 0.00531771 0.00879274
 0.00745688 -0.106774 0.027047 0.00137115
 0.00733732 -0.11477 0.0495781 -0.00747942
 0.00777048 -0.118633 0.0489745 -0.00647898
 0.00728518 -0.121078 0.0670129 -0.014241
 0.00631855 -0.119849 0.0806311 -0.0206859

Fourier series term #4
 7.80855e-08 5.29392e-06 1.66195e-06 -2.99966e-07
 1.95173e-07 1.53427e-05 4.43996e-06 -8.14939e-07
 -7.71329e-08 -5.72211e-06 -1.76118e-06 3.77207e-07
 3.76882e-07 2.34442e-05 7.8882e-06 -1.98463e-06
 -2.60491e-07 -1.77927e-05 -5.38329e-06 1.53217e-06
 -1.10117e-07 -8.976e-06 -2.37687e-06 8.34264e-07
 5.25241e-07 3.42382e-05 7.26423e-06 -3.12239e-06
 -3.96352e-07 -3.20567e-05 -2.14518e-06 2.11351e-06
 -4.56969e-07 -4.08229e-05 4.14397e-07 1.96236e-06
 3.5313e-08 -5.18107e-06 7.12664e-07 6.27253e-08
 5.99254e-07 3.91541e-05 -8.96597e-06 7.57178e-07
 8.40012e-07 4.2037e-05 -1.51594e-05 2.93937e-06
 -4.6274e-05 -0.00323451 -0.00102897 0.000222675
 3.55361e-05 0.00247905 0.000790215 -0.000194076
 1.24974e-05 0.000857805 0.00031402 -8.21708e-05
 -5.68226e-06 -0.000333968 -7.99058e-07 9.02024e-06
 -9.32391e-06 -0.000435215 9.44434e-05 -9.845e-06
 -1.04295e-05 -0.000233334 0.000336282 -8.34942e-05
 -1.16222e-05 0.000135346 0.00051731 -0.000164826
 -1.21347e-05 0.000378921 0.000488679 -0.000178097
 -1.23813e-05 0.000613141 0.000336821 -0.000150504
 -1.07969e-05 0.000764677 8.1584e-05 -7.65495e-05
 -2.96826e-06 0.0007407 -0.000169493 1.72844e-05
 2.71905e-05 0.00178292 0.000698615 -0.000190022
 5.42537e-05 0.00375298 0.00150043 -0.000441979
 2.66321e-06 0.000810917 0.00102272 -0.000276029
 -4.69832e-05 -0.00159959 0.00112941 -0.000240046
 -6.17849e-05 -0.000955869 0.00217395 -0.000588442
 -6.81226e-05 0.00128938 0.00272072 -0.000942578
 -7.37072e-05 0.00255551 0.00234232 -0.000944844
 -7.87178e-05 0.00365163 0.00141142 -0.000743879
 -7.24601e-05 0.00430425 7.06094e-05 -0.000334973
 -3.11815e-05 0.00414508 -0.00116763 0.000144295
 1.40819e-05 0.00185027 0.00139108 -0.000376544
 2.26671e-06 0.00261755 0.0025943 -0.000736186
 -7.14574e-05 -0.00015697 0.00340943 -0.000917213
 -0.000127815 -0.000355103 0.00465026 -0.00135234
 -0.000156763 0.00344862 0.00480124 -0.00174271
 -0.000171701 0.00577229 0.00372007 -0.00161488
 -0.000181969 0.00783133 0.00172716 -0.00113724
 -0.000168761 0.00901335 -0.000851589 -0.00032494
 -8.7681e-05 0.00858614 -0.00304031 0.000547766
 -6.21015e-05 0.00113546 0.0041712 -0.00116072
 -0.000104231 0.00370189 0.00678844 -0.002113
 -0.000197512 0.004164 0.00800862 -0.00270344
 -0.000276837 0.0076687 0.00687812 -0.0028106
 -0.000308614 0.0104952 0.00480727 -0.00242962
 -0.000328083 0.013176 0.00158991 -0.0015888
 -0.000305694 0.0147229 -0.00229893 -0.000313745
 -0.000177069 0.0140714 -0.00551436 0.00101171
 -0.000195783 0.00578377 0.00939876 -0.00316898
 -0.000279101 0.0126934 0.0103131 -0.00415273
 -0.000416906 0.0162941 0.0072131 -0.00374025
 -0.000479967 0.0179915 0.00407462 -0.00293803
 -0.000518296 0.019822 -0.000149135 -0.00166068
 -0.000491884 0.0209192 -0.00495699 3.52162e-05
 -0.000318389 0.0198015 -0.00880269 0.00170837
 -0.000428209 0.0189341 0.00951848 -0.00467024
 -0.000594827 0.0279278 0.00407955 -0.00387401
 -0.000685763 0.0296576 -0.000172365 -0.00264749
 -0.000744939 0.0295185 -0.00486546 -0.000976657
 -0.000718612 0.0282911 -0.00956332 0.000963179
 -0.000515565 0.0252983 -0.0129162 0.00270415
 -0.000820543 0.0343037 -0.00241475 -0.00241306
 -0.000923415 0.0382051 -0.007621 -0.000930434
 -0.000985543 0.0402646 -0.013336 0.00103967
 -0.000946159 0.038224 -0.0177605 0.00306893
 -0.000713071 0.0323417 -0.0193467 0.00449228
 -0.00103051 0.0397599 -0.0119482 0.000499357
 -0.00108941 0.04219 -0.0175517 0.00244983
 -0.0010351 0.0418504 -0.0224119 0.00453753
 -0.000769981 0.0362715 -0.0236771 0.00584396
 -0.00114819 0.0420777 -0.021444 0.00403947
 -0.00108007 0.042051 -0.0257025 0.00588545
 -0.000786981 0.0383545 -0.0274437 0.00721672
 -0.00102675 0.0396565 -0.0275425 0.00701337
 -0.000722216 0.0362296 -0.0283312 0.00790723
 -0.000492766 0.0306274 -0.0258395 0.00753449

Fourier series term #5
 4.97149e-08 4.09914e-06 1.15582e-06 -1.86267e-07
 -1.11216e-07 -7.82061e-06 -2.43862e-06 4.63172e-07
 1.27018e-07 8.92028e-06 2.90169e-06 -6.47883e-07
 3.61758e-09 -5.97834e-07 -1.3669e-08 -2.17921e-08
 -1.51989e-07 -9.9103e-06 -3.08792e-06 8.70745e-07
 2.21849e-07 1.37398e-05 3.88411e-06 -1.31693e-06
 -7.20596e-08 -4.86033e-06 -8.15446e-07 3.64628e-07
 -1.72605e-07 -1.24825e-05 -1.34275e-06 9.90986e-07
 1.07257e-07 7.50449e-06 -2.1402e-07 -3.23152e-07
 2.6461e-07 2.15058e-05 -2.23774e-06 -4.90988e-07
 1.50999e-07 1.31815e-05 -2.86628e-06 1.99061e-07
 -1.60549e-07 -9.24939e-06 3.7086e-06 -8.00134e-07
 -4.88551e-05 -0.00343531 -0.00108208 0.000235424
 1.3263e-05 0.000936586 0.000284688 -7.11786e-05
 9.06791e-06 0.000622729 0.000193781 -5.29406e-05
 1.00485e-06 4.79019e-05 1.02153e-05 -3.24734e-06
 -7.161e-07 -8.10689e-05 -3.6866e-05 1.1945e-05
 -7.52739e-07 -9.22786e-05 -3.43517e-05 1.33367e-05
 -8.76046e-07 -8.86835e-05 2.97049e-06 3.81668e-06
 -1.41453e-06 -8.95795e-05 3.48532e-05 -5.92432e-06
 -2.17066e-06 -6.85865e-05 6.68154e-05 -1.8105e-05
 -3.06392e-06 -1.36154e-05 7.76463e-05 -2.62488e-05
 -3.68605e-06 5.67281e-05 5.12092e-05 -2.20259e-05
 -3.61181e-06 -0.000240445 -9.07079e-05 2.46341e-05
 4.44609e-05 0.0028922 0.000871138 -0.00027593
 2.78171e-05 0.00174114 0.000443913 -0.000162718
 4.03252e-07 -0.000223074 -0.000161904 5.34759e-05
 -8.32758e-06 -0.000891591 -0.000198203 0.000101273
 -1.19373e-05 -0.000901469 0.000180755 -3.21807e-06
 -1.4849e-05 -0.000717701 0.000424569 -9.33968e-05
 -2.00383e-05 -0.00040199 0.000599209 -0.000178467
 -2.80758e-05 1.92704e-05 0.000603962 -0.000217986
 -3.50932e-05 0.000474055 0.000381836 -0.000175242
 2.4937e-05 0.00161839 0.000362738 -0.000128313
 5.12362e-05 0.00348483 0.000692512 -0.000284173
 1.81272e-05 0.000885064 4.09371e-05 -4.09134e-05
 -1.72747e-05 -0.00185347 -6.59422e-05 0.000112714
 -3.28812e-05 -0.00216639 0.000765716 -0.000113221
 -4.22875e-05 -0.00169528 0.00123571 -0.000298523
 -5.69504e-05 -0.000860928 0.0014921 -0.000453602
 -7.70891e-05 0.000204163 0.00133261 -0.000488288
 -9.26898e-05 0.00131046 0.00067387 -0.000333381
 2.83652e-05 0.00156867 0.000145198 -9.34284e-05
 3.14547e-05 0.00215049 0.000443017 -0.000214222
 -2.06352e-05 -0.00132076 0.000735378 -0.000141516
 -7.14685e-05 -0.0033213 0.00202112 -0.000443506
 -9.45264e-05 -0.00271997 0.00267246 -0.000719745
 -0.000123949 -0.00128637 0.00289479 -0.000929725
 -0.000160404 0.000630855 0.00238133 -0.000921287
 -0.000183453 0.00266321 0.00103026 -0.00058723
 -6.84054e-06 -0.000384944 0.000804514 -0.000208294
 -3.60234e-05 0.000364961 0.0022058 -0.000712872
 -0.000121235 -0.00170315 0.00375503 -0.00115615
 -0.00017076 -0.00184508 0.00435841 -0.00140043
 -0.000223676 -0.000567779 0.00433001 -0.00154408
 -0.000279533 0.00182932 0.00324561 -0.00138626
 -0.000308273 0.0046621 0.00100948 -0.000784963
 -0.000111497 -0.000852721 0.00395643 -0.00126326
 -0.000203083 0.00291449 0.00487635 -0.00198011
 -0.000276054 0.00370935 0.00479185 -0.00209569
 -0.000357981 0.00424629 0.00419294 -0.00199476
 -0.000430995 0.0057405 0.00256103 -0.00155671
 -0.00045082 0.0080648 -0.000265594 -0.000664631
 -0.000356561 0.00517221 0.00504083 -0.00238301
 -0.000441456 0.00902821 0.00342843 -0.00221592
 -0.000528646 0.0129015 0.000673602 -0.00159608
 -0.000587716 0.0148901 -0.00234474 -0.000628981
 -0.000553668 0.0154914 -0.00529409 0.000539566
 -0.000536929 0.0110271 0.00196496 -0.00192889
 -0.000612316 0.0156086 -0.00159266 -0.0010463
 -0.00065347 0.0196694 -0.00615806 0.000360745
 -0.000536396 0.0207589 -0.00981954 0.00181334
 -0.000678148 0.0179169 -0.00448033 -0.000172174
 -0.00067066 0.0224448 -0.00969458 0.00148514
 -0.000470397 0.0250761 -0.014609 0.00333492
 -0.000607003 0.0242055 -0.0133876 0.00285771
 -0.000298651 0.0266535 -0.0181109 0.00467438
 0.000108599 0.0257249 -0.0196084 0.00543483


