**************************************************************
***  MERIS LUT-169: Fourier series terms (s0,..,s5)[TERM]] ***
***                 of polynomial coefficients (k0,..,k3)  ***
***                 for each of 81 aerosol models [IAER],  ***
***                 & for each of 78 geometries [SVZA]     ***
***  - - - - - - - - - - - - - - - - - - - - - - - - - - - ***
***  => useful for multiplicative aer.scat.fct. retrieval  ***
**************************************************************

12 Gaussian angles (deg): SZA/VZA
------------------------         

 2.84 17.64 28.77 36.19 43.61 51.03 58.46 65.88 69.59 73.30 77.01 80.72

Coefficients: [SVZA x (k0,k1,k2,k3)]
------------                        

 Aerosol model #51
 - - - - - - -  

Fourier series term #0
 1.0259 1.55486 0.366723 -0.0858814
 1.02698 1.62835 0.391826 -0.0959616
 1.02877 1.75425 0.426917 -0.11323
 1.03043 1.87752 0.448954 -0.129084
 1.03227 2.02732 0.454088 -0.146143
 1.03398 2.20374 0.419455 -0.159765
 1.03488 2.4041 0.305832 -0.158988
 1.03365 2.6174 0.0481928 -0.118993
 1.03188 2.72112 -0.164146 -0.0696424
 1.02994 2.81106 -0.447645 0.01068
 1.03046 2.85901 -0.79498 0.12743
 1.04128 2.78625 -1.12881 0.262519
 1.0286 1.70482 0.410861 -0.104827
 1.03083 1.83407 0.440251 -0.123179
 1.03283 1.95281 0.453128 -0.139136
 1.03517 2.1015 0.44635 -0.156066
 1.03744 2.27444 0.39681 -0.168771
 1.03883 2.46307 0.268232 -0.166203
 1.03795 2.65494 0.00405265 -0.125113
 1.03635 2.74571 -0.204613 -0.0766606
 1.03456 2.82295 -0.478146 0.000941272
 1.03519 2.86076 -0.809766 0.112874
 1.0458 2.78444 -1.12709 0.24239
 1.03416 1.959 0.454233 -0.138873
 1.03706 2.07684 0.455363 -0.156435
 1.04026 2.21446 0.430353 -0.173432
 1.0433 2.3694 0.359109 -0.184411
 1.04523 2.53378 0.210835 -0.178511
 1.04467 2.69654 -0.0626088 -0.13392
 1.04323 2.77281 -0.268947 -0.0846714
 1.04169 2.83706 -0.534184 -0.00769152
 1.04266 2.86484 -0.85165 0.101749
 1.05361 2.78381 -1.15205 0.227502
 1.03635 2.21654 0.389086 -0.15093
 1.03844 2.35873 0.322271 -0.15489
 1.04002 2.50958 0.205776 -0.149869
 1.04028 2.66601 0.0153489 -0.126407
 1.03808 2.82279 -0.291455 -0.0644263
 1.03593 2.89748 -0.509934 -0.00710391
 1.03385 2.96109 -0.783284 0.0769267
 1.03459 2.98878 -1.10366 0.191583
 1.04572 2.90776 -1.4006 0.319658
 1.04083 2.47225 0.248194 -0.159147
 1.04196 2.60886 0.106845 -0.14561
 1.04162 2.74692 -0.103711 -0.112677
 1.03896 2.88818 -0.422857 -0.0413964
 1.03679 2.95754 -0.643485 0.0199014
 1.03502 3.0164 -0.91469 0.106659
 1.03644 3.03918 -1.22733 0.221968
 1.04878 2.95163 -1.50879 0.347324
 1.04247 2.72529 -0.0569947 -0.122152
 1.04156 2.85189 -0.284912 -0.07922
 1.03853 2.98226 -0.615799 0.00240547
 1.03643 3.04686 -0.838874 0.068425
 1.03504 3.10157 -1.1088 0.158839
 1.0374 3.11871 -1.41306 0.275157
 1.05128 3.0231 -1.67748 0.397784
 1.04018 2.96472 -0.527684 -0.0249123
 1.03715 3.09223 -0.870236 0.0682769
 1.03543 3.15392 -1.09577 0.139737
 1.03498 3.20208 -1.36191 0.233826
 1.03898 3.20885 -1.65311 0.350421
 1.05537 3.09737 -1.89047 0.467352
 1.035 3.20962 -1.21879 0.173623
 1.0344 3.26739 -1.44333 0.250378
 1.03586 3.30738 -1.69976 0.346847
 1.04296 3.29533 -1.96463 0.459791
 1.06359 3.15304 -2.15296 0.56363
 1.03485 3.31742 -1.66149 0.328248
 1.038 3.34727 -1.90483 0.423376
 1.04754 3.32024 -2.14595 0.5307
 1.07121 3.15541 -2.2961 0.622787
 1.04361 3.35862 -2.12391 0.513294
 1.05628 3.30854 -2.32872 0.610307
 1.08377 3.11336 -2.42466 0.683981
 1.07295 3.2233 -2.4769 0.68883
 1.10466 2.98819 -2.49937 0.735826
 1.13994 2.70609 -2.42825 0.746363

Fourier series term #1
 -9.66099e-05 -0.0054542 -0.00163276 0.000338134
 -0.000123172 -0.00503688 -0.00319823 0.000505063
 -0.000267707 -0.0115827 -0.005429 0.000992358
 -0.000333228 -0.0134407 -0.00551748 0.00105898
 -0.000403528 -0.0148103 -0.00431895 0.000876568
 -0.000463868 -0.0155668 -0.00127544 0.000250303
 -0.000575251 -0.0142426 0.00373733 -0.000999382
 -0.00065133 -0.00916343 0.0101103 -0.0030216
 -0.000706108 -0.00446644 0.0126989 -0.00410595
 -0.000795514 0.00200645 0.013698 -0.00488197
 -0.000933943 0.0103806 0.0116956 -0.00478892
 -0.00107775 0.0201368 0.00554212 -0.00319959
 -0.000976476 -0.0410889 -0.0208393 0.00361433
 -0.00167666 -0.0660565 -0.0288804 0.00544455
 -0.00220765 -0.081662 -0.0284585 0.00582488
 -0.00272521 -0.0909499 -0.0193652 0.00437851
 -0.00321611 -0.0919991 0.00061596 5.44375e-05
 -0.00363189 -0.0790249 0.0313739 -0.00821101
 -0.00396424 -0.0431907 0.0655882 -0.020126
 -0.00420288 -0.0137641 0.0776567 -0.0260771
 -0.00461806 0.0246956 0.0799534 -0.0299617
 -0.00528458 0.072537 0.0654293 -0.0288414
 -0.00593182 0.126806 0.0285446 -0.0194547
 -0.0029496 -0.104433 -0.0355812 0.00720871
 -0.00385522 -0.123962 -0.0291705 0.00663988
 -0.00477168 -0.136564 -0.0102561 0.00318718
 -0.00552419 -0.13166 0.0235189 -0.00495132
 -0.00589813 -0.100864 0.0689395 -0.0188537
 -0.00606237 -0.0371015 0.111144 -0.0363756
 -0.0062362 0.00939927 0.121861 -0.0440938
 -0.00663543 0.0667925 0.117284 -0.0481164
 -0.00732487 0.13506 0.0888967 -0.0445777
 -0.00770887 0.209066 0.0314021 -0.0296015
 -0.00470142 -0.148253 -0.0119281 0.0028641
 -0.00567733 -0.154926 0.0168624 -0.00370461
 -0.00653134 -0.140405 0.0571582 -0.0145719
 -0.00712118 -0.0935116 0.101425 -0.0295736
 -0.00768424 -0.00758609 0.130982 -0.0449811
 -0.00816727 0.0513057 0.129978 -0.0497391
 -0.00893865 0.121323 0.110102 -0.0492913
 -0.00993664 0.201946 0.0627438 -0.0394
 -0.0105101 0.287199 -0.0164175 -0.0163349
 -0.00679097 -0.152737 0.051102 -0.0125462
 -0.00762012 -0.12255 0.0936401 -0.0259385
 -0.00820898 -0.0610372 0.131895 -0.0415468
 -0.00888258 0.0391899 0.146235 -0.0546805
 -0.00945988 0.105475 0.133856 -0.0567664
 -0.010215 0.181991 0.100986 -0.0526559
 -0.0111984 0.268585 0.038459 -0.0377264
 -0.0112359 0.355495 -0.0532116 -0.00977063
 -0.00846025 -0.0785221 0.129432 -0.0396088
 -0.00916693 -0.000720958 0.152415 -0.0532344
 -0.0100745 0.110314 0.142943 -0.0607662
 -0.0107822 0.180561 0.115968 -0.0585252
 -0.0116952 0.261057 0.066387 -0.0487589
 -0.0124725 0.348796 -0.0110357 -0.0281091
 -0.0118224 0.43277 -0.11409 0.00517045
 -0.0101483 0.0867565 0.15173 -0.0614601
 -0.0113455 0.206789 0.112345 -0.0604909
 -0.012203 0.278817 0.0685348 -0.052444
 -0.0130217 0.357646 0.00334191 -0.0364749
 -0.0134872 0.441312 -0.0882259 -0.00930604
 -0.0118631 0.515316 -0.197705 0.0283654
 -0.0127392 0.32585 0.0408888 -0.0481968
 -0.0136119 0.397298 -0.0209396 -0.0327691
 -0.01423 0.472754 -0.102064 -0.00949352
 -0.013887 0.545795 -0.202709 0.0235199
 -0.0106533 0.599817 -0.309004 0.0632243
 -0.0143563 0.464624 -0.0894843 -0.0139688
 -0.014591 0.53465 -0.175617 0.0125332
 -0.0135078 0.59929 -0.276899 0.0474711
 -0.00916165 0.639649 -0.376636 0.0867396
 -0.0141529 0.594735 -0.262408 0.0411505
 -0.012119 0.647115 -0.359933 0.0767832
 -0.00622542 0.669152 -0.445255 0.112644
 -0.00861846 0.679767 -0.443307 0.109381
 -0.00095138 0.678146 -0.505809 0.138723
 0.00853349 0.646652 -0.534072 0.156838

Fourier series term #2
 -1.15245e-05 -0.000693023 -0.000162764 3.82663e-05
 6.11739e-06 0.000334923 6.75424e-05 -1.61727e-05
 7.17577e-07 -7.38805e-05 -6.63983e-05 1.76459e-05
 8.31521e-07 -0.000158503 -0.000144853 3.78946e-05
 3.16421e-06 -0.000155996 -0.000233227 6.11056e-05
 5.16386e-06 -0.000227529 -0.000361025 9.89167e-05
 6.94535e-06 -0.000427293 -0.000487982 0.000147043
 8.84803e-06 -0.000714972 -0.00049901 0.000175303
 9.91929e-06 -0.000896859 -0.000409723 0.000164248
 1.07298e-05 -0.00108626 -0.000228694 0.000121961
 9.63401e-06 -0.00122883 3.79433e-05 4.16176e-05
 1.53358e-06 -0.00123265 0.000310342 -5.89347e-05
 3.37537e-05 0.000470433 -0.00048059 0.000133313
 6.67506e-05 -0.000655862 -0.00250824 0.000638248
 6.32822e-05 -0.00445314 -0.00569046 0.00148809
 0.000105333 -0.0070116 -0.00960684 0.0025965
 0.000156428 -0.0107964 -0.0142148 0.00408818
 0.000185825 -0.0181616 -0.0180548 0.00578366
 0.000209608 -0.0291513 -0.0173419 0.00666064
 0.0002345 -0.0352349 -0.0136604 0.00615892
 0.000259952 -0.0408137 -0.00710058 0.00459725
 0.000224733 -0.0446489 0.00198372 0.00181909
 -5.09409e-05 -0.0444365 0.0111726 -0.00161931
 0.000124673 -0.00583155 -0.00923336 0.00238453
 0.000195658 -0.0102127 -0.0166582 0.00444453
 0.000207849 -0.0203083 -0.0270498 0.00771762
 0.000177801 -0.0349884 -0.0378137 0.0118332
 0.000107895 -0.0548789 -0.0441259 0.015738
 6.99624e-05 -0.0794528 -0.0383742 0.0169976
 9.94397e-05 -0.0919672 -0.0281972 0.0153485
 0.000138264 -0.103005 -0.0121779 0.0113541
 4.08092e-05 -0.110218 0.00874575 0.00474951
 -0.000592429 -0.108882 0.0294156 -0.00324697
 0.000325272 -0.0216081 -0.0276202 0.00762055
 0.000411857 -0.0378533 -0.0404832 0.0119519
 0.000422035 -0.0644723 -0.0513413 0.0168582
 0.000432198 -0.0978484 -0.0528959 0.0203998
 0.00056682 -0.133582 -0.0363943 0.0193016
 0.00070552 -0.150559 -0.0186631 0.0155419
 0.00083428 -0.165111 0.00618934 0.00872055
 0.000732343 -0.174249 0.0365529 -0.0013292
 -0.000221391 -0.171322 0.0649258 -0.012693
 0.000403117 -0.0654882 -0.0561415 0.0181623
 0.000384191 -0.101741 -0.0647526 0.0236279
 0.000371847 -0.146987 -0.0596504 0.0265774
 0.000559941 -0.192787 -0.0318033 0.0230303
 0.000744682 -0.213249 -0.00683945 0.017177
 0.00090346 -0.230316 0.0261502 0.00761226
 0.0006969 -0.240362 0.0647275 -0.0056439
 -0.000646307 -0.235384 0.099753 -0.0201848
 0.00032408 -0.150973 -0.0668042 0.0285668
 0.000374153 -0.203944 -0.0512699 0.0293366
 0.000651175 -0.258357 -0.0103256 0.0222436
 0.000872822 -0.282724 0.0220471 0.0139871
 0.00100672 -0.302457 0.0625884 0.0016238
 0.000658937 -0.313599 0.108562 -0.014796
 -0.00114813 -0.30649 0.148676 -0.0321205
 0.000483225 -0.266368 -0.0232726 0.0268999
 0.000868195 -0.325357 0.0307769 0.0153386
 0.00107998 -0.352626 0.0698179 0.00451543
 0.0011277 -0.375616 0.117159 -0.0106725
 0.00048227 -0.388356 0.168726 -0.0298005
 -0.00197688 -0.379297 0.211485 -0.0491449
 0.0012386 -0.392277 0.0981696 -0.00137264
 0.00132232 -0.4209 0.142274 -0.014677
 0.00107151 -0.444094 0.193243 -0.0321052
 -0.00011797 -0.456644 0.24665 -0.0528951
 -0.00351987 -0.444831 0.287452 -0.0725799
 0.00123397 -0.451443 0.188715 -0.0292064
 0.000707838 -0.474499 0.240131 -0.0473273
 -0.00090843 -0.484904 0.291617 -0.0680484
 -0.00495689 -0.469514 0.327593 -0.0864799
 -0.000247524 -0.497753 0.290809 -0.0656253
 -0.00247138 -0.505352 0.338017 -0.0853133
 -0.00725636 -0.48468 0.366165 -0.101354
 -0.00545163 -0.510132 0.379026 -0.103071
 -0.011107 -0.483193 0.39583 -0.115108
 -0.0176037 -0.450071 0.398472 -0.121591

Fourier series term #3
 -1.20321e-06 -7.19942e-05 -1.68824e-05 3.98303e-06
 5.29599e-07 3.19536e-05 7.62973e-06 -1.93665e-06
 -7.24059e-09 8.12399e-07 1.37851e-06 -2.8722e-07
 -5.78863e-08 -1.45259e-06 1.85201e-06 -3.27279e-07
 6.01736e-08 7.21301e-06 4.77784e-06 -1.1749e-06
 -2.32999e-07 -9.68128e-06 1.76601e-06 -1.13425e-07
 1.73276e-07 1.35932e-05 4.0619e-06 -1.44997e-06
 3.85609e-07 2.37148e-05 -2.14714e-06 -1.67641e-07
 2.52275e-07 4.46467e-06 -6.03169e-06 1.79329e-06
 2.55621e-07 -1.1716e-05 -7.1147e-06 2.97894e-06
 5.39389e-07 -1.02618e-05 -8.31089e-06 3.41601e-06
 1.01508e-06 2.11876e-06 -1.23533e-05 4.27367e-06
 -1.23893e-05 -0.000693194 -9.87132e-05 2.98193e-05
 2.71541e-05 0.00188324 0.000697691 -0.000178821
 -2.46458e-06 0.000259075 0.000544342 -0.000120914
 -1.02595e-05 -3.51718e-05 0.000674941 -0.000148608
 3.53074e-06 0.000842586 0.000829796 -0.000220887
 2.92726e-05 0.00197899 0.000448408 -0.000176672
 6.13208e-05 0.00249276 -0.000812825 0.000155559
 8.05721e-05 0.00219474 -0.00164048 0.000434146
 0.000105958 0.00139534 -0.00231876 0.000719047
 0.000141438 7.57596e-05 -0.00249549 0.000885567
 0.000181193 -0.00162191 -0.00185034 0.000779166
 7.0754e-06 0.00122788 0.00131026 -0.000305338
 2.31781e-05 0.00265532 0.00229949 -0.000586512
 2.3885e-05 0.00272243 0.00269982 -0.000721893
 6.92455e-05 0.00433878 0.00227651 -0.000720005
 0.00016062 0.00708253 -4.35585e-05 -0.000243849
 0.000263765 0.00757617 -0.00469658 0.001148
 0.000321862 0.00607676 -0.0072396 0.00211974
 0.000397256 0.00312073 -0.00902605 0.00302296
 0.000501982 -0.0012904 -0.00905907 0.00347254
 0.000607512 -0.0066642 -0.00653506 0.00302784
 1.68064e-05 0.00351889 0.00315476 -0.000809664
 8.02322e-05 0.00744791 0.00361476 -0.00108274
 0.000165077 0.0100177 0.00164823 -0.000717036
 0.000303641 0.0118323 -0.00330604 0.000566217
 0.000498597 0.0102689 -0.0102661 0.00284887
 0.00062707 0.00690966 -0.0132166 0.00412201
 0.000795437 0.00146594 -0.014506 0.00507827
 0.00101081 -0.00597063 -0.0127832 0.00514738
 0.00122827 -0.0146831 -0.00707902 0.00374425
 0.000181341 0.011349 0.0027032 -0.00104118
 0.000359533 0.0164648 -0.00145442 -0.00015404
 0.000558326 0.016213 -0.00928184 0.00219221
 0.00083421 0.0100356 -0.0178488 0.00549448
 0.00103077 0.00425347 -0.0205434 0.00699504
 0.00127565 -0.0036551 -0.0207057 0.00788299
 0.00159104 -0.013787 -0.0166469 0.00741152
 0.00186203 -0.0249595 -0.00776422 0.00503735
 0.000587804 0.0188411 -0.00848548 0.00181101
 0.000899246 0.0174246 -0.0180195 0.00500337
 0.0012965 0.00600934 -0.0259112 0.00878107
 0.00157697 -0.00303838 -0.026914 0.0101143
 0.00193568 -0.0139503 -0.024336 0.0103902
 0.00234313 -0.0264399 -0.0169213 0.00894378
 0.00264738 -0.0392434 -0.00429263 0.00524268
 0.00132041 0.0101302 -0.0269377 0.00874767
 0.00191607 -0.00356939 -0.0316956 0.01205
 0.00231421 -0.014711 -0.0298234 0.0126892
 0.00276991 -0.0282068 -0.0235792 0.0119329
 0.00326225 -0.0429366 -0.0118368 0.00903275
 0.00354769 -0.056527 0.0045382 0.00383924
 0.00272352 -0.0223909 -0.0301186 0.0138681
 0.00325574 -0.0337418 -0.0245057 0.0131905
 0.00382686 -0.0466748 -0.0146043 0.0109675
 0.00433691 -0.0611337 0.000705679 0.00651881
 0.00448502 -0.0738988 0.0196426 1.43566e-05
 0.00383055 -0.0463477 -0.0164273 0.0116832
 0.00441348 -0.0587241 -0.00476598 0.00863525
 0.00487717 -0.0711572 0.0111796 0.00360401
 0.00490267 -0.0816907 0.0299397 -0.00321314
 0.00494993 -0.0712697 0.00881384 0.00471935
 0.00531819 -0.081779 0.0251275 -0.000832226
 0.00513539 -0.0883204 0.0416825 -0.00729642
 0.00546541 -0.0905179 0.0409401 -0.0065123
 0.00500209 -0.0928604 0.0542519 -0.0122072
 0.00417662 -0.0912977 0.0633261 -0.0166234

Fourier series term #4
 -5.05107e-08 -2.34906e-06 -7.2749e-07 2.02872e-07
 4.46399e-08 3.35436e-06 6.86183e-07 -1.70335e-07
 -1.81064e-08 -1.40123e-06 -3.53093e-07 1.03519e-07
 9.65749e-08 6.97673e-06 1.46135e-06 -3.78866e-07
 -8.69837e-08 -5.08242e-06 -1.16359e-06 3.71473e-07
 -4.68874e-08 -2.56893e-06 -5.26419e-07 2.2006e-07
 1.44201e-07 9.40891e-06 1.41269e-06 -6.75045e-07
 -1.07625e-07 -8.89907e-06 2.17541e-07 2.89809e-07
 -1.2151e-07 -1.12056e-05 1.0148e-06 1.79477e-07
 1.41637e-10 -1.10943e-06 4.63904e-07 -9.6967e-08
 1.37619e-07 1.15369e-05 -2.9803e-06 4.46497e-07
 1.91438e-07 1.25007e-05 -4.86365e-06 1.10841e-06
 -3.16485e-05 -0.00191282 -0.000445109 0.000116128
 1.80439e-05 0.00111455 0.000249656 -7.34714e-05
 5.9585e-06 0.000381113 9.79291e-05 -3.02684e-05
 -3.88491e-06 -0.000182011 5.86996e-06 2.54229e-06
 -7.04564e-06 -0.000255898 7.46073e-05 -1.26239e-05
 -9.07769e-06 -0.000129165 0.000241429 -6.38298e-05
 -1.08035e-05 0.00017968 0.000391059 -0.000128173
 -1.15156e-05 0.000395345 0.000382236 -0.000142189
 -1.19598e-05 0.000611152 0.000274304 -0.000124518
 -1.07181e-05 0.000765109 7.1588e-05 -6.70413e-05
 -3.78319e-06 0.000771733 -0.000145827 1.23106e-05
 5.57732e-06 0.000378599 0.000117133 -3.54382e-05
 2.14338e-05 0.00149236 0.000444186 -0.000147654
 -6.84613e-06 0.000178616 0.000446942 -0.000124975
 -3.79355e-05 -0.000918909 0.000814911 -0.000194205
 -4.79534e-05 -0.000291928 0.00168366 -0.000490257
 -4.74508e-05 0.00152329 0.00223578 -0.00081162
 -4.73124e-05 0.00261699 0.00202491 -0.000849242
 -4.71203e-05 0.00361549 0.00134492 -0.000720477
 -3.95424e-05 0.0042693 0.000261146 -0.000401015
 -5.40405e-06 0.00423327 -0.000843811 1.83466e-05
 -8.8951e-06 0.000211045 0.00048251 -0.000131659
 -2.08795e-05 0.000749243 0.00126298 -0.000363992
 -6.8166e-05 -0.000100877 0.00228844 -0.000640671
 -0.000106291 0.000814083 0.00354481 -0.00109992
 -0.000125506 0.00432829 0.00375107 -0.00145333
 -0.000135916 0.0064092 0.0028998 -0.00136694
 -0.000143135 0.00825173 0.00127009 -0.000983283
 -0.000132479 0.00938138 -0.000931327 -0.000295344
 -6.34381e-05 0.00915632 -0.00293603 0.000492247
 -7.15686e-05 -2.13091e-05 0.00257478 -0.000722461
 -0.000103451 0.00231831 0.00462236 -0.00146838
 -0.00015648 0.00469891 0.00604748 -0.00214558
 -0.000201896 0.00916347 0.00534795 -0.00238009
 -0.000222124 0.011928 0.00362075 -0.00208567
 -0.000237091 0.0143902 0.000852074 -0.0013687
 -0.000218553 0.0158178 -0.00256907 -0.00025121
 -0.00010735 0.015301 -0.00554365 0.00096791
 -0.00016611 0.00498387 0.00685464 -0.00238128
 -0.000211379 0.011577 0.00766756 -0.00322549
 -0.00029017 0.0172367 0.0052753 -0.00308907
 -0.000332129 0.0198301 0.00252518 -0.00245561
 -0.000359502 0.0221061 -0.00129163 -0.00134763
 -0.0003376 0.023346 -0.00574075 0.000202055
 -0.000185016 0.0223194 -0.00941271 0.00179213
 -0.000299486 0.0183609 0.00700352 -0.00372187
 -0.000402077 0.0271909 0.00228657 -0.00307205
 -0.000463043 0.0300601 -0.00155088 -0.00206079
 -0.000509253 0.0315447 -0.00611721 -0.000566763
 -0.000482826 0.0316174 -0.0108984 0.00127961
 -0.000290514 0.0293933 -0.014516 0.00304154
 -0.00056416 0.0345422 -0.00389531 -0.00173074
 -0.000634025 0.0382805 -0.00859741 -0.000414058
 -0.000674109 0.0407255 -0.013973 0.00138813
 -0.000628277 0.0403372 -0.0187729 0.00338668
 -0.000391491 0.0364823 -0.0214134 0.00501485
 -0.000709591 0.0407217 -0.0129354 0.000940533
 -0.000742827 0.0430892 -0.0182056 0.00276121
 -0.000675626 0.0433553 -0.0231188 0.0047894
 -0.00040031 0.0394578 -0.0253109 0.00627466
 -0.0007669 0.0439744 -0.0224044 0.0043537
 -0.00067148 0.0440517 -0.0266737 0.0061769
 -0.000360133 0.0407834 -0.0286652 0.00754187
 -0.000564711 0.0426188 -0.0292384 0.00748804
 -0.000230209 0.0392382 -0.0302332 0.00844932
 7.35214e-05 0.0346023 -0.0290437 0.00855927

Fourier series term #5
 1.7737e-08 8.29824e-07 2.3578e-07 -6.57882e-08
 -4.2284e-08 -2.81097e-06 -5.87002e-07 1.24423e-07
 4.23138e-08 2.72301e-06 6.04903e-07 -1.5328e-07
 2.51085e-09 -1.31364e-07 -1.77606e-08 1.0404e-08
 -3.12741e-08 -2.88112e-06 -5.82265e-07 1.89446e-07
 6.08785e-08 3.8409e-06 7.4894e-07 -2.81419e-07
 -3.23415e-08 -1.25333e-06 -3.10853e-07 1.49121e-07
 -4.57509e-08 -3.47945e-06 -1.18367e-07 1.83699e-07
 1.53684e-08 2.19589e-06 -3.136e-07 2.10875e-08
 5.40923e-08 6.09104e-06 -1.00723e-06 3.79678e-08
 4.05185e-08 3.65223e-06 -9.04714e-07 1.17214e-07
 -4.51447e-08 -2.64436e-06 1.09411e-06 -2.54161e-07
 -3.0902e-05 -0.00187473 -0.000429993 0.000113042
 6.53896e-06 0.000407431 8.60004e-05 -2.59803e-05
 4.67939e-06 0.000288157 6.14547e-05 -1.99191e-05
 6.10711e-07 2.57779e-05 2.76138e-07 -5.15149e-07
 -2.08084e-07 -4.1424e-05 -2.17043e-05 6.99222e-06
 -3.53236e-07 -6.24882e-05 -2.7783e-05 1.0086e-05
 -7.53418e-07 -7.78883e-05 -7.0637e-06 5.56575e-06
 -1.20143e-06 -7.77743e-05 1.63946e-05 -1.54321e-06
 -1.86785e-06 -5.89338e-05 4.10592e-05 -1.07607e-05
 -2.75961e-06 -1.53257e-05 5.2148e-05 -1.76123e-05
 -3.5628e-06 4.37318e-05 3.55067e-05 -1.55587e-05
 -7.57888e-06 -0.000469769 -0.000111403 3.49931e-05
 2.07533e-05 0.00121572 0.000224264 -8.4938e-05
 1.49163e-05 0.000795736 8.478e-05 -4.63743e-05
 4.07688e-08 -0.000186406 -0.000159961 5.1082e-05
 -6.66369e-06 -0.000612963 -0.000189546 8.43112e-05
 -1.12927e-05 -0.000709233 4.81102e-05 2.39697e-05
 -1.3894e-05 -0.000609693 0.000237056 -4.28361e-05
 -1.74883e-05 -0.000380779 0.00039936 -0.000116048
 -2.27162e-05 -2.60022e-05 0.000442703 -0.000162083
 -2.69634e-05 0.000397835 0.000294732 -0.000142751
 8.45156e-06 0.00037482 -2.03139e-05 -3.80302e-06
 2.45636e-05 0.0013786 1.6591e-05 -5.08972e-05
 8.15662e-06 9.82316e-05 -0.000239457 5.96338e-05
 -1.36017e-05 -0.00143432 -0.000175285 0.000116652
 -2.79631e-05 -0.00169227 0.000429616 -4.54248e-05
 -3.68122e-05 -0.00135956 0.000791129 -0.000184934
 -4.91015e-05 -0.000712377 0.00101526 -0.000311439
 -6.44948e-05 0.000193704 0.000917244 -0.000348679
 -7.75757e-05 0.00122013 0.000391647 -0.000232115
 8.88639e-06 1.86922e-05 -0.000319193 8.501e-05
 8.70514e-06 9.96461e-05 -0.000264906 6.64074e-05
 -2.52945e-05 -0.00175006 0.000161323 3.77028e-05
 -6.24746e-05 -0.00261424 0.00125318 -0.00025735
 -8.03715e-05 -0.0020204 0.00176618 -0.000478399
 -0.000101792 -0.000824041 0.00195941 -0.000650098
 -0.000129007 0.00082189 0.0015593 -0.000649144
 -0.000145574 0.00262333 0.000463051 -0.000383662
 -2.45303e-05 -0.0018741 2.91964e-05 8.2375e-05
 -5.00684e-05 -0.00162997 0.00103631 -0.000247323
 -0.000107745 -0.00197415 0.00240309 -0.000702348
 -0.000142399 -0.00139798 0.00288409 -0.000936977
 -0.000180591 0.000113841 0.00280824 -0.00106054
 -0.000219845 0.00237345 0.0018642 -0.000924482
 -0.00023522 0.00489029 -2.09272e-05 -0.000417565
 -0.000109944 -0.00240813 0.0024543 -0.000681609
 -0.0001728 0.000566763 0.00326126 -0.00124291
 -0.000221797 0.00205624 0.00316805 -0.00137625
 -0.000276543 0.00365069 0.00252063 -0.00131863
 -0.000326127 0.00586481 0.000908393 -0.000929839
 -0.000327658 0.00841862 -0.00169286 -0.000133616
 -0.000275398 0.00299475 0.00340932 -0.00159418
 -0.000332496 0.00612625 0.0021561 -0.00145756
 -0.000388354 0.00961438 -5.3086e-05 -0.000981454
 -0.000422836 0.0123725 -0.00285577 -0.000157591
 -0.000375203 0.0142238 -0.00590593 0.000928779
 -0.000396885 0.0083576 0.000818193 -0.00120601
 -0.000446037 0.0121291 -0.00198419 -0.000514354
 -0.000453264 0.0158254 -0.0057336 0.000615039
 -0.00035364 0.0178557 -0.00926495 0.00191109
 -0.000482687 0.0147105 -0.0046169 0.000250713
 -0.000454038 0.0183879 -0.00874874 0.00156712
 -0.000276051 0.0208971 -0.0128284 0.00306758
 -0.000372444 0.0204046 -0.0119953 0.00271851
 -0.000111352 0.0223949 -0.0157897 0.0041882
 0.000229591 0.0222535 -0.0176294 0.00503903


