**************************************************************
***  MERIS LUT-169: Fourier series terms (s0,..,s5)[TERM]] ***
***                 of polynomial coefficients (k0,..,k3)  ***
***                 for each of 81 aerosol models [IAER],  ***
***                 & for each of 78 geometries [SVZA]     ***
***  - - - - - - - - - - - - - - - - - - - - - - - - - - - ***
***  => useful for multiplicative aer.scat.fct. retrieval  ***
**************************************************************

12 Gaussian angles (deg): SZA/VZA
------------------------         

 2.84 17.64 28.77 36.19 43.61 51.03 58.46 65.88 69.59 73.30 77.01 80.72

Coefficients: [SVZA x (k0,k1,k2,k3)]
------------                        

 Aerosol model #16
 - - - - - - -  

Fourier series term #0
 1.01562 1.33461 0.68788 -0.0810731
 1.01677 1.41483 0.756093 -0.0980981
 1.01894 1.58348 0.88233 -0.133507
 1.02075 1.74951 0.98813 -0.170998
 1.02297 2.00736 1.11006 -0.224618
 1.02453 2.34405 1.18395 -0.287002
 1.02371 2.75801 1.10586 -0.334865
 1.01803 3.2672 0.716122 -0.31272
 1.01272 3.55074 0.328964 -0.240549
 1.00693 3.83293 -0.226689 -0.100302
 1.00582 4.05966 -0.941181 0.122523
 1.02467 4.07679 -1.66273 0.394707
 1.01906 1.50245 0.845776 -0.124546
 1.02183 1.68268 0.978383 -0.167022
 1.02435 1.87113 1.0904 -0.211575
 1.02694 2.11575 1.18893 -0.267775
 1.02897 2.43086 1.22728 -0.328852
 1.02904 2.83177 1.12 -0.373557
 1.02468 3.31325 0.714317 -0.346762
 1.02032 3.57584 0.331541 -0.273935
 1.01571 3.83512 -0.207254 -0.136273
 1.01586 4.03939 -0.892851 0.079808
 1.03556 4.04001 -1.58148 0.342899
 1.02544 1.87495 1.11744 -0.223455
 1.02804 2.06887 1.20741 -0.272465
 1.03057 2.31195 1.26664 -0.329348
 1.03247 2.61871 1.2534 -0.385758
 1.03238 2.98697 1.08752 -0.418269
 1.02841 3.42165 0.646851 -0.377953
 1.02464 3.66026 0.265525 -0.301547
 1.02093 3.89518 -0.257071 -0.16419
 1.02219 4.07619 -0.91302 0.0469226
 1.04271 4.06144 -1.56708 0.302086
 1.02541 2.29953 1.19053 -0.288985
 1.02624 2.55756 1.19025 -0.332913
 1.02586 2.86218 1.1 -0.367911
 1.02311 3.22937 0.85783 -0.373338
 1.01612 3.6523 0.347018 -0.30065
 1.01085 3.88382 -0.0621027 -0.207852
 1.00579 4.11325 -0.604018 -0.0559251
 1.00607 4.29433 -1.26924 0.166051
 1.02626 4.28198 -1.92164 0.426832
 1.03183 2.75509 1.18832 -0.383231
 1.03116 3.04546 1.05319 -0.406228
 1.02788 3.38065 0.766135 -0.394182
 1.02054 3.77784 0.227484 -0.303759
 1.01537 3.99461 -0.187986 -0.202671
 1.01086 4.20582 -0.727133 -0.0446476
 1.01241 4.36473 -1.3762 0.178846
 1.0348 4.32914 -1.99765 0.434592
 1.02917 3.30898 0.859963 -0.408514
 1.02464 3.63306 0.528591 -0.375459
 1.01624 4.00752 -0.0470427 -0.260969
 1.0109 4.21689 -0.472551 -0.149208
 1.00678 4.42092 -1.01458 0.0175954
 1.00957 4.56561 -1.654 0.245666
 1.03424 4.50628 -2.24847 0.499001
 1.01894 3.92881 0.152361 -0.316396
 1.00985 4.30186 -0.454087 -0.17743
 1.00475 4.49813 -0.889487 -0.0528853
 1.0017 4.6908 -1.43115 0.123467
 1.00686 4.81995 -2.05458 0.355297
 1.03558 4.73267 -2.60895 0.60244
 1.00126 4.64684 -1.08344 -0.0110361
 0.997319 4.84894 -1.52509 0.125605
 0.996801 5.02481 -2.05687 0.310322
 1.0066 5.11567 -2.63946 0.539603
 1.04222 4.97687 -3.11809 0.769199
 0.994503 5.02725 -1.96371 0.269486
 0.996436 5.19661 -2.48057 0.454966
 1.01023 5.26729 -3.02764 0.67725
 1.05096 5.08336 -3.43893 0.887571
 1.00231 5.32159 -2.95272 0.63219
 1.02142 5.36204 -3.4433 0.839329
 1.06898 5.12822 -3.76315 1.01977
 1.04762 5.32466 -3.82893 1.01506
 1.10319 5.03259 -4.02441 1.15049
 1.16563 4.63542 -4.02951 1.21376

Fourier series term #1
 -0.000290341 -0.0238513 -0.012897 0.00152089
 -0.000206337 -0.011796 -0.00962684 0.00128628
 -0.000269538 -0.013739 -0.0120956 0.00199438
 -0.000380434 -0.0215964 -0.0159848 0.00310912
 -0.000508961 -0.0326943 -0.0189231 0.00448893
 -0.000502401 -0.0347518 -0.0118444 0.00409623
 -0.000482636 -0.0361749 0.00136953 0.00194807
 -0.000519291 -0.033965 0.0200482 -0.00279085
 -0.000624362 -0.0296373 0.0295671 -0.00600042
 -0.000864237 -0.0216166 0.0365504 -0.00909993
 -0.00131844 -0.00873504 0.0374683 -0.0108202
 -0.00197793 0.00921665 0.028361 -0.00931352
 -0.00111727 -0.0550665 -0.0496763 0.00771179
 -0.00202672 -0.10642 -0.0839957 0.0156701
 -0.00259819 -0.143337 -0.0972836 0.0214724
 -0.00302788 -0.180512 -0.0917393 0.0254201
 -0.00320902 -0.21262 -0.0548549 0.0233488
 -0.00306688 -0.222627 0.0257393 0.00834103
 -0.0030837 -0.198679 0.137443 -0.0228262
 -0.00356468 -0.168195 0.191054 -0.0425044
 -0.00477814 -0.118375 0.228309 -0.0607962
 -0.00712542 -0.0434823 0.230464 -0.0706374
 -0.0104889 0.057515 0.176803 -0.062004
 -0.00340654 -0.183128 -0.124675 0.0281883
 -0.00416508 -0.235384 -0.128663 0.0348294
 -0.00470387 -0.287251 -0.101794 0.0365778
 -0.0048385 -0.323656 -0.0277406 0.0266061
 -0.00471044 -0.334825 0.0954566 -0.00125608
 -0.00486981 -0.290557 0.251192 -0.050704
 -0.00560078 -0.23542 0.321635 -0.0802615
 -0.00735725 -0.152709 0.364679 -0.106104
 -0.0106246 -0.0381235 0.355152 -0.117998
 -0.015044 0.108503 0.267481 -0.102704
 -0.00454977 -0.300831 -0.111708 0.0369788
 -0.00507198 -0.352611 -0.0613405 0.0334876
 -0.0054346 -0.385945 0.0333828 0.0171324
 -0.00588389 -0.376173 0.171756 -0.0179604
 -0.00738863 -0.304027 0.320782 -0.0697679
 -0.0091819 -0.231222 0.377069 -0.0970953
 -0.0122732 -0.125489 0.397481 -0.117574
 -0.0170686 0.0187291 0.355444 -0.120081
 -0.0227887 0.198144 0.225919 -0.0909323
 -0.00586448 -0.399923 0.00950176 0.0235881
 -0.00613197 -0.418101 0.126597 -0.00279982
 -0.00669388 -0.392631 0.272964 -0.0463114
 -0.00861015 -0.293096 0.413263 -0.102787
 -0.010773 -0.207994 0.455444 -0.128828
 -0.0142507 -0.0902398 0.455373 -0.144994
 -0.0192339 0.0658815 0.388068 -0.140257
 -0.0244568 0.254092 0.233407 -0.102326
 -0.00697949 -0.416747 0.246777 -0.0359678
 -0.00832688 -0.361696 0.381887 -0.0838679
 -0.0115733 -0.234857 0.485076 -0.135937
 -0.0145327 -0.131773 0.499467 -0.155854
 -0.0187857 0.002632 0.465726 -0.162506
 -0.0242015 0.171011 0.36149 -0.145195
 -0.0288963 0.361776 0.175067 -0.0943588
 -0.0105293 -0.283619 0.485156 -0.12999
 -0.015482 -0.122894 0.53017 -0.169702
 -0.0193306 -0.00820636 0.505991 -0.178182
 -0.0242593 0.139212 0.429776 -0.17052
 -0.0297092 0.315787 0.284088 -0.137145
 -0.0330692 0.502075 0.0677055 -0.0721537
 -0.0220626 0.0592339 0.497185 -0.186383
 -0.0266821 0.190772 0.425055 -0.178409
 -0.0318243 0.342891 0.301526 -0.151852
 -0.036419 0.512617 0.117527 -0.100448
 -0.0371247 0.676515 -0.11723 -0.022616
 -0.0316583 0.320291 0.326313 -0.159159
 -0.0364008 0.475538 0.179126 -0.122133
 -0.039865 0.635991 -0.0193382 -0.0619928
 -0.0385262 0.777442 -0.251711 0.0192034
 -0.0404262 0.614053 0.0184537 -0.0762544
 -0.0420513 0.76242 -0.187043 -0.00981949
 -0.0376148 0.873159 -0.404793 0.070842
 -0.0409863 0.87297 -0.378769 0.0576137
 -0.0326051 0.94414 -0.563787 0.130655
 -0.0199113 0.947623 -0.680903 0.183504

Fourier series term #2
 -7.96124e-05 -0.0068073 -0.00350904 0.00041352
 -5.34017e-06 -0.000475405 -0.000266323 3.10077e-05
 2.95027e-06 0.000245459 3.21737e-05 -1.61895e-05
 2.54856e-06 0.00022691 -0.000105876 -3.04103e-06
 1.13074e-06 0.000131729 -0.00041158 4.45103e-05
 -1.43504e-06 -0.000109954 -0.000894169 0.000153344
 -6.75892e-06 -0.00112317 -0.00160027 0.000379795
 1.3233e-05 0.000209899 -0.00119553 0.000301422
 2.00647e-05 0.000208943 -0.00115176 0.000317679
 2.54697e-05 -0.0010702 -0.000933833 0.000334748
 2.98436e-05 -0.00265019 -0.000106325 0.000158265
 1.5508e-05 -0.00288589 0.000775926 -0.000139887
 7.94979e-06 -0.000137047 -0.00124857 3.06497e-05
 9.36613e-05 0.00570287 -0.00167679 -0.000216347
 0.000123464 0.00824902 -0.00629126 0.000298128
 5.30794e-05 0.0027736 -0.0192796 0.0027585
 -1.45321e-05 -0.00707641 -0.0368183 0.00720624
 9.26862e-05 -0.0156954 -0.050229 0.0121994
 0.000463536 -0.0279039 -0.0523879 0.0157176
 0.000767423 -0.0374195 -0.0462327 0.0156949
 0.00112835 -0.0481546 -0.0330407 0.0132639
 0.00140298 -0.0580116 -0.0128736 0.00777028
 0.00118855 -0.0624052 0.00957899 0.000126806
 0.000141119 0.00969645 -0.0133641 0.0011154
 0.000101899 0.00795146 -0.0323134 0.00448171
 6.25694e-06 -0.00103284 -0.0622633 0.0113926
 -2.88586e-06 -0.0158938 -0.0970076 0.0218349
 0.000217019 -0.045384 -0.127726 0.0349436
 0.00104358 -0.0867559 -0.129959 0.0436577
 0.00177225 -0.109502 -0.111392 0.0424367
 0.00262078 -0.132698 -0.0768909 0.0352608
 0.00324231 -0.153399 -0.0278239 0.0211759
 0.00270743 -0.161581 0.0252279 0.00238699
 0.000197555 0.000758544 -0.0614946 0.0100942
 0.000303778 -0.0132103 -0.101217 0.0202083
 0.000614476 -0.042616 -0.144966 0.0347509
 0.00143492 -0.0875215 -0.174081 0.050089
 0.00310403 -0.155286 -0.16311 0.0582211
 0.00434387 -0.193247 -0.131084 0.0543962
 0.00570128 -0.230147 -0.0772863 0.04211
 0.00661633 -0.259448 -0.0042396 0.0201655
 0.00567501 -0.267791 0.0713235 -0.00749128
 0.000171406 -0.0357455 -0.156359 0.0366642
 0.000662415 -0.0765653 -0.20558 0.0558996
 0.00184052 -0.143196 -0.232638 0.074561
 0.00422062 -0.227849 -0.203355 0.0803714
 0.00589224 -0.277614 -0.156658 0.073101
 0.00765847 -0.328575 -0.0832602 0.0551551
 0.0087653 -0.371037 0.0141126 0.0249248
 0.0072934 -0.384399 0.113736 -0.0124945
 0.00153642 -0.139237 -0.252955 0.0785214
 0.00348464 -0.222628 -0.264283 0.0958786
 0.00678607 -0.332582 -0.209738 0.0963499
 0.00893467 -0.39243 -0.145014 0.0836322
 0.0110669 -0.452541 -0.0510357 0.0585191
 0.0122079 -0.504097 0.0686387 0.0196504
 0.0099477 -0.522915 0.189154 -0.0269582
 0.00644615 -0.332818 -0.25162 0.10846
 0.0107922 -0.461161 -0.163933 0.0987353
 0.0133363 -0.535758 -0.0805202 0.0796011
 0.015613 -0.606384 0.0337994 0.046445
 0.0164616 -0.662687 0.172263 -0.00104092
 0.0128901 -0.679691 0.305877 -0.0551017
 0.0158862 -0.618997 -0.0400779 0.0761898
 0.0184541 -0.697004 0.0601291 0.0491997
 0.0204681 -0.77579 0.19038 0.00831761
 0.0202866 -0.840396 0.342352 -0.0463834
 0.0144733 -0.849556 0.475721 -0.103687
 0.0208754 -0.786769 0.17031 0.0180079
 0.0223478 -0.863329 0.303947 -0.0259627
 0.021163 -0.923995 0.453892 -0.0816722
 0.0138303 -0.927279 0.579952 -0.137879
 0.0227866 -0.948378 0.439786 -0.0713783
 0.0202886 -0.996357 0.579452 -0.125719
 0.0109764 -0.985992 0.687217 -0.176765
 0.0157186 -1.04385 0.708233 -0.176669
 0.00422066 -1.01367 0.786608 -0.218313
 -0.00976905 -0.972423 0.830998 -0.245919

Fourier series term #3
 -9.41129e-07 -8.36937e-05 -4.12024e-05 4.86478e-06
 5.94874e-06 0.000498226 0.000270437 -3.5053e-05
 -5.95404e-06 -0.000491639 -0.000274404 4.16336e-05
 1.39684e-07 1.66061e-05 1.49423e-05 -2.33231e-06
 6.41804e-06 0.000565791 0.000326195 -6.57855e-05
 -8.94276e-06 -0.000821494 -0.000409433 9.88816e-05
 2.09018e-06 0.00031896 0.000132996 -4.12101e-05
 3.39651e-06 0.000818216 0.000174939 -7.87452e-05
 -3.16283e-06 -0.000506238 -6.33458e-05 3.72341e-05
 -4.09123e-06 -0.00148578 6.23329e-05 4.46046e-05
 -2.61291e-06 -0.000912315 0.000186322 -2.17106e-05
 3.07154e-06 0.000700434 -0.000301798 7.09975e-05
 5.27153e-06 0.000332686 0.000372986 -4.84745e-05
 -4.32037e-05 -0.00337799 -0.00130585 0.000249268
 3.02396e-05 0.00229056 0.00272503 -0.000481391
 6.71236e-05 0.00562088 0.0052434 -0.0011292
 -1.40873e-06 0.00164218 0.00267127 -0.000733986
 -4.79961e-05 0.00023607 0.000138193 -0.000270442
 -4.14684e-05 0.00353724 -0.00216793 0.000155919
 -3.07119e-05 0.00401357 -0.00419312 0.000757091
 6.06928e-06 0.00368425 -0.00609544 0.00146185
 8.83411e-05 0.00277733 -0.00717499 0.00201499
 0.0002207 0.00111478 -0.00674061 0.00211088
 4.90764e-05 0.00326418 0.00496044 -0.000892314
 9.80889e-05 0.00746729 0.00953888 -0.00200684
 6.74659e-05 0.00766209 0.0106906 -0.00268239
 2.98571e-05 0.011363 0.0100036 -0.00326117
 -9.67994e-05 0.0114421 0.00124462 -0.00167707
 -0.000178031 0.0111188 -0.0129555 0.00224668
 -0.00012472 0.0122524 -0.0200427 0.00463426
 3.04546e-05 0.0123028 -0.0260649 0.00706923
 0.000330576 0.00891892 -0.0290277 0.00892052
 0.000780397 0.001877 -0.0262107 0.00896749
 5.51916e-05 0.00949903 0.0126204 -0.00295043
 3.12276e-05 0.0154748 0.0153093 -0.00437727
 -7.62609e-05 0.0185697 0.0101895 -0.00426559
 -0.000167102 0.0251262 -0.00250742 -0.00207568
 -0.000127936 0.0248323 -0.0249752 0.00430151
 5.9998e-05 0.0207153 -0.0362698 0.00849789
 0.000452407 0.0136248 -0.0437416 0.0121692
 0.00110827 0.00606814 -0.044972 0.014042
 0.00199404 -0.00450917 -0.0376312 0.0129456
 -1.90368e-05 0.0214388 0.0147144 -0.00547152
 -0.000150133 0.0315244 0.00577247 -0.00473144
 -0.000291619 0.0392304 -0.0165967 0.000295771
 -0.000184934 0.0407532 -0.0475508 0.00999638
 0.000124889 0.0352932 -0.0625989 0.0160537
 0.000741006 0.023799 -0.0721642 0.0213144
 0.00174272 0.00760233 -0.0715493 0.0236616
 0.00301116 -0.0115063 -0.0577461 0.0211444
 -0.000282609 0.0433338 -0.0114338 -0.00165572
 -0.000333616 0.053776 -0.0410047 0.00618781
 5.5632e-05 0.0500528 -0.0783731 0.0195115
 0.000643998 0.0437808 -0.0937443 0.0264761
 0.0016433 0.0307567 -0.101927 0.0320394
 0.00312571 0.00942329 -0.097134 0.033771
 0.00489984 -0.0184432 -0.0751073 0.0291044
 -0.000196474 0.058497 -0.077927 0.0181001
 0.000726356 0.0560829 -0.114347 0.0326771
 0.00174062 0.0428677 -0.126882 0.0399357
 0.00327581 0.0267436 -0.129526 0.0443312
 0.00524437 0.00276143 -0.117389 0.0438356
 0.00755305 -0.0272361 -0.0873223 0.0363031
 0.00253235 0.0412403 -0.143634 0.0473262
 0.00402793 0.0332169 -0.14988 0.0523998
 0.00610964 0.0128562 -0.14375 0.054137
 0.00869309 -0.0175244 -0.120153 0.0497112
 0.0111693 -0.0471306 -0.0819877 0.0385406
 0.00595183 0.01307 -0.148039 0.0555572
 0.00824215 -0.00290967 -0.137843 0.0551664
 0.0109346 -0.0289564 -0.111504 0.0489942
 0.0134511 -0.0624454 -0.0665842 0.0350316
 0.0108076 -0.0286501 -0.118753 0.0520154
 0.013498 -0.0486252 -0.0903811 0.0439888
 0.0157327 -0.0737209 -0.047331 0.0293757
 0.0160025 -0.0766345 -0.0529178 0.0324516
 0.0177869 -0.0878302 -0.0178298 0.0190468
 0.0184942 -0.101459 0.0175923 0.0054195

Fourier series term #4
 3.9034e-06 0.000333336 0.000171711 -2.02446e-05
 2.93451e-06 0.000248814 0.000132628 -1.71738e-05
 -1.93623e-06 -0.000165864 -9.17893e-05 1.38305e-05
 4.46299e-06 0.000368025 0.000209426 -3.6216e-05
 -2.91812e-06 -0.000268316 -0.00014944 3.03528e-05
 -1.03567e-06 -0.000147075 -7.43534e-05 1.77072e-05
 6.45013e-06 0.000635858 0.000261677 -7.87106e-05
 -1.7539e-06 -0.000643766 -0.000135423 6.02169e-05
 -5.21075e-07 -0.000846854 -7.96253e-05 5.74269e-05
 3.23753e-06 -0.000122399 4.98152e-06 3.32718e-06
 5.50855e-06 0.000841115 -0.000189703 2.32672e-05
 1.06297e-05 0.000928545 -0.000365614 8.54695e-05
 2.37438e-06 0.000115327 0.000115105 -1.6733e-05
 -1.82955e-05 -0.00148249 -0.000860663 0.000145981
 -2.91148e-05 -0.00224707 -0.00135096 0.000267127
 2.04526e-05 0.00155295 0.00107243 -0.000209118
 2.57048e-05 0.00187541 0.0014918 -0.000341362
 -5.81938e-06 -0.000816757 0.000382407 -4.52706e-05
 -1.34383e-05 -0.000896146 0.000771733 -0.000161725
 -1.73146e-05 -0.000491935 0.000887716 -0.000234893
 -2.25253e-05 0.000178613 0.000757458 -0.000252218
 -2.79033e-05 0.000837533 0.00034549 -0.000168611
 -2.48121e-05 0.00105572 -0.000137593 -1.48253e-05
 -3.4119e-05 -0.00257416 -0.00154925 0.00032867
 1.11192e-05 0.000550035 0.000723359 -8.8322e-05
 2.97995e-05 0.00117954 0.00222873 -0.000402502
 6.2362e-05 0.00350357 0.0052889 -0.00121618
 2.07025e-05 0.00129338 0.00591222 -0.00149834
 -6.23968e-05 -0.00190266 0.00533646 -0.00145976
 -0.000102275 -0.00135214 0.00521005 -0.00158135
 -0.000145735 0.000582753 0.00445042 -0.00157212
 -0.000184355 0.0024866 0.00254442 -0.00112591
 -0.000174306 0.00354364 0.000101186 -0.000334134
 2.71693e-05 0.00146451 0.0023628 -0.000373613
 4.96138e-05 0.00347176 0.00570551 -0.0011119
 2.10576e-05 0.00198108 0.0083509 -0.00181937
 -3.15973e-05 0.00401792 0.0122121 -0.00323996
 -0.000190342 0.0027714 0.0122701 -0.00379393
 -0.000291215 0.00164857 0.0105691 -0.00351559
 -0.000386526 0.00312322 0.00778728 -0.00294408
 -0.000462288 0.00590294 0.00380471 -0.00189074
 -0.000445296 0.00670298 -0.00018815 -0.00051516
 5.70308e-05 0.00174204 0.00954654 -0.00202821
 4.83987e-05 0.00434517 0.0163396 -0.00410808
 -9.41018e-05 0.00379537 0.0208377 -0.0059728
 -0.000343843 0.0103489 0.0216145 -0.007528
 -0.000538954 0.0115096 0.0183285 -0.00704556
 -0.000732503 0.0125987 0.0126907 -0.00561155
 -0.000865239 0.0126662 0.00580977 -0.0033872
 -0.000845639 0.0108254 -5.04212e-05 -0.00108414
 -5.43545e-05 0.00365539 0.0237805 -0.00661461
 -0.000266357 0.0109199 0.0307404 -0.00999208
 -0.000712668 0.017439 0.0289025 -0.0111415
 -0.00101406 0.0225636 0.0238969 -0.0104481
 -0.001325 0.0261417 0.0157063 -0.00832789
 -0.00153828 0.0272317 0.00540448 -0.00487599
 -0.00148571 0.02391 -0.0033859 -0.00119976
 -0.000573433 0.0173097 0.0354831 -0.0131138
 -0.00144746 0.0302407 0.0312705 -0.0139844
 -0.00184238 0.0334485 0.0245473 -0.0126116
 -0.00213691 0.0400324 0.0134777 -0.00954332
 -0.00264289 0.0416663 0.00112294 -0.00519204
 -0.00241791 0.0413963 -0.0108075 -0.000329123
 -0.00234823 0.0404103 0.0241032 -0.0136434
 -0.00293396 0.0518003 0.0148797 -0.0117901
 -0.00349232 0.05588 0.00336965 -0.00812839
 -0.00386132 0.0561819 -0.00921044 -0.00326506
 -0.00383641 0.0531503 -0.0201509 0.00179444
 -0.00353055 0.0522036 0.00782422 -0.00960564
 -0.00417162 0.0631117 -0.00550429 -0.00573373
 -0.00458235 0.0656635 -0.0184937 -0.000751264
 -0.00450892 0.0582786 -0.026381 0.00364016
 -0.00473662 0.0623805 -0.013386 -0.00269631
 -0.005191 0.0698268 -0.0276516 0.00245963
 -0.00507234 0.0661644 -0.0363552 0.00690195
 -0.00553851 0.0644479 -0.032602 0.00524796
 -0.00546585 0.0665853 -0.0430597 0.00988509
 -0.00558227 0.0562573 -0.0412727 0.0106113

Fourier series term #5
 9.00688e-07 7.71195e-05 3.95792e-05 -4.6616e-06
 -1.12969e-06 -9.45475e-05 -5.11953e-05 6.62956e-06
 1.53393e-06 0.000126749 7.15573e-05 -1.08429e-05
 -7.32409e-08 -4.47397e-06 -3.28043e-06 6.25751e-07
 -1.76288e-06 -0.000155932 -8.67861e-05 1.74601e-05
 2.57398e-06 0.000242375 0.000123447 -2.9922e-05
 -7.80097e-07 -9.2067e-05 -3.48486e-05 1.09849e-05
 -1.18818e-06 -0.00024764 -5.97245e-05 2.49556e-05
 8.59582e-07 0.000155896 9.04745e-06 -9.20113e-06
 1.12696e-06 0.000458728 -2.63702e-05 -1.21943e-05
 5.95501e-07 0.000289652 -6.12075e-05 7.15097e-06
 -1.03254e-06 -0.000204496 8.68235e-05 -2.05977e-05
 -2.71883e-05 -0.0022314 -0.00120192 0.000176312
 1.36242e-05 0.00101126 0.000620494 -0.000105809
 -1.94209e-05 -0.00152615 -0.000915919 0.00017288
 -7.34237e-06 -0.0005402 -0.000381039 8.2387e-05
 1.41803e-05 0.00121861 0.00065247 -0.000165885
 -5.14874e-07 -0.000123394 -3.97356e-05 1.66022e-05
 2.08714e-06 2.60418e-05 -3.01538e-05 9.88801e-06
 7.1596e-07 -0.000215342 -1.93908e-05 2.0289e-05
 -1.30374e-06 -0.000466152 0.000106538 -3.87625e-06
 -3.76311e-06 -0.00032573 0.000224355 -5.18301e-05
 -4.92081e-06 0.000123409 0.000106112 -3.8972e-05
 -1.33007e-05 -0.00101369 -0.000658554 0.000124492
 -1.30285e-05 -0.00079934 -0.000754363 0.000157855
 -3.16287e-05 -0.0024072 -0.00166404 0.000409186
 2.85487e-05 0.00212811 0.000940856 -0.00027007
 3.95846e-05 0.00285895 0.00138045 -0.000444963
 6.87322e-06 -0.000985643 0.000268477 1.49373e-05
 3.43153e-06 -0.00185187 0.000449721 8.98719e-06
 2.95469e-06 -0.00145967 0.0009447 -0.000181753
 -7.87788e-06 -0.000945816 0.00124149 -0.00033801
 -2.96659e-05 -0.000527969 0.00122904 -0.000387553
 -2.63045e-05 -0.00243492 -0.00169143 0.000384721
 7.26742e-06 0.000498064 -0.000287257 7.09707e-05
 2.16168e-05 0.0010926 0.000132022 -2.13901e-05
 4.09476e-05 0.0031161 0.00166387 -0.000464369
 2.90606e-05 0.00162672 0.0019787 -0.000542018
 1.28272e-05 -0.00102499 0.00209793 -0.000477629
 -9.68056e-06 -0.00266146 0.00273806 -0.000636184
 -4.78726e-05 -0.00267454 0.0032496 -0.000868714
 -0.000101147 -0.00137232 0.00283821 -0.000866625
 1.43685e-05 9.27461e-05 -0.000566555 0.000180024
 5.50995e-05 0.0023759 0.0011321 -0.000257897
 6.52061e-05 0.00117795 0.00210433 -0.000457824
 5.86819e-05 0.0021601 0.00488762 -0.00141434
 2.67037e-05 0.00190456 0.00558216 -0.00173014
 -2.9643e-05 0.00056122 0.00595621 -0.00189462
 -0.000104943 -0.00129581 0.00611551 -0.00194898
 -0.000183561 -0.00160781 0.00538431 -0.00176807
 6.57878e-05 0.00025498 0.00154664 -0.00021809
 9.33654e-05 0.00167131 0.00508106 -0.00129687
 4.66035e-05 -2.42261e-05 0.00840889 -0.00242102
 -1.30002e-05 0.00213923 0.00978638 -0.00319851
 -0.00010816 0.00473423 0.00950918 -0.0035023
 -0.000235617 0.00570051 0.00800552 -0.00322417
 -0.000343273 0.00553211 0.00567842 -0.00246121
 9.99891e-05 -0.00169468 0.00940946 -0.00262367
 -1.16404e-05 0.00292749 0.0124732 -0.00409833
 -0.000128773 0.00352072 0.0140885 -0.00505041
 -0.000230785 0.00638189 0.0132328 -0.00526871
 -0.000500768 0.011062 0.00904149 -0.00422128
 -0.000519821 0.0158022 0.00379155 -0.00286866
 -0.000191978 0.0037086 0.0162131 -0.00597959
 -0.000363893 0.0109649 0.0151205 -0.00649525
 -0.000573894 0.0161038 0.0116783 -0.00595935
 -0.000763818 0.0187082 0.00669063 -0.00446778
 -0.000805824 0.0228001 -0.000645572 -0.00200603
 -0.00052984 0.0105418 0.0143969 -0.00646011
 -0.000767328 0.021564 0.00815864 -0.00536707
 -0.000934376 0.0270417 0.00112766 -0.00329315
 -0.000885111 0.0286212 -0.00599156 -0.000568261
 -0.0009238 0.0210097 0.00562625 -0.00453574
 -0.00104673 0.0334475 -0.00579976 -0.00133149
 -0.000854156 0.0373605 -0.0147265 0.00199815
 -0.00103435 0.0324381 -0.0100094 0.000455927
 -0.000619615 0.0418151 -0.0226945 0.0048661
 -0.000151867 0.0374567 -0.0243898 0.00617564


