**************************************************************
***  MERIS LUT-169: Fourier series terms (s0,..,s5)[TERM]] ***
***                 of polynomial coefficients (k0,..,k3)  ***
***                 for each of 81 aerosol models [IAER],  ***
***                 & for each of 78 geometries [SVZA]     ***
***  - - - - - - - - - - - - - - - - - - - - - - - - - - - ***
***  => useful for multiplicative aer.scat.fct. retrieval  ***
**************************************************************

12 Gaussian angles (deg): SZA/VZA
------------------------         

 2.84 17.64 28.77 36.19 43.61 51.03 58.46 65.88 69.59 73.30 77.01 80.72

Coefficients: [SVZA x (k0,k1,k2,k3)]
------------                        

 Aerosol model #63
 - - - - - - -  

Fourier series term #0
 1.00723 0.728417 0.34681 -0.0490694
 1.01294 1.2132 0.615621 -0.0942207
 1.01858 1.64182 0.853858 -0.148668
 1.02281 1.96585 1.00139 -0.195742
 1.02693 2.32777 1.10503 -0.248482
 1.02983 2.71277 1.10601 -0.295397
 1.02972 3.11453 0.92716 -0.313385
 1.02396 3.52754 0.454437 -0.254275
 1.01854 3.72594 0.0570817 -0.168054
 1.01286 3.90141 -0.470511 -0.024012
 1.01211 4.01051 -1.10914 0.185684
 1.03069 3.92211 -1.71514 0.425682
 1.01818 1.36951 0.751901 -0.136321
 1.02427 1.73642 0.943674 -0.193128
 1.02911 2.03551 1.06463 -0.243027
 1.03388 2.36307 1.13958 -0.297321
 1.03767 2.71649 1.12482 -0.346739
 1.03868 3.08398 0.950768 -0.369721
 1.03439 3.45364 0.510769 -0.320737
 1.02992 3.63572 0.143097 -0.243379
 1.02527 3.80276 -0.348782 -0.110696
 1.02538 3.91143 -0.952153 0.0870598
 1.04417 3.83233 -1.535 0.319177
 1.02462 1.98295 0.962244 -0.217372
 1.02788 2.23759 0.998938 -0.251751
 1.03096 2.53695 0.995924 -0.288185
 1.03283 2.85915 0.911902 -0.316583
 1.03193 3.1962 0.690179 -0.318218
 1.026 3.55007 0.237159 -0.253165
 1.02084 3.73026 -0.123505 -0.171253
 1.01555 3.90121 -0.600986 -0.0370358
 1.01496 4.02244 -1.18648 0.159369
 1.03272 3.96808 -1.75641 0.389293
 1.03455 2.38305 0.981673 -0.273934
 1.03766 2.62478 0.927288 -0.298184
 1.03979 2.90098 0.808677 -0.315202
 1.03935 3.20363 0.573153 -0.307534
 1.03419 3.52884 0.127436 -0.236252
 1.02966 3.70291 -0.220004 -0.153922
 1.02523 3.87034 -0.678116 -0.0215927
 1.02576 3.99298 -1.2395 0.170237
 1.0448 3.94609 -1.785 0.393835
 1.03645 2.77955 0.804412 -0.303525
 1.03646 3.00414 0.639084 -0.303187
 1.03412 3.27702 0.376418 -0.280522
 1.02762 3.59251 -0.0768024 -0.197659
 1.02282 3.76469 -0.420977 -0.111147
 1.01848 3.93305 -0.868795 0.0228564
 1.01955 4.06003 -1.41268 0.212917
 1.03949 4.02251 -1.93775 0.431963
 1.03495 3.14188 0.424348 -0.280809
 1.0315 3.37227 0.133011 -0.240376
 1.02446 3.67079 -0.332622 -0.142621
 1.01976 3.84192 -0.675565 -0.0505784
 1.01605 4.01283 -1.11612 0.08674
 1.01837 4.14001 -1.6431 0.276225
 1.04014 4.10079 -2.14059 0.489367
 1.02689 3.52087 -0.192185 -0.175672
 1.01963 3.79032 -0.677208 -0.0576332
 1.01542 3.95651 -1.02267 0.0425918
 1.01297 4.11977 -1.45625 0.18522
 1.01768 4.24238 -1.96271 0.374059
 1.04287 4.19399 -2.42224 0.578425
 1.0137 3.97381 -1.1663 0.0815793
 1.01108 4.11144 -1.50842 0.191111
 1.01142 4.25201 -1.92389 0.337095
 1.02045 4.35079 -2.39186 0.520535
 1.05157 4.2683 -2.7835 0.706583
 1.00947 4.21457 -1.83923 0.303883
 1.01216 4.32815 -2.23344 0.448726
 1.02472 4.39998 -2.66687 0.625067
 1.0603 4.28209 -2.99982 0.793137
 1.01845 4.39571 -2.58986 0.587844
 1.03574 4.41006 -2.95802 0.746979
 1.07686 4.23891 -3.20607 0.887111
 1.05894 4.34275 -3.22597 0.875611
 1.10633 4.09446 -3.35281 0.973369
 1.15866 3.74715 -3.31759 1.0107

Fourier series term #1
 -0.000324992 -0.0302565 -0.0156211 0.0022017
 -0.000669935 -0.0487763 -0.0291332 0.004435
 -0.000773796 -0.0464284 -0.0267968 0.00473302
 -0.000871127 -0.047887 -0.023087 0.00475974
 -0.000920473 -0.0461007 -0.0139503 0.00375616
 -0.000934887 -0.0419688 -0.000389154 0.00147744
 -0.000915013 -0.0323661 0.0165273 -0.00247813
 -0.000971523 -0.0167368 0.0316001 -0.00741705
 -0.00109749 -0.00624968 0.0355879 -0.00950991
 -0.00134024 0.00641228 0.0349022 -0.0105006
 -0.00171016 0.0217419 0.0273693 -0.00936691
 -0.00205687 0.0376947 0.0122236 -0.00524258
 -0.00408369 -0.243751 -0.150482 0.0271655
 -0.0052833 -0.278286 -0.156106 0.032497
 -0.00576831 -0.281845 -0.127519 0.0310094
 -0.00597264 -0.273613 -0.0723092 0.0235858
 -0.00581811 -0.24618 0.00966511 0.00753948
 -0.00534112 -0.188645 0.109255 -0.0187166
 -0.0051222 -0.0966264 0.197592 -0.0510167
 -0.00551823 -0.0359095 0.222161 -0.0652277
 -0.00655073 0.036924 0.220894 -0.0733262
 -0.00827832 0.122221 0.181521 -0.069326
 -0.0098339 0.21168 0.0984242 -0.0478377
 -0.00722792 -0.415723 -0.180678 0.0427741
 -0.00813216 -0.437029 -0.138515 0.039419
 -0.00857022 -0.420518 -0.0556867 0.025957
 -0.00857809 -0.36497 0.0585624 0.000811735
 -0.00843126 -0.268252 0.184593 -0.0354194
 -0.00892117 -0.117915 0.286347 -0.076878
 -0.00998288 -0.0196908 0.306819 -0.0934029
 -0.0120221 0.0948303 0.289306 -0.100128
 -0.0150841 0.224675 0.217838 -0.0889149
 -0.017817 0.359233 0.0859085 -0.0528734
 -0.0101915 -0.492174 -0.104326 0.037626
 -0.0106529 -0.479248 -0.0140988 0.0209895
 -0.0103992 -0.413249 0.108639 -0.00894691
 -0.00976783 -0.294323 0.240391 -0.0505021
 -0.00979219 -0.121414 0.338672 -0.0949824
 -0.0106831 -0.00880907 0.353786 -0.111842
 -0.0126049 0.121971 0.326423 -0.117157
 -0.0155343 0.269418 0.239646 -0.102095
 -0.0177776 0.422913 0.0866906 -0.0593382
 -0.011385 -0.494343 0.0643164 0.00494821
 -0.0115227 -0.426699 0.177387 -0.026425
 -0.0115203 -0.29351 0.293912 -0.068292
 -0.0124973 -0.0962664 0.369974 -0.110521
 -0.013993 0.026996 0.369953 -0.124176
 -0.0165041 0.171973 0.324722 -0.124879
 -0.0198767 0.33795 0.21659 -0.103443
 -0.0220973 0.507544 0.0413731 -0.0529389
 -0.012292 -0.387207 0.259293 -0.0526584
 -0.0129584 -0.257767 0.343693 -0.0892176
 -0.0147077 -0.0509935 0.382103 -0.123132
 -0.0165825 0.083017 0.360719 -0.131044
 -0.0194121 0.237377 0.293362 -0.124713
 -0.0228156 0.411356 0.163525 -0.0953262
 -0.0244076 0.585616 -0.0291168 -0.0374225
 -0.0146718 -0.165865 0.378893 -0.112333
 -0.0174182 0.0309402 0.366122 -0.130958
 -0.0196545 0.165917 0.317851 -0.129748
 -0.0226567 0.320994 0.224091 -0.11326
 -0.0257469 0.496835 0.0719496 -0.0743153
 -0.0260708 0.665341 -0.132247 -0.00968256
 -0.0209224 0.175528 0.297594 -0.127062
 -0.0234195 0.291145 0.221512 -0.113317
 -0.0260958 0.434216 0.1034 -0.0852277
 -0.0280252 0.59591 -0.0658364 -0.0362948
 -0.0262263 0.744294 -0.271768 0.0334246
 -0.0258514 0.385637 0.134806 -0.092917
 -0.0280842 0.511339 0.00781206 -0.0583622
 -0.029099 0.655139 -0.16377 -0.00512943
 -0.025544 0.784078 -0.361023 0.0642833
 -0.0293864 0.605218 -0.117776 -0.0195406
 -0.02885 0.717514 -0.279844 0.0346978
 -0.0229595 0.814251 -0.456353 0.100337
 -0.0260472 0.782607 -0.415405 0.0846473
 -0.017345 0.827434 -0.548933 0.139048
 -0.00577824 0.807487 -0.618559 0.173929

Fourier series term #2
 -1.65914e-05 -0.00173168 -0.000807184 0.000114327
 -8.8922e-06 -0.00112214 -0.0006493 9.60788e-05
 -8.47554e-07 -0.000377083 -0.000517011 7.80881e-05
 -2.18098e-05 -0.00213487 -0.00166167 0.000302763
 1.33873e-06 -0.000100524 -0.000851915 0.000156039
 -2.72236e-06 -0.000536333 -0.00122234 0.000268217
 -2.75346e-05 -0.00326827 -0.00198121 0.000575242
 7.88695e-06 0.000273217 -0.00072942 0.000200209
 1.12782e-05 0.000684304 -0.000604632 0.000161201
 3.77193e-06 -0.00144844 -0.000262406 0.000157889
 -6.23416e-06 -0.00380951 0.000835753 -9.24837e-05
 -3.39234e-05 -0.0036217 0.00157527 -0.000380518
 -0.000543596 -0.0496061 -0.030906 0.00543225
 -0.000418283 -0.0399601 -0.0354958 0.00666207
 -0.00036985 -0.0358902 -0.0416307 0.00841281
 -0.000380319 -0.0381396 -0.0501968 0.0112894
 -0.000344192 -0.042155 -0.055335 0.0141815
 -0.00022611 -0.0491221 -0.0528346 0.0159334
 4.19926e-05 -0.0584325 -0.0382737 0.014554
 0.000244884 -0.0619476 -0.0254199 0.0117895
 0.000436819 -0.0634453 -0.00933068 0.00732669
 0.00047166 -0.0618106 0.00799368 0.00148853
 6.83289e-05 -0.0544409 0.0215953 -0.00417689
 -0.000716288 -0.0934916 -0.0824432 0.0167972
 -0.000684395 -0.101035 -0.102788 0.0225956
 -0.000584997 -0.107946 -0.118721 0.0288139
 -0.000418743 -0.121966 -0.126069 0.0347452
 -3.40948e-05 -0.141866 -0.116005 0.0376993
 0.000738554 -0.159625 -0.0781486 0.0326992
 0.00124373 -0.166361 -0.0474593 0.0256154
 0.00170015 -0.169333 -0.0101479 0.0149007
 0.00178196 -0.165138 0.029444 0.00123302
 0.000799218 -0.147287 0.0604566 -0.0120185
 -0.00140238 -0.146228 -0.148051 0.035273
 -0.00152653 -0.172246 -0.173939 0.0457749
 -0.00137397 -0.194871 -0.181125 0.0538488
 -0.000823213 -0.220425 -0.161934 0.0565578
 0.000335311 -0.247894 -0.106561 0.0484915
 0.00116273 -0.255656 -0.0627521 0.0378261
 0.00194597 -0.25866 -0.00998691 0.0221457
 0.00219253 -0.253014 0.0467368 0.00213926
 0.00088692 -0.228291 0.0921818 -0.0175525
 -0.0014767 -0.241708 -0.214301 0.0627269
 -0.00110681 -0.287112 -0.220818 0.073051
 -0.000142082 -0.326107 -0.190685 0.0747107
 0.00162872 -0.356076 -0.115747 0.0616764
 0.00274103 -0.367937 -0.0594191 0.0472579
 0.00373849 -0.374336 0.00884619 0.0262776
 0.00397515 -0.368112 0.0824942 -0.00045604
 0.00207731 -0.336069 0.141763 -0.0268928
 -0.000700357 -0.381824 -0.230514 0.0873962
 0.000691185 -0.441366 -0.190851 0.087822
 0.00303555 -0.484385 -0.0981361 0.0697161
 0.00444743 -0.499224 -0.029652 0.0509475
 0.00567717 -0.507604 0.0523451 0.0245289
 0.00590117 -0.502509 0.140917 -0.00867775
 0.00334609 -0.466772 0.213116 -0.041742
 0.00241247 -0.555523 -0.144126 0.0885655
 0.00524341 -0.623792 -0.0352761 0.0651354
 0.00696541 -0.648856 0.0442343 0.0420617
 0.00828153 -0.663896 0.138714 0.0101761
 0.00817286 -0.65659 0.236981 -0.0285386
 0.00475866 -0.617292 0.3179 -0.0671195
 0.00839919 -0.76002 0.0918944 0.0375709
 0.0100258 -0.802899 0.180889 0.0105636
 0.0111205 -0.823642 0.281886 -0.0254473
 0.0104523 -0.826751 0.389148 -0.0688997
 0.00523235 -0.780626 0.468046 -0.109403
 0.0117164 -0.865355 0.277469 -0.0187541
 0.0124017 -0.903501 0.384454 -0.0566696
 0.0108876 -0.909487 0.490899 -0.100766
 0.00453937 -0.853806 0.559294 -0.139058
 0.0123429 -0.96278 0.498776 -0.0968301
 0.00979008 -0.973336 0.601017 -0.139806
 0.00190415 -0.914413 0.657412 -0.17412
 0.00555744 -0.995312 0.698627 -0.180372
 -0.00425063 -0.940698 0.743159 -0.209587
 -0.0162572 -0.891547 0.770678 -0.230564

Fourier series term #3
 3.11678e-06 0.00030927 0.000149431 -2.11091e-05
 1.42357e-05 0.0013194 0.000679286 -0.000103849
 -1.0593e-05 -0.00093229 -0.000488189 8.48895e-05
 2.14524e-06 0.000174187 9.33268e-05 -1.84322e-05
 1.42087e-05 0.0012319 0.000590136 -0.000132943
 -2.23975e-05 -0.00198952 -0.000831536 0.000220219
 6.4869e-06 0.000730242 0.000200543 -7.06293e-05
 1.1183e-05 0.00177251 0.000212046 -0.00012441
 -6.71415e-06 -0.0011224 -5.01406e-05 5.91682e-05
 -1.11314e-05 -0.00301078 0.000320183 3.04082e-05
 -6.85625e-06 -0.00180927 0.000470345 -7.59832e-05
 7.51137e-06 0.00126631 -0.000556998 0.0001362
 -0.000242654 -0.021481 -0.010825 0.0019755
 -0.00012639 -0.0116909 -0.00569061 0.00115693
 -6.41342e-05 -0.006346 -0.00314329 0.000671847
 -3.38094e-05 -0.00362136 -0.00273539 0.000573336
 -3.68681e-05 -0.00334008 -0.00426035 0.00097275
 -2.079e-06 -0.00126909 -0.00556095 0.00136318
 4.848e-05 -0.000901858 -0.00738136 0.002089
 8.15718e-05 -0.00234502 -0.00780772 0.00245503
 0.000135123 -0.00392791 -0.00719543 0.00252088
 0.000207004 -0.00474708 -0.00560956 0.00217633
 0.000264018 -0.00495821 -0.00347876 0.00150968
 -0.000305826 -0.0354308 -0.0167048 0.0036562
 -0.000230158 -0.028571 -0.0147962 0.00338698
 -0.000140023 -0.01982 -0.0142199 0.00331001
 -3.00515e-05 -0.0115441 -0.0167177 0.00397481
 7.58408e-05 -0.0101141 -0.0230289 0.00610979
 0.000299297 -0.0114263 -0.0274515 0.00838313
 0.000493981 -0.0132168 -0.0273775 0.00904809
 0.000751328 -0.0167038 -0.0245233 0.00891025
 0.00104578 -0.0218136 -0.0178695 0.00741618
 0.00124501 -0.0264143 -0.00803345 0.00439852
 -0.00045487 -0.0444566 -0.0257668 0.00622881
 -0.000348319 -0.0357812 -0.0289151 0.00716998
 -0.000236488 -0.027837 -0.0355587 0.00927446
 -4.33343e-05 -0.022467 -0.0441226 0.0125448
 0.000338618 -0.0250994 -0.050425 0.0162996
 0.000658408 -0.0299113 -0.0491004 0.0172105
 0.00108155 -0.0372536 -0.0423456 0.0164369
 0.00158819 -0.0428409 -0.0303551 0.0133881
 0.00194317 -0.0472949 -0.0144305 0.00821147
 -0.000384423 -0.0550238 -0.0475127 0.0129005
 -0.000201774 -0.0533821 -0.0599828 0.017362
 0.000227388 -0.0482273 -0.070951 0.022239
 0.000950396 -0.0538828 -0.0746667 0.0264883
 0.00153719 -0.0607828 -0.0702594 0.0270456
 0.00228416 -0.0701689 -0.0585256 0.0251242
 0.00310071 -0.0788883 -0.0388529 0.0197733
 0.00361457 -0.08402 -0.014063 0.0113073
 -2.54771e-05 -0.0810377 -0.0844828 0.0270908
 0.000602539 -0.0899546 -0.09707 0.034206
 0.00181771 -0.100303 -0.0955504 0.0382024
 0.00273935 -0.10704 -0.0858322 0.0374156
 0.00386123 -0.116846 -0.0672429 0.0333962
 0.00501887 -0.128314 -0.0383171 0.0248995
 0.00564691 -0.135514 -0.00295797 0.0123168
 0.00157239 -0.140007 -0.110702 0.0449222
 0.00339491 -0.162654 -0.100675 0.0476783
 0.00464713 -0.174837 -0.0840309 0.0451108
 0.00624627 -0.186634 -0.0546645 0.0371914
 0.00760972 -0.197806 -0.0164137 0.0248482
 0.00818122 -0.202375 0.0277513 0.00799958
 0.00591611 -0.238043 -0.0735962 0.0486199
 0.00761258 -0.260131 -0.0453751 0.0422661
 0.00939026 -0.274263 -0.00762535 0.0309031
 0.0108307 -0.287317 0.041404 0.0137071
 0.0108819 -0.288041 0.0920903 -0.00723777
 0.00946985 -0.2996 -0.0077111 0.0336523
 0.011256 -0.325071 0.0383577 0.0195922
 0.0125229 -0.336849 0.090165 0.000386243
 0.0120878 -0.333655 0.140786 -0.0216859
 0.0128479 -0.365668 0.0943658 0.00231081
 0.0136699 -0.386351 0.1531 -0.0194009
 0.0124354 -0.375843 0.19859 -0.0407551
 0.0134997 -0.415269 0.215801 -0.0425583
 0.011185 -0.40119 0.253984 -0.0616852
 0.0074503 -0.392143 0.288454 -0.0787496

Fourier series term #4
 1.79728e-06 0.000182678 8.612e-05 -1.2176e-05
 2.79836e-06 0.000272613 0.000136053 -2.08612e-05
 -3.33987e-06 -0.000307596 -0.000160379 2.78206e-05
 1.01169e-05 0.000855058 0.000441609 -8.61874e-05
 -8.14824e-06 -0.000719652 -0.000342301 7.7054e-05
 -2.99456e-06 -0.000367156 -0.000157148 4.11699e-05
 1.60219e-05 0.00151705 0.000467393 -0.000156422
 -7.1184e-06 -0.00139681 -0.000171657 9.84466e-05
 -5.27171e-06 -0.00178856 -3.71594e-05 8.3069e-05
 4.11784e-06 -0.000266244 2.20645e-05 3.98352e-06
 1.06618e-05 0.00159332 -0.000431984 7.03028e-05
 1.97346e-05 0.00171079 -0.000724509 0.00017756
 -0.000120408 -0.0107118 -0.00536813 0.000981303
 -5.42724e-05 -0.00481797 -0.00237939 0.000492341
 -1.80961e-05 -0.00187483 -0.000719832 0.000174093
 -1.53002e-05 -0.00135562 -0.00025438 8.75978e-05
 -1.11121e-05 -0.00100096 -4.85348e-05 3.78017e-05
 -3.66707e-06 -1.60085e-05 0.000374889 -0.000106673
 -1.55326e-05 -0.000544406 0.00015999 -3.49624e-05
 -1.3617e-05 -0.000496933 -2.85e-05 1.88397e-05
 -5.45147e-06 7.35515e-05 -0.000252388 6.14724e-05
 2.90352e-06 0.000617355 -0.000497397 0.000119237
 1.41341e-05 0.000722102 -0.000636346 0.000174236
 -0.000194158 -0.0214949 -0.00952079 0.00216642
 -0.000137144 -0.0157692 -0.00597985 0.0015429
 -7.85418e-05 -0.00932205 -0.00217019 0.000710816
 -5.91393e-05 -0.00520142 0.000428062 3.57662e-05
 -6.26239e-05 -0.00367847 0.000903198 -0.000160154
 -5.57046e-05 -0.000811386 0.000481764 -0.000200905
 -5.38393e-05 0.000128338 -0.000187716 -5.0293e-05
 -4.06987e-05 0.000635473 -0.00108803 0.000225604
 -2.2564e-06 0.000529678 -0.00190388 0.000546007
 6.60564e-05 -0.000344026 -0.00200925 0.000684904
 -0.000270663 -0.0268483 -0.00959018 0.0027044
 -0.000229994 -0.0218939 -0.00531824 0.0018405
 -0.00017522 -0.014407 -0.000809814 0.000628867
 -0.000136911 -0.00703823 0.00146858 -0.000263995
 -0.000148797 -0.00386558 0.000401836 -0.000134045
 -0.000140796 -0.00315976 -0.00102401 0.000294465
 -9.19458e-05 4.81345e-05 -0.00281662 0.000739992
 -2.34511e-05 0.00142098 -0.00431161 0.00125251
 6.43889e-05 -0.00215324 -0.00339533 0.0012506
 -0.000345619 -0.0361311 -0.00801361 0.00313983
 -0.000288934 -0.0275517 -0.00285501 0.001692
 -0.000276258 -0.0186065 0.000389623 0.0004934
 -0.000227937 -0.00750078 -0.000587867 0.000247563
 -0.000214895 -0.00678764 -0.00220716 0.000796498
 -0.000150532 -0.00566932 -0.00397679 0.00143412
 -3.25514e-05 -0.00549304 -0.0049244 0.0018992
 0.000113488 -0.0078722 -0.00348562 0.00166384
 -0.000445579 -0.0439458 -0.00468679 0.0030861
 -0.000412779 -0.0340879 -0.00178803 0.00196589
 -0.000364762 -0.0222029 -0.0020086 0.00157885
 -0.000318193 -0.0179184 -0.00294646 0.0017612
 -0.000242058 -0.0163546 -0.00359443 0.00206534
 -7.2492e-05 -0.017011 -0.00306809 0.00211238
 0.00011872 -0.018707 -0.000586364 0.00144292
 -0.000492532 -0.0526507 -0.00259437 0.00360987
 -0.000453845 -0.0485272 -0.000173508 0.00301476
 -0.000417006 -0.0429774 0.000240555 0.00273934
 -0.000253618 -0.038352 0.00156342 0.00211041
 -7.13238e-05 -0.0391668 0.00500468 0.00110277
 3.49492e-05 -0.0349647 0.0073861 -0.00011055
 -0.000414574 -0.0778475 0.00834266 0.00290277
 -0.000302237 -0.0798389 0.0136475 0.00144116
 -0.000211248 -0.0773238 0.0190568 -0.00055081
 -0.000175975 -0.0716891 0.0237738 -0.0027951
 -0.000302937 -0.0701013 0.0314617 -0.00612731
 -0.000270125 -0.0971249 0.0252039 -0.00100291
 -0.000271234 -0.0990162 0.0338836 -0.00396329
 -0.000334114 -0.0936646 0.0406881 -0.00719013
 -0.000572843 -0.0904941 0.049349 -0.011261
 -0.000330685 -0.1153 0.0505883 -0.00868395
 -0.00062989 -0.118891 0.0637723 -0.0137204
 -0.00129253 -0.112159 0.0717849 -0.0183069
 -0.00114805 -0.136995 0.0884921 -0.0223151
 -0.00267057 -0.133001 0.0972631 -0.0268947
 -0.00475929 -0.136774 0.111575 -0.0328591

Fourier series term #5
 3.12474e-07 3.27654e-05 1.52479e-05 -2.16717e-06
 -2.50537e-06 -0.000230915 -0.000119239 1.82164e-05
 3.04689e-06 0.000264712 0.000139696 -2.42788e-05
 -5.59561e-07 -3.82852e-05 -1.93482e-05 3.84997e-06
 -4.47131e-06 -0.000393033 -0.000191056 4.27223e-05
 6.71164e-06 0.000598963 0.000246152 -6.56719e-05
 -2.17044e-06 -0.000207704 -5.32679e-05 1.91423e-05
 -3.36612e-06 -0.000559417 -8.57469e-05 4.38891e-05
 2.22191e-06 0.000308725 -6.75429e-06 -1.08282e-05
 3.48861e-06 0.00091422 -0.000107249 -6.52335e-06
 1.78881e-06 0.000572101 -0.000146016 2.29059e-05
 -2.55406e-06 -0.000358587 0.000162349 -4.0265e-05
 -7.25431e-05 -0.00640975 -0.00320918 0.000586416
 -1.84529e-05 -0.00166176 -0.000838144 0.000172271
 -2.06604e-05 -0.00162826 -0.000829673 0.000189596
 8.60685e-06 0.000477154 0.000253209 -6.47563e-05
 -6.48477e-06 -0.000563412 -0.000206053 6.60407e-05
 -4.00412e-06 -0.000258611 4.19737e-05 1.28894e-06
 4.06735e-06 0.00033634 6.70678e-05 -3.59095e-05
 -1.37164e-06 -0.00021215 -4.63296e-06 1.30173e-05
 -6.75559e-06 -0.000629898 0.000131396 -5.6635e-06
 -8.57523e-06 -0.000286835 0.00020538 -5.29274e-05
 -4.99724e-06 0.000366982 -2.42431e-05 -1.34659e-05
 -0.00012326 -0.0136374 -0.00634641 0.00142729
 -7.29152e-05 -0.00867521 -0.00385664 0.000960306
 -4.41668e-05 -0.0053075 -0.00199395 0.000580263
 -5.40635e-06 -0.00126131 -4.97038e-05 6.10771e-05
 -1.23591e-05 -0.00172983 0.000115286 4.86524e-05
 -2.1279e-05 -0.00154983 0.000691381 -0.000120846
 -2.25708e-05 -0.000684488 0.000867649 -0.000230496
 -2.78049e-05 -4.36564e-05 0.000789088 -0.000257184
 -3.40676e-05 2.05774e-05 0.000589222 -0.00020605
 -3.63721e-05 -0.000136439 0.000422366 -0.000143731
 -0.000192865 -0.0186942 -0.00794332 0.00216532
 -0.000133225 -0.0136496 -0.00500078 0.00157284
 -5.87534e-05 -0.00712254 -0.0014437 0.000637143
 -4.73239e-05 -0.00461932 0.00077202 1.25803e-05
 -4.95277e-05 -0.00361133 0.00173578 -0.00032637
 -6.23498e-05 -0.00357157 0.00207599 -0.000454144
 -7.41984e-05 -0.00126944 0.00219469 -0.000665394
 -8.89087e-05 0.000377938 0.00157815 -0.000588201
 -8.23737e-05 0.000484014 0.000784489 -0.000320981
 -0.000199844 -0.0246809 -0.00786041 0.00282761
 -0.0001467 -0.0191821 -0.00335271 0.00171969
 -0.000102243 -0.0123987 0.00102209 0.00034499
 -0.000116136 -0.00724873 0.00417461 -0.000894013
 -0.000128373 -0.00515136 0.00441761 -0.00115092
 -0.000156926 -0.00337517 0.00424199 -0.00126461
 -0.000189996 -0.00187137 0.00352447 -0.00116419
 -0.000180417 2.76454e-06 0.00184579 -0.00070452
 -0.000223422 -0.0326147 -0.00363828 0.00263347
 -0.000200916 -0.0266005 0.00250784 0.000736428
 -0.000225486 -0.0171829 0.00714624 -0.00126065
 -0.000247178 -0.0113926 0.00804068 -0.00202282
 -0.000291435 -0.00582609 0.00696188 -0.00212338
 -0.000329952 -0.00359042 0.00582383 -0.00194902
 -0.000365616 -0.00178191 0.00406007 -0.00145861
 -0.000306293 -0.0414621 0.00665008 0.00049763
 -0.000331998 -0.0331749 0.0120852 -0.00181526
 -0.000402584 -0.0230779 0.0132632 -0.00306968
 -0.000507996 -0.0181775 0.0130921 -0.00347011
 -0.000576957 -0.0115599 0.0111762 -0.00340599
 -0.00062278 -0.00337765 0.00641547 -0.00233177
 -0.000511025 -0.0491994 0.021116 -0.00375354
 -0.00062102 -0.0475999 0.0244059 -0.00513492
 -0.000778863 -0.0373805 0.023772 -0.00590409
 -0.000955877 -0.0258725 0.0203772 -0.00578762
 -0.0010741 -0.0179377 0.0164664 -0.00509425
 -0.000761429 -0.055076 0.0304909 -0.00681644
 -0.000978212 -0.049803 0.0319151 -0.0079736
 -0.00122878 -0.0375189 0.0285354 -0.0079645
 -0.00135701 -0.0252197 0.0221632 -0.0067153
 -0.00129113 -0.0562928 0.0386211 -0.0100042
 -0.00167311 -0.0472589 0.0362655 -0.0101238
 -0.00192616 -0.0341597 0.0296584 -0.00900877
 -0.00184613 -0.0554115 0.0468598 -0.0139422
 -0.00247077 -0.04602 0.0413332 -0.0127853
 -0.00334085 -0.0480185 0.0450551 -0.0142709


