**************************************************************
***  MERIS LUT-169: Fourier series terms (s0,..,s5)[TERM]] ***
***                 of polynomial coefficients (k0,..,k3)  ***
***                 for each of 81 aerosol models [IAER],  ***
***                 & for each of 78 geometries [SVZA]     ***
***  - - - - - - - - - - - - - - - - - - - - - - - - - - - ***
***  => useful for multiplicative aer.scat.fct. retrieval  ***
**************************************************************

12 Gaussian angles (deg): SZA/VZA
------------------------         

 2.84 17.64 28.77 36.19 43.61 51.03 58.46 65.88 69.59 73.30 77.01 80.72

Coefficients: [SVZA x (k0,k1,k2,k3)]
------------                        

 Aerosol model #24
 - - - - - - -  

Fourier series term #0
 1.02361 1.5733 0.427572 -0.0871484
 1.02444 1.63198 0.458682 -0.0986469
 1.02595 1.74191 0.507888 -0.119805
 1.02733 1.85 0.544091 -0.14027
 1.02898 1.99283 0.569459 -0.164894
 1.03064 2.17318 0.558014 -0.189171
 1.03173 2.39366 0.462593 -0.200916
 1.03107 2.65083 0.202064 -0.170829
 1.02976 2.78669 -0.0277429 -0.122344
 1.02841 2.91447 -0.344659 -0.0374005
 1.02985 3.00194 -0.743335 0.0916859
 1.04274 2.95884 -1.13899 0.246329
 1.02535 1.69783 0.4883 -0.110796
 1.02706 1.81427 0.531358 -0.132474
 1.02866 1.92925 0.558793 -0.152728
 1.03054 2.07782 0.568801 -0.175727
 1.03245 2.2617 0.534846 -0.19618
 1.0337 2.48087 0.411013 -0.200994
 1.03309 2.72669 0.124326 -0.161831
 1.03178 2.85311 -0.113442 -0.109064
 1.03046 2.96998 -0.432088 -0.021154
 1.03197 3.0466 -0.824987 0.108619
 1.04487 2.99542 -1.20889 0.261478
 1.02904 1.94179 0.559908 -0.152811
 1.03044 2.06937 0.563334 -0.169042
 1.03193 2.22796 0.537756 -0.184641
 1.03316 2.41814 0.457654 -0.193404
 1.03339 2.63398 0.282901 -0.182245
 1.03149 2.86754 -0.0484024 -0.124579
 1.02956 2.98552 -0.301089 -0.0631928
 1.02774 3.09314 -0.626833 0.0315386
 1.02905 3.16021 -1.01684 0.164846
 1.0421 3.10046 -1.38787 0.31695
 1.03163 2.20412 0.538062 -0.180073
 1.03315 2.36588 0.485126 -0.191375
 1.03422 2.55032 0.373437 -0.193252
 1.03415 2.75529 0.16895 -0.173292
 1.03188 2.97391 -0.184478 -0.105846
 1.02981 3.0843 -0.443813 -0.0396914
 1.028 3.18474 -0.772188 0.0591786
 1.02947 3.24575 -1.16091 0.195759
 1.04291 3.181 -1.52666 0.34987
 1.03633 2.5021 0.427265 -0.204582
 1.03709 2.67697 0.285953 -0.197655
 1.0365 2.86637 0.0552794 -0.167007
 1.03379 3.07055 -0.316103 -0.0884581
 1.03175 3.17355 -0.579292 -0.0174181
 1.0303 3.2658 -0.906314 0.0850199
 1.03277 3.31594 -1.28505 0.222205
 1.04804 3.23623 -1.6296 0.372393
 1.03716 2.83862 0.113197 -0.178685
 1.03592 3.01832 -0.143025 -0.135351
 1.03273 3.21185 -0.533432 -0.0433395
 1.03071 3.31054 -0.802242 0.0340392
 1.02969 3.39736 -1.1299 0.141556
 1.03318 3.43914 -1.50129 0.281055
 1.05023 3.34602 -1.82683 0.428831
 1.03412 3.18668 -0.421902 -0.0775601
 1.03078 3.37645 -0.830051 0.0292919
 1.02911 3.4706 -1.1035 0.113762
 1.02902 3.55066 -1.4294 0.226535
 1.03435 3.58038 -1.78768 0.367277
 1.05434 3.46689 -2.08317 0.509351
 1.02826 3.55713 -1.25015 0.15201
 1.02774 3.64714 -1.52401 0.243255
 1.02974 3.71558 -1.83941 0.359463
 1.0385 3.72204 -2.16812 0.496699
 1.06334 3.5729 -2.40864 0.624625
 1.02831 3.72821 -1.79131 0.336211
 1.03219 3.78609 -2.09267 0.451326
 1.0437 3.77487 -2.39434 0.582439
 1.07208 3.59752 -2.58906 0.696387
 1.03872 3.82293 -2.36666 0.560795
 1.05391 3.78577 -2.62623 0.679951
 1.08668 3.57328 -2.75854 0.772944
 1.07385 3.7079 -2.82015 0.777815
 1.11152 3.45071 -2.86758 0.839941
 1.15334 3.14012 -2.80587 0.859372

Fourier series term #1
 -7.91623e-05 -0.00496312 -0.00171642 0.000302533
 -0.000105959 -0.00495969 -0.00355615 0.000472222
 -0.000177787 -0.00790583 -0.00529904 0.000788436
 -0.00024063 -0.0104139 -0.0058996 0.000984449
 -0.000312587 -0.0129377 -0.00529357 0.00100973
 -0.000381698 -0.014768 -0.00249934 0.000565655
 -0.000474046 -0.0153447 0.00302212 -0.000655429
 -0.000580091 -0.0128123 0.011072 -0.00300361
 -0.000657432 -0.0094235 0.0150773 -0.00448527
 -0.000778426 -0.00400416 0.0177737 -0.00583099
 -0.000974267 0.00392652 0.0173755 -0.00638955
 -0.00122153 0.0142939 0.0120115 -0.00528419
 -0.000664282 -0.0297647 -0.0208785 0.00296386
 -0.00118943 -0.0513589 -0.0306587 0.00495303
 -0.0016033 -0.0662826 -0.0319538 0.00577351
 -0.00207194 -0.080205 -0.0250458 0.00523833
 -0.00268497 -0.0890441 -0.00746659 0.00256612
 -0.00306624 -0.0900252 0.0303106 -0.00699066
 -0.00365296 -0.0676981 0.0748959 -0.0209444
 -0.00409429 -0.044245 0.0945218 -0.0289834
 -0.00478179 -0.00971574 0.104726 -0.0354689
 -0.00586571 0.0377705 0.0965363 -0.036955
 -0.0071295 0.097088 0.0609475 -0.0289102
 -0.00210362 -0.086327 -0.0401162 0.00719971
 -0.00277912 -0.109669 -0.0351662 0.00698763
 -0.00355837 -0.129839 -0.016366 0.00400135
 -0.00433434 -0.138362 0.0209014 -0.00404241
 -0.00510894 -0.125265 0.0744391 -0.0184957
 -0.00610929 -0.0765791 0.129901 -0.0381422
 -0.00687122 -0.0343124 0.148162 -0.0476233
 -0.00805001 0.0230136 0.149198 -0.0532212
 -0.00968996 0.096279 0.122671 -0.0505657
 -0.0114206 0.183119 0.0581471 -0.0338939
 -0.00356069 -0.137469 -0.0210803 0.00474381
 -0.00459156 -0.155107 0.0084541 -0.000985231
 -0.00552222 -0.156338 0.0560761 -0.0125629
 -0.00647151 -0.127775 0.115179 -0.0305407
 -0.00771974 -0.0582983 0.165962 -0.0517944
 -0.00871916 -0.00357294 0.175619 -0.0601805
 -0.0100699 0.0662019 0.164825 -0.0634844
 -0.0119789 0.153211 0.120479 -0.05592
 -0.0136343 0.251713 0.0355859 -0.032504
 -0.00577564 -0.165263 0.0474845 -0.00995629
 -0.00675924 -0.15251 0.102112 -0.0254457
 -0.00781409 -0.107205 0.159523 -0.0458531
 -0.00929311 -0.0177505 0.196469 -0.066193
 -0.010375 0.046328 0.194898 -0.0724843
 -0.0119168 0.125968 0.168209 -0.0715773
 -0.013729 0.22056 0.106813 -0.0586427
 -0.0148253 0.322798 0.00584084 -0.0292197
 -0.00791962 -0.122689 0.154351 -0.043113
 -0.00925436 -0.0570433 0.19819 -0.0629109
 -0.0111628 0.050509 0.209329 -0.0781893
 -0.0125432 0.123835 0.189721 -0.0796291
 -0.0142195 0.211054 0.143053 -0.0724038
 -0.0159983 0.311069 0.0606772 -0.0518741
 -0.0163911 0.412592 -0.0567906 -0.0153224
 -0.0110014 0.0258112 0.217675 -0.0784507
 -0.0134494 0.150301 0.192762 -0.0843101
 -0.0150921 0.229651 0.151458 -0.0787291
 -0.0168898 0.321276 0.0821333 -0.0632962
 -0.0183089 0.421521 -0.0209069 -0.0340583
 -0.0175302 0.515302 -0.150785 0.00929212
 -0.0163202 0.284621 0.12455 -0.0759881
 -0.0180399 0.367932 0.0590975 -0.0612608
 -0.0195965 0.458846 -0.0325584 -0.0362037
 -0.02013 0.551038 -0.151506 0.00155333
 -0.0174052 0.626145 -0.283844 0.0495013
 -0.0197677 0.449859 -0.0180178 -0.0413518
 -0.0208869 0.537423 -0.118592 -0.0115958
 -0.0205617 0.621602 -0.241302 0.0295448
 -0.01637 0.680685 -0.366864 0.0773643
 -0.0212869 0.615811 -0.223085 0.0216966
 -0.0196917 0.687266 -0.343412 0.0643175
 -0.0136339 0.725957 -0.455092 0.109531
 -0.0162859 0.737254 -0.450532 0.104809
 -0.00796935 0.748976 -0.537359 0.143299
 0.00276823 0.724563 -0.583507 0.168554

Fourier series term #2
 -1.79113e-05 -0.00119376 -0.000323841 6.61597e-05
 8.29115e-07 2.89746e-05 -3.01017e-06 1.0213e-06
 1.18091e-06 -8.28513e-07 -5.17655e-05 1.14366e-05
 2.25827e-06 2.50968e-06 -0.000111448 2.43689e-05
 3.50503e-06 -2.97595e-05 -0.000223634 5.09983e-05
 5.35049e-06 -8.88268e-05 -0.000385736 9.48466e-05
 7.58548e-06 -0.000253402 -0.000574443 0.000158544
 1.17998e-05 -0.000465809 -0.000662645 0.000210929
 1.42003e-05 -0.000651598 -0.000613676 0.000216671
 1.63435e-05 -0.000900544 -0.000452445 0.000188923
 1.67794e-05 -0.00113898 -0.000161571 0.000110525
 9.8813e-06 -0.00123065 0.000178461 -6.06172e-06
 1.86549e-05 0.00013873 -0.000580738 0.00013123
 5.29168e-05 3.49965e-05 -0.00241848 0.000526504
 8.90037e-05 -0.000469043 -0.00510585 0.0011326
 0.000138737 -0.00175903 -0.00945295 0.00221139
 0.000203855 -0.00498679 -0.0153369 0.0039017
 0.000274428 -0.0110789 -0.0214276 0.00616058
 0.00038304 -0.0217015 -0.0231752 0.00785045
 0.000461064 -0.0285583 -0.0203251 0.00775616
 0.00054629 -0.0357424 -0.0138134 0.00642781
 0.000571774 -0.0419584 -0.00358859 0.00351712
 0.000333724 -0.0445062 0.00799939 -0.000542854
 0.000148518 -0.000712807 -0.00863248 0.00190818
 0.00024885 -0.00267099 -0.0164524 0.00377739
 0.000366823 -0.00868511 -0.0279254 0.00686418
 0.000517179 -0.0197359 -0.0411686 0.0111083
 0.000707684 -0.0392845 -0.05125 0.0157156
 0.00101712 -0.0672158 -0.0482853 0.0178785
 0.00124189 -0.0831609 -0.0379388 0.0164323
 0.00147424 -0.0988985 -0.0199742 0.0121979
 0.00154742 -0.11185 0.00513388 0.00464286
 0.000959232 -0.116151 0.0316384 -0.00498285
 0.00038797 -0.00843289 -0.0293916 0.00712059
 0.000568592 -0.0198027 -0.0459528 0.0120196
 0.000754606 -0.0412375 -0.0628128 0.018274
 0.00102094 -0.0729478 -0.0716047 0.0240279
 0.00147614 -0.114209 -0.0600496 0.0253131
 0.00180268 -0.136489 -0.042123 0.0221928
 0.00214215 -0.157873 -0.0141699 0.0151304
 0.0022212 -0.174808 0.0225556 0.00363132
 0.00134354 -0.179621 0.0601865 -0.0105259
 0.000667649 -0.0402539 -0.0679945 0.0195022
 0.000867385 -0.0727096 -0.0852783 0.0273541
 0.00118503 -0.118052 -0.0888335 0.0333816
 0.00178933 -0.171208 -0.0651563 0.0324621
 0.0022125 -0.198959 -0.0385459 0.0270379
 0.00259402 -0.225035 -0.000518922 0.0168211
 0.00258003 -0.245133 0.0471883 0.00131223
 0.00120913 -0.249133 0.0939959 -0.0169095
 0.00115618 -0.119364 -0.0971337 0.0353976
 0.00164224 -0.176663 -0.089519 0.0396281
 0.00246474 -0.24201 -0.0497735 0.0347073
 0.00298101 -0.274675 -0.0135822 0.0262783
 0.0034006 -0.304914 0.0348281 0.0123706
 0.00322647 -0.327621 0.0928447 -0.00731819
 0.0012866 -0.330719 0.14771 -0.0295028
 0.00232235 -0.246329 -0.0666975 0.0402465
 0.00336381 -0.320928 -0.00915514 0.0297456
 0.0039157 -0.358684 0.036632 0.0178658
 0.00424398 -0.392784 0.0945353 0.000104144
 0.00374118 -0.417227 0.160819 -0.0234504
 0.000994074 -0.417959 0.220281 -0.0486529
 0.00448285 -0.405939 0.0670087 0.0123651
 0.00492124 -0.446369 0.120966 -0.00318867
 0.00492164 -0.482824 0.185871 -0.0244825
 0.00374149 -0.507844 0.256579 -0.0509008
 -0.000217656 -0.503926 0.314517 -0.0770671
 0.00511604 -0.488967 0.178143 -0.0203614
 0.00477954 -0.524903 0.244365 -0.0428739
 0.00304593 -0.547708 0.313747 -0.069617
 -0.00174062 -0.539887 0.367016 -0.0947987
 0.00391475 -0.561022 0.310609 -0.0660419
 0.00142941 -0.579743 0.375389 -0.091939
 -0.00435647 -0.565062 0.419207 -0.114324
 -0.00207842 -0.594065 0.432315 -0.1155
 -0.00899874 -0.570097 0.461358 -0.132826
 -0.0169585 -0.537671 0.472954 -0.143539

Fourier series term #3
 -2.00174e-06 -0.000134659 -3.60935e-05 7.34891e-06
 7.00287e-07 4.71944e-05 1.35235e-05 -2.92032e-06
 -4.28209e-07 -2.78171e-05 -7.04364e-06 1.73444e-06
 4.46557e-08 4.3813e-06 3.57951e-06 -7.67836e-07
 3.34511e-07 2.56292e-05 1.14023e-05 -2.99329e-06
 -5.18104e-07 -3.11877e-05 -2.89951e-06 1.54095e-06
 1.45759e-07 1.97981e-05 7.95222e-06 -2.69702e-06
 4.2774e-07 4.33571e-05 2.62113e-06 -2.58023e-06
 -6.27581e-08 -4.05842e-06 -4.86355e-06 1.72492e-06
 -2.33e-07 -4.00995e-05 -4.28271e-06 3.43713e-06
 1.85196e-07 -2.33445e-05 -6.70276e-06 3.51795e-06
 1.2177e-06 2.64432e-05 -2.38266e-05 6.99436e-06
 1.92735e-07 5.77527e-05 7.83232e-05 -1.43103e-05
 -2.87363e-06 3.28864e-05 0.000279159 -5.23574e-05
 -3.94516e-06 0.000192335 0.000592317 -0.000121074
 -2.74043e-06 0.000622519 0.00101493 -0.000233561
 -2.27848e-06 0.000943088 0.00124852 -0.000326507
 6.47524e-06 0.00189752 0.000944247 -0.000313347
 3.05448e-05 0.00297532 -0.000384036 -1.9105e-05
 4.92616e-05 0.00311145 -0.00146295 0.000300757
 7.81387e-05 0.00274601 -0.00255541 0.000689154
 0.00012545 0.00174197 -0.0032354 0.00101387
 0.000191319 8.15751e-05 -0.00298214 0.001062
 -4.73795e-06 0.000651221 0.00133396 -0.000277181
 -3.75902e-06 0.00172706 0.00253278 -0.000573312
 -8.7568e-06 0.00262175 0.00351517 -0.000864319
 1.43806e-05 0.00543915 0.00377652 -0.0011036
 6.10541e-05 0.00868464 0.00158499 -0.000768977
 0.000150499 0.0106359 -0.00386246 0.000643158
 0.000226248 0.0102565 -0.00731962 0.0017644
 0.000344822 0.00830244 -0.0102819 0.00292911
 0.000523518 0.0044194 -0.0115297 0.00372751
 0.000761434 -0.00137383 -0.00961843 0.00352619
 -1.0999e-05 0.00317524 0.00415878 -0.00100424
 1.57687e-05 0.00689609 0.00551865 -0.00153118
 6.21143e-05 0.0112306 0.00446191 -0.00157294
 0.000160767 0.0162255 -0.000613784 -0.000563739
 0.000327401 0.0176376 -0.00996224 0.00212915
 0.000468493 0.0157361 -0.0149543 0.00393466
 0.000672966 0.0115615 -0.0186961 0.00565053
 0.0009861 0.00475068 -0.0192698 0.00655502
 0.00137575 -0.00452315 -0.0149649 0.00581993
 8.62223e-05 0.0121901 0.00600233 -0.002009
 0.000194879 0.0193595 0.00247122 -0.00155951
 0.00035097 0.024021 -0.00666722 0.000701816
 0.000619926 0.0235371 -0.0195712 0.00486761
 0.000832995 0.0197948 -0.0255488 0.00731947
 0.00115176 0.0130091 -0.0290765 0.00934728
 0.00159442 0.00310665 -0.0281302 0.0101168
 0.00211152 -0.0094041 -0.0208382 0.00862385
 0.000358635 0.0264976 -0.00505676 9.33825e-05
 0.000618165 0.0304973 -0.0177238 0.00371695
 0.00104288 0.0258019 -0.032097 0.009079
 0.00138566 0.0197781 -0.0373633 0.0117053
 0.00185281 0.0105669 -0.0391126 0.0135125
 0.00247316 -0.00211344 -0.0351054 0.0135407
 0.00313234 -0.01733 -0.0238105 0.0108063
 0.0010055 0.0305908 -0.032189 0.00865648
 0.00167829 0.0229457 -0.0449105 0.014263
 0.002187 0.0141996 -0.0476725 0.0164821
 0.00284682 0.00268381 -0.0459725 0.0174211
 0.00364347 -0.0116759 -0.0378843 0.0161341
 0.00441241 -0.0278506 -0.0225259 0.0118699
 0.00267162 0.0106779 -0.0522396 0.0188968
 0.00338457 0.00162779 -0.0513209 0.019958
 0.00424136 -0.0106603 -0.0452576 0.0193814
 0.00517967 -0.0257712 -0.0325628 0.0163116
 0.0059593 -0.0410145 -0.0138677 0.0104403
 0.00422065 -0.00914576 -0.0474512 0.0200811
 0.00514913 -0.0205255 -0.0394365 0.0186069
 0.00610805 -0.0341985 -0.0252795 0.0146943
 0.00681113 -0.0480568 -0.00581668 0.00822325
 0.00613134 -0.0325835 -0.0287377 0.0160276
 0.00704695 -0.0438429 -0.0140286 0.0114812
 0.00760704 -0.0543 0.00438587 0.00490322
 0.0078098 -0.0538188 0.00126693 0.006374
 0.00814132 -0.0596028 0.0167981 0.000306952
 0.00813838 -0.061848 0.029254 -0.00503834

Fourier series term #4
 3.98019e-08 3.15046e-06 7.92111e-07 -1.3984e-07
 2.77785e-07 1.74651e-05 5.03105e-06 -1.117e-06
 -1.32206e-07 -8.78616e-06 -2.52078e-06 5.89895e-07
 2.66607e-07 1.73407e-05 5.19343e-06 -1.35042e-06
 -1.70191e-07 -1.20011e-05 -3.42768e-06 9.82243e-07
 -5.42447e-08 -6.44637e-06 -1.35598e-06 4.49069e-07
 3.5846e-07 2.45277e-05 5.08754e-06 -2.1652e-06
 -2.46891e-07 -2.38992e-05 -1.32729e-06 1.39392e-06
 -2.59615e-07 -3.07506e-05 8.04148e-07 1.1861e-06
 4.27942e-08 -3.88167e-06 7.56914e-07 -3.56817e-08
 3.94951e-07 3.06936e-05 -7.23512e-06 8.25804e-07
 6.0806e-07 3.37274e-05 -1.23937e-05 2.59398e-06
 -4.1831e-06 -0.000287723 -7.81283e-05 1.83696e-05
 1.32995e-06 8.77729e-05 1.87958e-05 -5.40487e-06
 -2.32476e-06 -0.000161807 -4.90126e-05 1.31119e-05
 3.68974e-07 4.9048e-05 3.71764e-05 -9.78021e-06
 -2.28293e-06 -4.56541e-05 9.43961e-05 -2.0874e-05
 -7.20858e-06 -0.000199174 0.000240228 -5.61414e-05
 -1.17973e-05 -3.52831e-05 0.000470719 -0.000136387
 -1.44495e-05 0.000165177 0.000522221 -0.000169473
 -1.72958e-05 0.000419148 0.000457899 -0.000170836
 -1.89789e-05 0.00066084 0.000251614 -0.000120777
 -1.44438e-05 0.000777916 -2.96319e-05 -2.79626e-05
 -7.96273e-07 -5.57618e-05 -2.19587e-05 4.63078e-06
 3.84864e-06 0.000342023 0.000150481 -4.29569e-05
 -9.71641e-06 -0.000384754 0.000235422 -4.44271e-05
 -2.16235e-05 -0.000483939 0.000843497 -0.000194929
 -4.33656e-05 -0.000385446 0.00183528 -0.000484206
 -7.28313e-05 0.000696751 0.0026953 -0.000840635
 -9.0675e-05 0.00175266 0.00266007 -0.000928007
 -0.00010952 0.0029797 0.00204618 -0.000839227
 -0.000120414 0.00406518 0.000821085 -0.000509685
 -9.63328e-05 0.00453267 -0.000637071 -1.00006e-05
 -7.67848e-06 -0.000248968 0.00028511 -6.01327e-05
 -2.10905e-05 -0.000290048 0.00103389 -0.000244068
 -5.70893e-05 -0.000942997 0.00235612 -0.000581041
 -9.68477e-05 0.000269821 0.0043343 -0.00124825
 -0.000155849 0.0030696 0.00540233 -0.0018591
 -0.000193943 0.00500791 0.00489007 -0.00190308
 -0.000233059 0.00715674 0.00332881 -0.00159877
 -0.000254726 0.00898617 0.000777701 -0.000868574
 -0.000210087 0.00961429 -0.0020119 0.000131395
 -5.70088e-05 -0.000995191 0.00258585 -0.000635285
 -9.86831e-05 0.000121874 0.00532199 -0.0014906
 -0.000168958 0.00235981 0.00804858 -0.0025537
 -0.000261987 0.00771188 0.00863807 -0.00332509
 -0.000325327 0.0108006 0.00719534 -0.00320773
 -0.000389069 0.0137581 0.00429456 -0.00254347
 -0.000421654 0.015972 0.000170111 -0.00128046
 -0.000343726 0.0163738 -0.00399846 0.000292342
 -0.000175349 0.00221954 0.00889215 -0.00275729
 -0.000274878 0.00796453 0.011573 -0.0041792
 -0.00043558 0.015046 0.0104793 -0.00469227
 -0.00053525 0.0191972 0.00766293 -0.00423597
 -0.000634176 0.0229266 0.00314463 -0.00307339
 -0.000681927 0.0253952 -0.00262001 -0.00119537
 -0.000572042 0.0252726 -0.00802167 0.000967111
 -0.000444885 0.0153434 0.0127706 -0.0054195
 -0.000687113 0.0253959 0.00907657 -0.00538702
 -0.000834833 0.0295855 0.00488131 -0.00445385
 -0.000971507 0.0333599 -0.00100073 -0.00275889
 -0.00103559 0.0357321 -0.00795914 -0.000344086
 -0.00089315 0.0349665 -0.0140458 0.00225295
 -0.00103862 0.0353112 0.00286376 -0.00444243
 -0.00123018 0.0406817 -0.00271767 -0.00303754
 -0.00139917 0.0444148 -0.00946984 -0.000906806
 -0.00146991 0.0455852 -0.0164444 0.00175775
 -0.00129222 0.0435662 -0.0219924 0.00439171
 -0.00142756 0.0444735 -0.00798774 -0.00154575
 -0.00160228 0.0485463 -0.0149731 0.000712209
 -0.00166287 0.0498535 -0.0218759 0.0034051
 -0.00146173 0.0468397 -0.0264704 0.00581639
 -0.00176367 0.0506781 -0.0207932 0.00277661
 -0.00180489 0.0521493 -0.0273398 0.00537506
 -0.0015672 0.0490547 -0.0311593 0.00752038
 -0.00183016 0.0513854 -0.0316266 0.00733038
 -0.00155406 0.048331 -0.0343752 0.00903477
 -0.00127805 0.0431038 -0.0337817 0.00946806

Fourier series term #5
 5.6402e-08 3.53336e-06 9.52266e-07 -1.83667e-07
 -7.18083e-08 -4.62817e-06 -1.35871e-06 2.90795e-07
 9.30237e-08 6.53851e-06 1.89082e-06 -4.35357e-07
 -7.8087e-09 -2.12719e-07 -1.68046e-07 5.1168e-08
 -1.0647e-07 -7.11728e-06 -2.0705e-06 6.03146e-07
 1.31895e-07 9.98921e-06 2.48596e-06 -8.31959e-07
 -3.804e-08 -3.5923e-06 -4.72919e-07 2.0498e-07
 -8.75191e-08 -9.2865e-06 -6.65416e-07 5.65729e-07
 7.38215e-08 5.72929e-06 -1.84717e-07 -2.13539e-07
 1.77933e-07 1.64325e-05 -1.9004e-06 -2.24917e-07
 1.01905e-07 1.0106e-05 -2.22253e-06 1.84836e-07
 -1.16022e-07 -7.46045e-06 2.95484e-06 -6.41666e-07
 -1.05116e-05 -0.00071402 -0.000196197 4.58469e-05
 3.39054e-06 0.000229804 6.45576e-05 -1.65674e-05
 -1.59534e-06 -0.000112754 -3.45879e-05 9.49785e-06
 8.37905e-09 -7.05091e-06 -1.11484e-05 2.58695e-06
 1.16261e-06 6.2849e-05 -3.04668e-06 -1.22408e-06
 3.44294e-07 -2.52961e-05 -3.36741e-05 9.91531e-06
 1.52509e-07 -6.68048e-05 -2.61652e-05 1.08789e-05
 -2.64919e-07 -8.97498e-05 -1.19991e-06 4.97179e-06
 -1.0011e-06 -9.61624e-05 3.56279e-05 -6.37739e-06
 -2.18581e-06 -6.4821e-05 6.46285e-05 -1.84517e-05
 -3.64334e-06 2.03002e-06 5.96846e-05 -2.13587e-05
 -7.49107e-07 -6.31884e-05 -2.66297e-05 6.81759e-06
 6.15109e-06 0.000410364 6.63221e-05 -2.53038e-05
 2.29667e-07 -0.000100089 -0.000118981 3.03985e-05
 4.37198e-06 6.25005e-05 -0.000166959 3.96686e-05
 4.07483e-06 -0.000161106 -0.000233026 7.05609e-05
 -9.28378e-07 -0.00065898 -6.74081e-05 5.37796e-05
 -4.36926e-06 -0.000750976 0.000153035 -6.80043e-06
 -1.01526e-05 -0.000654409 0.00039267 -9.10999e-05
 -2.00484e-05 -0.000371263 0.000534995 -0.000161612
 -3.31845e-05 7.47167e-05 0.000447871 -0.000162969
 1.97358e-06 7.8732e-06 -0.000113633 2.54101e-05
 1.03731e-05 0.000437605 -0.000174884 2.74106e-05
 6.08515e-06 -0.000308495 -0.000477188 0.000137867
 4.49325e-06 -0.000794435 -0.000440956 0.000164697
 -5.23656e-06 -0.00142226 0.000143682 3.83694e-05
 -1.53242e-05 -0.00156291 0.000637198 -0.00010901
 -3.04548e-05 -0.00132871 0.00110914 -0.000288826
 -5.43308e-05 -0.00064442 0.00129207 -0.000412717
 -8.22435e-05 0.000404266 0.00094227 -0.000369143
 7.32498e-06 -0.000217325 -0.000573321 0.000158765
 1.0026e-05 -0.000515489 -0.000722511 0.000227515
 -4.22867e-06 -0.00204516 -0.000415875 0.000242502
 -2.33043e-05 -0.00252182 0.000867873 -0.000112011
 -4.08568e-05 -0.0022989 0.00165736 -0.000394893
 -6.94713e-05 -0.00163181 0.00225182 -0.000667624
 -0.000109848 -0.000420681 0.0023108 -0.0008076
 -0.000150333 0.00131049 0.00149735 -0.000656544
 -1.92529e-06 -0.00216986 -0.000661133 0.000318104
 -1.61732e-05 -0.00289112 0.00043188 5.47895e-05
 -5.70794e-05 -0.00351229 0.00235378 -0.000532447
 -8.85534e-05 -0.00265699 0.00321953 -0.000916682
 -0.000133227 -0.00108149 0.00356379 -0.00120172
 -0.000192435 0.00108203 0.00301568 -0.00121976
 -0.000240124 0.00359695 0.00135222 -0.000817699
 -5.19888e-05 -0.00420168 0.00221948 -0.000429697
 -0.000110511 -0.00246924 0.0041144 -0.00125011
 -0.000162711 -0.00134043 0.00466996 -0.00158941
 -0.000228173 0.000882955 0.00436223 -0.00172652
 -0.000298269 0.0040439 0.00274852 -0.00144595
 -0.000329443 0.00744795 -0.000159368 -0.000631581
 -0.000208005 -0.00044744 0.00527138 -0.00192859
 -0.000273607 0.00271231 0.00453855 -0.00200504
 -0.000347316 0.0060441 0.00283627 -0.00173139
 -0.000404911 0.0092967 8.59123e-05 -0.00100529
 -0.000378052 0.0127639 -0.003872 0.000260196
 -0.000346225 0.00491831 0.00358965 -0.00191646
 -0.000410421 0.0091929 0.000880989 -0.0013351
 -0.000438692 0.0132166 -0.00287739 -0.000261995
 -0.000353893 0.0161461 -0.00700601 0.0011615
 -0.000456677 0.0121594 -0.00179474 -0.000614228
 -0.000434519 0.0167702 -0.00645163 0.000794116
 -0.000257236 0.0199118 -0.0111115 0.00245296
 -0.000344391 0.0194387 -0.0102737 0.00210605
 -4.8367e-05 0.0225738 -0.0151448 0.00389053
 0.000387117 0.0227565 -0.0173147 0.00480408


