**************************************************************
***  MERIS LUT-169: Fourier series terms (s0,..,s5)[TERM]] ***
***                 of polynomial coefficients (k0,..,k3)  ***
***                 for each of 81 aerosol models [IAER],  ***
***                 & for each of 78 geometries [SVZA]     ***
***  - - - - - - - - - - - - - - - - - - - - - - - - - - - ***
***  => useful for multiplicative aer.scat.fct. retrieval  ***
**************************************************************

12 Gaussian angles (deg): SZA/VZA
------------------------         

 2.84 17.64 28.77 36.19 43.61 51.03 58.46 65.88 69.59 73.30 77.01 80.72

Coefficients: [SVZA x (k0,k1,k2,k3)]
------------                        

 Aerosol model #80
 - - - - - - -  

Fourier series term #0
 1.00169 0.592103 0.158334 -0.0194972
 1.00344 0.796967 0.292785 -0.0349745
 1.00685 1.00029 0.51451 -0.063696
 1.01755 1.76633 1.21941 -0.165192
 1.02973 2.38716 1.92296 -0.303697
 1.03922 2.85832 2.39921 -0.462517
 1.04144 3.25008 2.51564 -0.611856
 1.03105 3.94558 2.29997 -0.737488
 1.01444 4.27201 1.78767 -0.6931
 0.991273 4.51794 0.908956 -0.508764
 0.969921 4.77543 -0.285279 -0.166929
 0.975481 5.08746 -1.6893 0.322663
 1.00681 1.01508 0.507722 -0.0585461
 1.01528 1.51837 1.01796 -0.128643
 1.02235 1.84771 1.3796 -0.200169
 1.0294 2.21498 1.7408 -0.301541
 1.0375 2.80696 2.19504 -0.463941
 1.03925 3.30107 2.37238 -0.621454
 1.02706 3.81695 2.08294 -0.707243
 1.01179 4.19345 1.651 -0.676382
 0.989306 4.6693 0.894651 -0.53212
 0.965663 5.22089 -0.288039 -0.20557
 0.970553 5.62696 -1.79508 0.319612
 1.02247 1.81439 1.35778 -0.199474
 1.02809 2.10011 1.60349 -0.272659
 1.03271 2.40576 1.81415 -0.364537
 1.03425 2.67979 1.9161 -0.461007
 1.0335 3.22336 2.03341 -0.599017
 1.02073 3.96381 1.85948 -0.705157
 1.00455 4.38536 1.47594 -0.679009
 0.981021 4.87299 0.759867 -0.53652
 0.95653 5.41409 -0.394419 -0.209027
 0.960182 5.83862 -1.8854 0.316732
 1.03211 2.31716 1.74029 -0.33768
 1.03394 2.54761 1.83154 -0.413707
 1.03415 2.82803 1.86334 -0.499065
 1.03085 3.27343 1.83632 -0.59824
 1.0157 3.95802 1.57764 -0.667652
 0.99902 4.44968 1.23022 -0.646724
 0.975511 4.93696 0.545831 -0.504193
 0.951176 5.52723 -0.566688 -0.185096
 0.953329 6.10216 -2.04098 0.331781
 1.0341 2.74093 1.83055 -0.474567
 1.0323 3.05772 1.80968 -0.549242
 1.02575 3.47225 1.69224 -0.62049
 1.00715 4.00137 1.28229 -0.627136
 0.989844 4.43545 0.865856 -0.571964
 0.965445 4.98514 0.190383 -0.423872
 0.939491 5.64863 -0.875324 -0.114007
 0.93951 6.30429 -2.33002 0.39821
 1.02884 3.31337 1.70922 -0.600026
 1.01952 3.70937 1.50527 -0.641143
 0.998847 4.21907 1.01309 -0.609026
 0.981236 4.57949 0.557588 -0.526801
 0.958716 5.06205 -0.15593 -0.350239
 0.937096 5.63904 -1.20331 -0.0288352
 0.941953 6.25643 -2.58203 0.466235
 1.00721 4.00166 1.19117 -0.632468
 0.984209 4.55456 0.585728 -0.549289
 0.96508 4.98846 0.107825 -0.453186
 0.944449 5.37569 -0.673714 -0.230924
 0.926113 5.96049 -1.74363 0.11268
 0.940541 6.42875 -3.05418 0.606606
 0.95887 5.15075 -0.0787729 -0.425182
 0.941857 5.529 -0.690646 -0.262513
 0.927069 5.79641 -1.48847 -0.00301362
 0.912942 6.47314 -2.57663 0.355632
 0.937535 7.02361 -3.89436 0.859264
 0.929293 5.70923 -1.27976 -0.0783922
 0.914315 6.13339 -2.06503 0.172015
 0.905096 6.8521 -3.19391 0.551509
 0.942592 7.18103 -4.37066 1.02955
 0.901588 6.67128 -2.8892 0.435495
 0.905327 7.13122 -3.90489 0.807732
 0.957045 7.2786 -4.89865 1.23698
 0.924714 7.30374 -4.69667 1.12824
 0.994372 7.38068 -5.53544 1.50499
 1.08274 7.12807 -5.95419 1.73928

Fourier series term #1
 -0.000261766 -0.0626881 -0.0258186 0.00297707
 -9.79017e-05 0.00350661 -0.00387323 -0.000141148
 -0.00158659 -0.151314 -0.114285 0.0128532
 -0.00188045 -0.0976651 -0.111191 0.0129868
 -0.0017944 -0.066525 -0.0840737 0.0118857
 -0.00146524 -0.0580373 -0.0518822 0.0106139
 -0.000446539 -0.0230205 0.0115577 0.000497298
 0.000420121 0.00716792 0.0685144 -0.0139761
 0.000481395 0.0172347 0.0821163 -0.0198239
 0.000104311 0.0428397 0.0841843 -0.0243378
 -0.000708815 0.0563114 0.0645836 -0.0214025
 -0.00124393 0.0151741 0.0512762 -0.0163304
 -0.00301318 -0.216331 -0.197044 0.0181209
 -0.00758964 -0.428622 -0.444533 0.0491365
 -0.0100863 -0.503327 -0.532503 0.0708894
 -0.0106076 -0.482121 -0.4878 0.0810829
 -0.00874695 -0.341054 -0.269527 0.0606719
 -0.00421518 -0.162592 0.0555483 0.00399117
 -0.000122337 -0.00417019 0.335054 -0.071046
 -9.5702e-05 0.0107969 0.405889 -0.0986219
 -0.00175644 0.0448129 0.449713 -0.124209
 -0.00626838 0.135908 0.436686 -0.137571
 -0.0135479 0.285511 0.30905 -0.112415
 -0.0113321 -0.550693 -0.580578 0.0785057
 -0.0132332 -0.593236 -0.596156 0.0963184
 -0.0136899 -0.618287 -0.533156 0.107354
 -0.0113766 -0.530055 -0.324167 0.0873976
 -0.00810408 -0.386369 -0.0101576 0.0305922
 -0.00403899 -0.195395 0.375877 -0.0738912
 -0.00382351 -0.0671254 0.544761 -0.136967
 -0.0069688 0.0859633 0.64484 -0.190776
 -0.0148303 0.258514 0.621093 -0.210469
 -0.0266513 0.467898 0.430707 -0.170124
 -0.0145913 -0.654231 -0.574977 0.110636
 -0.0136181 -0.610663 -0.439501 0.104168
 -0.012452 -0.601415 -0.267778 0.0882105
 -0.0100893 -0.562181 -0.0212605 0.0446052
 -0.0062731 -0.348521 0.352589 -0.0633167
 -0.00649444 -0.137529 0.564938 -0.145687
 -0.0105913 0.0747369 0.680047 -0.210032
 -0.0200312 0.282117 0.660856 -0.234819
 -0.035644 0.624412 0.444486 -0.194208
 -0.0136273 -0.664021 -0.342962 0.102716
 -0.0124669 -0.643374 -0.158623 0.0757811
 -0.0103614 -0.610266 0.0680827 0.0279679
 -0.00746426 -0.445145 0.373207 -0.0675165
 -0.00831413 -0.317951 0.531073 -0.131043
 -0.013668 -0.0353517 0.643565 -0.200102
 -0.0260947 0.341238 0.607646 -0.231134
 -0.0450015 0.791175 0.336228 -0.177407
 -0.0117967 -0.661959 -0.0090046 0.0487214
 -0.010224 -0.581898 0.211617 -0.0109775
 -0.00862337 -0.395101 0.45318 -0.100839
 -0.0101477 -0.268296 0.557571 -0.151855
 -0.015407 -0.0953435 0.618979 -0.197948
 -0.0269833 0.21986 0.564459 -0.217957
 -0.0454349 0.718999 0.26508 -0.157526
 -0.00951881 -0.488956 0.375595 -0.0679996
 -0.0100897 -0.308376 0.530016 -0.140706
 -0.0134644 -0.110797 0.58855 -0.185703
 -0.0191713 0.0284576 0.561405 -0.19944
 -0.0315048 0.317371 0.461892 -0.199759
 -0.0456189 0.638443 0.182536 -0.129258
 -0.0138432 -0.0521442 0.581414 -0.193431
 -0.0178459 0.0508251 0.551998 -0.20148
 -0.0241283 0.187073 0.470073 -0.193777
 -0.0360544 0.533456 0.260957 -0.15588
 -0.0486773 0.917684 -0.094067 -0.0568315
 -0.0220995 0.145847 0.493374 -0.197412
 -0.0294875 0.354045 0.35939 -0.175372
 -0.0404174 0.628735 0.141866 -0.124803
 -0.0509305 1.03803 -0.260754 -0.00649591
 -0.0369165 0.515613 0.217556 -0.143454
 -0.0469894 0.799622 -0.0466323 -0.0724881
 -0.0522632 1.12453 -0.436754 0.0532665
 -0.0525744 1.01122 -0.317927 0.0131562
 -0.0514086 1.18816 -0.623712 0.123916
 -0.042439 1.24865 -0.837518 0.211405

Fourier series term #2
 -2.62742e-05 -0.010298 -0.00264764 0.000347463
 -2.08676e-05 -0.00322646 -0.00157799 0.000176281
 0.000215781 0.0192333 0.0160383 -0.00176616
 -0.000372197 -0.0311715 -0.0243778 0.00327952
 0.000136541 0.0214609 0.0162924 -0.00278902
 -3.09668e-06 0.0164949 0.0115883 -0.00254972
 -0.00140293 -0.073007 -0.0643347 0.0151862
 2.01788e-05 0.0649108 0.0416246 -0.0132226
 -0.00029785 0.0784613 0.0356032 -0.0136738
 -0.000638801 0.00119025 -0.00230022 0.000530397
 -0.000224512 -0.0675542 -0.000665689 0.00390019
 -0.000461762 -0.061825 0.0180022 -0.00304704
 0.00105768 0.0835548 0.0701372 -0.0069089
 0.00115515 0.0466174 0.0498111 -0.00568435
 -0.000235263 -0.066972 -0.0668652 0.00849652
 -0.00241389 -0.181258 -0.213116 0.0320657
 -0.00237317 -0.092325 -0.190895 0.030722
 -0.00248152 -0.0797436 -0.174508 0.0351179
 -0.00140074 -0.0730303 -0.118781 0.0312664
 -0.000418942 -0.033673 -0.0742819 0.0207908
 0.000211469 0.0137944 -0.0348577 0.00885779
 0.000190699 0.0608814 -0.0108833 -0.000201287
 -0.000129191 0.0853833 -0.00842299 -0.0015578
 -0.000168512 -0.0675639 -0.0800286 0.00937909
 -0.00141735 -0.115689 -0.185255 0.0241069
 -0.00317794 -0.184355 -0.318691 0.0499198
 -0.00562244 -0.30599 -0.473884 0.0928871
 -0.00488538 -0.234136 -0.441763 0.101186
 -0.00227953 -0.110308 -0.29926 0.0795839
 -0.000801269 -0.0804566 -0.218413 0.0638839
 0.000631513 -0.0649892 -0.133724 0.0437532
 0.00169498 -0.0594105 -0.0547287 0.0211692
 0.00145768 -0.0485935 0.00883479 -0.000937982
 -0.00286695 -0.187681 -0.31915 0.0480479
 -0.00558238 -0.305233 -0.494931 0.089601
 -0.00547683 -0.296175 -0.552081 0.115511
 -0.00478485 -0.314228 -0.590396 0.146713
 -0.00225168 -0.308934 -0.508069 0.152473
 0.000195838 -0.24153 -0.384787 0.125834
 0.00288451 -0.209054 -0.263268 0.09571
 0.00495653 -0.190302 -0.123399 0.0536577
 0.00397236 -0.132505 -0.00159451 0.00773535
 -0.00573249 -0.313853 -0.576669 0.117091
 -0.00525256 -0.305132 -0.642356 0.147827
 -0.00446072 -0.413457 -0.713971 0.195805
 -7.44472e-05 -0.502845 -0.664059 0.219591
 0.00396023 -0.522838 -0.559231 0.205821
 0.00830975 -0.497807 -0.390035 0.1632
 0.0115112 -0.455357 -0.179106 0.0956002
 0.0100437 -0.35519 0.00651539 0.0216005
 -0.0052111 -0.413553 -0.753539 0.199631
 -0.00296936 -0.497736 -0.798846 0.243997
 0.00304552 -0.634045 -0.737276 0.268982
 0.00855433 -0.734119 -0.630782 0.260102
 0.0155909 -0.81397 -0.448494 0.220258
 0.0222167 -0.860612 -0.184508 0.139194
 0.0215662 -0.765315 0.0756742 0.0341256
 0.00131937 -0.669274 -0.838991 0.294252
 0.00985923 -0.793869 -0.719356 0.299257
 0.0174161 -0.944653 -0.612112 0.292053
 0.0260181 -1.04755 -0.388716 0.236681
 0.0343609 -1.13068 -0.0939382 0.14319
 0.0386479 -1.27885 0.281656 0.0104567
 0.023078 -1.12348 -0.599987 0.31473
 0.0315222 -1.21875 -0.428342 0.276642
 0.039052 -1.21167 -0.197142 0.201082
 0.0512649 -1.48141 0.151996 0.0988028
 0.0541344 -1.65505 0.583156 -0.0598231
 0.0384463 -1.24911 -0.252615 0.226156
 0.0488826 -1.42401 -0.00354742 0.157534
 0.0615635 -1.75906 0.401222 0.0364259
 0.0599875 -1.72046 0.721537 -0.103758
 0.0616682 -1.76208 0.320765 0.0726181
 0.0691961 -1.88786 0.649549 -0.0451753
 0.0636247 -1.85241 0.95365 -0.182227
 0.0716244 -1.97858 0.951229 -0.160135
 0.0613426 -1.99578 1.2527 -0.293164
 0.0450623 -2.01957 1.50271 -0.404643

Fourier series term #3
 1.58077e-05 0.00485282 0.00148438 -0.000179475
 3.01843e-05 0.00606538 0.00266476 -0.000317781
 4.71328e-06 0.0017968 0.00051297 -9.0842e-05
 4.53493e-05 0.00346682 0.00296282 -0.000376444
 0.00049972 0.0381219 0.032879 -0.00517044
 -0.00103029 -0.0697678 -0.0627218 0.0120221
 0.000315374 0.0257316 0.0217726 -0.00529881
 0.000512994 0.0673164 0.0429831 -0.0135705
 -0.0002204 -0.0402252 -0.0194604 0.00727581
 0.000112111 -0.107701 -0.0275894 0.0139352
 0.00026906 -0.0633956 0.00152895 0.00288469
 -0.000578599 0.0457689 -0.0115168 0.00145506
 -0.000366297 -0.0408969 -0.0270344 0.00305668
 0.000790494 0.0785667 0.0638513 -0.007861
 0.000769945 0.0426655 0.0528344 -0.00640189
 0.000168229 -0.0392973 -0.0102805 0.00345987
 -0.000524037 -0.0421656 -0.0414607 0.00825794
 -0.00035825 -0.00059509 -0.0214514 0.00325642
 -0.000659271 -0.0122343 -0.035881 0.00813401
 -0.000771336 -0.0624333 -0.0525757 0.016566
 -0.000383993 -0.0803952 -0.0361948 0.0144201
 -0.000376442 -0.0396083 -0.00567839 0.00326478
 -0.0012197 0.0427598 -0.0110362 0.000712005
 0.00149638 0.0787958 0.098091 -0.0120672
 0.00151172 0.0608221 0.0881848 -0.012099
 0.000697663 -0.0109751 0.0189731 -0.0016546
 -1.43598e-05 -0.0628647 -0.0661867 0.0138133
 -0.00172904 -0.126376 -0.160882 0.0386384
 -0.00175602 -0.108092 -0.148977 0.0413337
 -0.00120088 -0.0699667 -0.11924 0.0343585
 -0.000712403 -0.0298314 -0.09072 0.0262424
 -0.000293383 -0.00989973 -0.0698549 0.0204926
 2.80584e-05 -0.00307562 -0.0496713 0.0147214
 0.00115994 0.0142382 0.0548183 -0.00730161
 0.00163763 0.0493816 0.0498597 -0.0105861
 -0.000875786 -0.108762 -0.117503 0.0266124
 -0.0021731 -0.210951 -0.236698 0.0624848
 -0.00149369 -0.141035 -0.240438 0.0686527
 -0.000826386 -0.104362 -0.223737 0.066934
 0.000255569 -0.122635 -0.186983 0.0623361
 0.000768774 -0.0433207 -0.131481 0.0428197
 0.0014711 0.0147286 -0.113671 0.0352263
 0.000440716 -0.0514784 -0.0518765 0.0108383
 -0.00149969 -0.151813 -0.172209 0.0424237
 -0.0011905 -0.147809 -0.24715 0.0649225
 -0.000471692 -0.249676 -0.33431 0.105679
 0.00132111 -0.259894 -0.335492 0.114416
 0.00347065 -0.235572 -0.290835 0.106338
 0.00550593 -0.180658 -0.218826 0.0839766
 0.00689533 -0.116746 -0.150847 0.0583196
 -0.000931967 -0.136003 -0.222394 0.0566586
 -0.000803015 -0.165164 -0.30469 0.0866685
 0.000817533 -0.245345 -0.377967 0.12589
 0.00345628 -0.304693 -0.394646 0.143987
 0.00762426 -0.359792 -0.358093 0.145483
 0.0130624 -0.428518 -0.262169 0.125031
 0.0158112 -0.38213 -0.135186 0.0778108
 0.000461687 -0.245038 -0.390816 0.125831
 0.0035546 -0.249345 -0.414144 0.147975
 0.00798474 -0.396119 -0.442343 0.1785
 0.0119278 -0.377348 -0.358247 0.157181
 0.0209746 -0.580752 -0.233615 0.137017
 0.027074 -0.698431 -0.0167432 0.0678527
 0.0107143 -0.495008 -0.450033 0.195727
 0.0143309 -0.470154 -0.389173 0.181146
 0.0190987 -0.471147 -0.299616 0.156705
 0.0294155 -0.676731 -0.140762 0.122634
 0.038806 -0.904173 0.128231 0.0404262
 0.0185252 -0.502503 -0.32085 0.167187
 0.0250916 -0.582401 -0.22204 0.145138
 0.035117 -0.743255 -0.0608049 0.104
 0.0432467 -1.02662 0.270535 0.000542661
 0.032814 -0.69652 -0.109936 0.119533
 0.042836 -0.943191 0.134015 0.0523901
 0.0464264 -1.1164 0.428521 -0.0510011
 0.0486424 -1.13243 0.390347 -0.0296037
 0.0477367 -1.11794 0.553547 -0.101942
 0.0407142 -1.13485 0.724284 -0.175484

Fourier series term #4
 4.44703e-06 0.0018134 0.000376679 -4.79729e-05
 1.38655e-05 0.00298194 0.00124137 -0.000151557
 1.51275e-07 0.000215885 3.97656e-06 -6.93014e-06
 0.000185958 0.0170524 0.0126596 -0.00171223
 -0.000298628 -0.023005 -0.020078 0.00314867
 -0.000121318 -0.0116817 -0.0102393 0.00195067
 0.000828427 0.0550797 0.046094 -0.0110894
 -0.000291123 -0.0504833 -0.0315072 0.0100467
 -9.19856e-05 -0.0661129 -0.0313913 0.0117649
 0.000213344 -0.0114779 -0.00334856 0.00153053
 -0.000121248 0.0537454 -0.000377225 -0.00288786
 -2.41643e-05 0.0608224 -0.0168082 0.00267334
 -0.000317317 -0.0516461 -0.0278675 0.00350487
 1.58331e-05 0.0155998 0.00505815 -0.00109075
 0.000721327 0.0688245 0.0543389 -0.00811282
 -0.000146628 -0.029444 -0.0109673 0.00289257
 9.35159e-05 -0.00777121 -0.00209609 0.000961539
 0.000139584 0.00608403 0.00630481 -0.0014088
 3.71623e-05 0.00451412 0.001395 -0.000629048
 -4.16148e-05 -0.00653678 -0.0114361 0.00321532
 5.13279e-05 -0.0197482 -0.0165204 0.00574796
 0.000170207 -0.01876 -0.00663075 0.00303687
 -3.66123e-05 -0.0107644 0.00431137 -0.00094704
 0.000294627 0.0355478 0.0303585 -0.00445605
 0.000728931 0.0644416 0.0645898 -0.0101134
 0.00118002 0.0649269 0.0809779 -0.0138303
 0.000448736 -0.0223978 0.0196881 -0.00113178
 0.000388047 -0.0265961 -0.0115093 0.00437511
 6.36054e-05 -0.00811478 -0.0219573 0.00589934
 -8.82801e-05 -0.0272985 -0.028758 0.00944336
 7.84043e-05 -0.0503694 -0.0249578 0.0104914
 0.000581296 -0.0739831 -0.0121826 0.00829584
 0.000881598 -0.0839516 0.00808261 0.00163812
 0.00163726 0.0939013 0.11232 -0.018749
 0.00152232 0.0789095 0.115903 -0.0209663
 0.00162856 0.0535227 0.0933444 -0.0191612
 0.000834164 -0.038342 -0.00291519 0.00366735
 1.77732e-05 -0.11655 -0.0624245 0.0242946
 0.000257733 -0.155207 -0.0799015 0.0331613
 0.000665857 -0.0838693 -0.0520967 0.0214708
 0.000504713 -0.0225662 -0.0307763 0.0112094
 0.001575 -0.107106 0.00507512 0.00432852
 0.00198958 0.0788261 0.130214 -0.0262719
 0.00214222 0.0856616 0.122355 -0.0290802
 0.000609584 -0.057335 0.0245998 -0.00118646
 0.000648629 -0.143264 -0.0559023 0.0256041
 0.00143148 -0.240995 -0.0830727 0.0420273
 0.00235007 -0.209009 -0.0687787 0.0371699
 0.00302985 -0.159978 -0.0428038 0.0259656
 0.00367315 -0.175349 0.00626009 0.00946378
 0.00113556 -0.0240409 0.0716914 -0.0139205
 0.000889736 -0.0578004 0.0384498 -0.00574267
 0.000813371 -0.114372 -0.0138543 0.0125536
 0.00167323 -0.20216 -0.046361 0.0299988
 0.00370932 -0.289857 -0.0322265 0.0335014
 0.00658864 -0.365591 0.000699501 0.0294204
 0.00740514 -0.317886 0.0487786 0.00708888
 0.00089709 -0.0814498 0.0271386 -0.00192352
 0.000991958 -0.167282 0.00294871 0.011647
 0.00202517 -0.218458 -0.00815875 0.0201924
 0.00252712 -0.182191 0.010052 0.0114565
 0.00877255 -0.443359 0.0629794 0.015969
 0.00855481 -0.373798 0.114652 -0.010769
 0.00160018 -0.217698 0.0212676 0.0101522
 0.00182606 -0.201103 0.0303493 0.00589115
 0.00369147 -0.2796 0.0614314 0.00266576
 0.00497113 -0.286299 0.0880475 -0.00685494
 0.00918399 -0.497517 0.226611 -0.0415279
 0.00351023 -0.306433 0.0665468 0.00331015
 0.00319493 -0.261484 0.0841132 -0.00753495
 0.00370533 -0.263196 0.110521 -0.0178707
 0.0085612 -0.51504 0.272667 -0.0576601
 0.00243725 -0.245997 0.108316 -0.0187162
 0.0045436 -0.335298 0.170891 -0.0342508
 0.0075916 -0.528511 0.32065 -0.0756899
 0.00656138 -0.464254 0.276524 -0.0635549
 0.00450213 -0.595917 0.422093 -0.111474
 -0.00118516 -0.588025 0.469317 -0.134401

Fourier series term #5
 -4.90342e-07 -7.08298e-05 -5.39594e-05 6.06877e-06
 -7.31738e-06 -0.00142155 -0.000628061 7.29435e-05
 1.14299e-05 0.00153195 0.000890468 -0.000110381
 -3.3704e-05 -0.00245835 -0.00218604 0.000279302
 -0.000135385 -0.010721 -0.0089569 0.00141779
 0.000306375 0.0205789 0.018446 -0.00353448
 -0.00011148 -0.00822271 -0.00656869 0.00163326
 -0.000171134 -0.0196939 -0.0131573 0.00407035
 4.40938e-05 0.00881654 0.00335114 -0.00139577
 -2.53515e-05 0.0321917 0.00811501 -0.00414027
 -0.000102305 0.0224294 0.000164021 -0.00123801
 0.000153353 -0.0137768 0.00416138 -0.000662943
 6.62257e-05 -0.000857847 0.00307062 -6.85956e-05
 -0.000315233 -0.031884 -0.0242049 0.00309726
 -4.56612e-05 0.0161348 0.00430287 -0.00118244
 0.000395101 0.0201733 0.0227099 -0.00370954
 -9.58155e-05 -0.0111241 -0.00741123 0.00175862
 -3.3679e-05 -0.00251052 0.000326148 0.000181775
 5.6809e-05 0.00305716 0.00126433 -0.000469015
 3.39529e-05 0.00102668 -0.00334182 0.000748308
 2.21449e-05 -0.00119033 -0.00302147 0.000897481
 -4.35725e-05 0.00245122 0.00186904 -0.000698241
 -9.68441e-05 0.00525636 0.00116735 -0.000629196
 -0.000198227 -0.0138851 -0.0142267 0.00187788
 0.000353325 0.0455244 0.0308891 -0.00582273
 0.000322675 0.0471969 0.0417496 -0.00817188
 0.000544849 0.0286858 0.0383181 -0.00776216
 4.19131e-05 -0.0337953 -0.00987708 0.00442693
 0.000219831 0.000741023 0.00855473 -0.00193765
 0.000202248 0.0281452 0.0139881 -0.00550869
 3.45325e-05 0.0406128 0.00581198 -0.00427668
 0.000254512 0.0145166 -0.00920658 0.00213995
 0.0010709 -0.0403935 0.000110597 0.0023823
 1.77558e-05 0.0197452 0.0190285 -0.00364038
 0.000351138 0.0502387 0.0483902 -0.0101848
 0.00100311 0.0765633 0.089347 -0.0203622
 0.000590039 -0.00121217 0.0408596 -0.00825955
 0.000597756 -0.0119936 0.00371587 0.00027834
 0.000538246 -0.0236261 -0.0113298 0.00518163
 0.000255894 0.0124113 0.00418354 -0.00173056
 0.000104493 0.0116238 0.00181921 -0.00101978
 0.00131187 -0.0545169 0.00614426 0.00153819
 0.000502782 0.0476857 0.0672106 -0.0142447
 0.0010696 0.079074 0.110069 -0.0267274
 0.00137199 0.105291 0.117903 -0.0340543
 0.000765961 -0.0144964 0.0429925 -0.0100265
 0.00110191 -0.0613369 0.0084939 0.00262148
 0.00130309 -0.0747129 -0.000624979 0.0066004
 0.00163451 -0.0902964 0.012776 0.0031616
 0.00264746 -0.114669 0.0252924 -0.000289728
 0.00161972 0.108976 0.139164 -0.0383276
 0.00112447 0.101261 0.130716 -0.0400711
 0.000479979 0.0256405 0.0914958 -0.0280282
 0.000494465 -0.0222146 0.066973 -0.018361
 0.00150592 -0.0795181 0.0365697 -0.00492473
 0.00340645 -0.184116 0.0488783 -0.00107564
 0.00409018 -0.213544 0.0815331 -0.0119789
 0.000501396 0.0880478 0.152514 -0.0492223
 0.000100519 0.0320745 0.0921403 -0.0310276
 -0.00111783 0.0770747 0.112649 -0.0434759
 -0.000196864 -0.0402068 0.0848539 -0.025711
 0.00205177 -0.169416 0.0972936 -0.0199342
 0.00171839 -0.146155 0.103659 -0.0257327
 -0.00215118 0.0849487 0.136175 -0.0540856
 -0.0018583 0.00394441 0.115572 -0.0414945
 -0.00194447 -0.0181614 0.0962818 -0.0340567
 -0.00299371 -0.0159794 0.0911854 -0.0337703
 -0.0019585 -0.130197 0.134919 -0.040835
 -0.00190614 -0.035795 0.112444 -0.0383388
 -0.00312224 -0.00690039 0.0991811 -0.0376818
 -0.00509984 0.00801471 0.094616 -0.0388637
 -0.00469059 -0.0231956 0.0818855 -0.0313498
 -0.00485678 -0.0215525 0.115955 -0.0442903
 -0.00804819 0.0896396 0.0468372 -0.029904
 -0.00732698 0.00984533 0.0635351 -0.0284176
 -0.00950836 0.0695959 0.041706 -0.0266269
 -0.00839382 -0.0182606 0.0739809 -0.0303474
 -0.0107002 -0.103062 0.133304 -0.0465226
