**************************************************************
***  MERIS LUT-169: Fourier series terms (s0,..,s5)[TERM]] ***
***                 of polynomial coefficients (k0,..,k3)  ***
***                 for each of 81 aerosol models [IAER],  ***
***                 & for each of 78 geometries [SVZA]     ***
***  - - - - - - - - - - - - - - - - - - - - - - - - - - - ***
***  => useful for multiplicative aer.scat.fct. retrieval  ***
**************************************************************

12 Gaussian angles (deg): SZA/VZA
------------------------         

 2.84 17.64 28.77 36.19 43.61 51.03 58.46 65.88 69.59 73.30 77.01 80.72

Coefficients: [SVZA x (k0,k1,k2,k3)]
------------                        

 Aerosol model #22
 - - - - - - -  

Fourier series term #0
 1.02169 1.53508 0.522933 -0.0947069
 1.02261 1.6006 0.561319 -0.107819
 1.02431 1.72828 0.624474 -0.132566
 1.02583 1.85452 0.672238 -0.156832
 1.0276 2.0245 0.709324 -0.186661
 1.02927 2.24059 0.703559 -0.216718
 1.03008 2.50619 0.597726 -0.232471
 1.02867 2.81919 0.295265 -0.199157
 1.02679 2.98603 0.0262108 -0.143188
 1.02488 3.14444 -0.344901 -0.0445896
 1.02629 3.25656 -0.810366 0.105139
 1.04107 3.21767 -1.2697 0.283593
 1.02418 1.67212 0.606475 -0.124737
 1.02625 1.80537 0.665354 -0.151278
 1.02818 1.93818 0.705932 -0.176535
 1.03042 2.11071 0.727992 -0.20581
 1.03261 2.32644 0.699629 -0.232932
 1.03398 2.58671 0.566704 -0.242794
 1.03309 2.883 0.241147 -0.201393
 1.03148 3.03706 -0.0328754 -0.141894
 1.02988 3.1811 -0.401555 -0.0414101
 1.03161 3.2793 -0.856328 0.107616
 1.04649 3.23075 -1.29986 0.283038
 1.02869 1.94948 0.710713 -0.178003
 1.03118 2.08853 0.736386 -0.204911
 1.03399 2.26157 0.733933 -0.233781
 1.03675 2.47159 0.673735 -0.257605
 1.03858 2.71304 0.507201 -0.26071
 1.03815 2.97873 0.160194 -0.211498
 1.03687 3.11476 -0.114745 -0.149354
 1.03576 3.2401 -0.475329 -0.048335
 1.03812 3.32064 -0.912674 0.0982919
 1.05361 3.25892 -1.3332 0.2689
 1.03124 2.25128 0.696948 -0.211214
 1.03295 2.43578 0.648752 -0.228158
 1.03415 2.64802 0.533976 -0.235147
 1.03404 2.88848 0.312336 -0.217745
 1.03142 3.14964 -0.0832957 -0.145738
 1.02907 3.28349 -0.377691 -0.0722313
 1.02703 3.4073 -0.752979 0.0392691
 1.02882 3.48671 -1.19853 0.194365
 1.04432 3.42292 -1.61858 0.369866
 1.03509 2.59529 0.591046 -0.247074
 1.03561 2.79771 0.442377 -0.244146
 1.0346 3.02024 0.190326 -0.214398
 1.0312 3.26537 -0.225798 -0.129686
 1.02872 3.39113 -0.524813 -0.0505138
 1.02693 3.50594 -0.898887 0.0651893
 1.02961 3.574 -1.334 0.221198
 1.04683 3.49541 -1.7322 0.39286
 1.03535 2.98328 0.258743 -0.227842
 1.03356 3.19483 -0.021645 -0.183851
 1.02956 3.42638 -0.458843 -0.0839038
 1.02705 3.54705 -0.76405 0.00245934
 1.02568 3.65558 -1.13825 0.123632
 1.02941 3.71426 -1.56513 0.282288
 1.04851 3.62092 -1.94252 0.45141
 1.03105 3.39213 -0.328323 -0.123071
 1.02678 3.61972 -0.784848 -0.00660996
 1.0246 3.73433 -1.09492 0.087695
 1.02417 3.83511 -1.46722 0.214866
 1.02988 3.88054 -1.87931 0.374827
 1.0521 3.76534 -2.22421 0.537984
 1.02312 3.83611 -1.256 0.12846
 1.02222 3.94677 -1.56547 0.229747
 1.024 4.03516 -1.92681 0.361192
 1.03339 4.0546 -2.30664 0.517694
 1.06093 3.90018 -2.59103 0.665448
 1.02241 4.04741 -1.87011 0.334317
 1.02622 4.1252 -2.21632 0.464675
 1.03862 4.12614 -2.5669 0.614719
 1.07005 3.94045 -2.80095 0.747318
 1.03299 4.17804 -2.53167 0.588882
 1.04943 4.15166 -2.83647 0.726045
 1.08574 3.92799 -3.00172 0.835604
 1.07103 4.07835 -3.06696 0.839284
 1.11287 3.80625 -3.13826 0.914655
 1.15942 3.47236 -3.0852 0.941629

Fourier series term #1
 -0.000114698 -0.00771258 -0.00300298 0.000506121
 -0.000127659 -0.00639196 -0.00440355 0.000619353
 -0.000205385 -0.00987387 -0.00638788 0.0010197
 -0.000276001 -0.013312 -0.00716956 0.00131463
 -0.00036095 -0.0168037 -0.00644265 0.00142065
 -0.000424608 -0.0190773 -0.00271166 0.000884908
 -0.000500915 -0.0200439 0.00444276 -0.000635584
 -0.000606963 -0.0175015 0.0145991 -0.00353853
 -0.000696964 -0.0137727 0.0196179 -0.00537567
 -0.000851611 -0.00759228 0.0229298 -0.00702043
 -0.00110307 0.0015545 0.0225049 -0.00773394
 -0.00142862 0.0136484 0.0160266 -0.00642522
 -0.000792133 -0.0369485 -0.0254408 0.00389168
 -0.00140744 -0.064996 -0.0377766 0.00670919
 -0.00185075 -0.0843707 -0.0392426 0.00799672
 -0.00234947 -0.102693 -0.030144 0.00758148
 -0.00282178 -0.116899 -0.00486697 0.00344191
 -0.00325891 -0.118423 0.0399858 -0.00697733
 -0.00380058 -0.0955322 0.097569 -0.0247462
 -0.00423806 -0.0701149 0.123438 -0.035146
 -0.00504989 -0.031425 0.137691 -0.0437079
 -0.00637058 0.0227138 0.129657 -0.0462789
 -0.00801687 0.09152 0.0881565 -0.0372997
 -0.00242649 -0.109131 -0.0495692 0.0101598
 -0.00324794 -0.138309 -0.0443571 0.0108799
 -0.0040547 -0.164911 -0.0215033 0.00809233
 -0.00477956 -0.178696 0.0253939 -0.00136158
 -0.00538221 -0.169489 0.0952771 -0.0200045
 -0.00604776 -0.121256 0.172944 -0.047505
 -0.00667229 -0.0764138 0.201894 -0.0617288
 -0.00772252 -0.0146192 0.211982 -0.072233
 -0.00941286 0.066491 0.189066 -0.0731161
 -0.0112777 0.164202 0.120525 -0.0573221
 -0.00404212 -0.174377 -0.026142 0.0083396
 -0.0049548 -0.199518 0.0111378 0.00172041
 -0.0058479 -0.206614 0.0708388 -0.0120919
 -0.00677407 -0.179924 0.146594 -0.0344278
 -0.00810326 -0.106524 0.215312 -0.0620306
 -0.00923267 -0.046438 0.232159 -0.0738406
 -0.0109618 0.0328349 0.223596 -0.0794215
 -0.0133412 0.132626 0.175627 -0.0724504
 -0.0156309 0.247905 0.0777676 -0.0462625
 -0.00602768 -0.217587 0.0604656 -0.00897704
 -0.00702034 -0.209613 0.129554 -0.0278559
 -0.00816255 -0.165247 0.204609 -0.0536484
 -0.00994829 -0.0691784 0.25857 -0.0809221
 -0.0113865 0.0023413 0.262051 -0.090327
 -0.013422 0.0928997 0.235611 -0.0912972
 -0.0159026 0.202396 0.167784 -0.0782958
 -0.0177133 0.32312 0.0510048 -0.0452119
 -0.00825022 -0.183529 0.197211 -0.0499115
 -0.00978129 -0.116364 0.258044 -0.0757721
 -0.0122029 0.000267721 0.282626 -0.0976151
 -0.0140622 0.0829791 0.264929 -0.101348
 -0.0163473 0.182743 0.215945 -0.0955021
 -0.0188585 0.299173 0.123312 -0.0735423
 -0.0199648 0.420054 -0.0133044 -0.032008
 -0.0119421 -0.029102 0.290315 -0.096778
 -0.0151567 0.108299 0.273086 -0.10805
 -0.0173639 0.198008 0.230286 -0.103789
 -0.0198667 0.303727 0.154073 -0.0881234
 -0.0220335 0.421281 0.0372075 -0.0561548
 -0.0218965 0.534645 -0.11525 -0.00625708
 -0.0192465 0.259475 0.202005 -0.101551
 -0.0214575 0.353963 0.13282 -0.0877794
 -0.0237638 0.459974 0.0291303 -0.0603595
 -0.0250078 0.56928 -0.108078 -0.0177993
 -0.022661 0.662044 -0.26468 0.0378789
 -0.0237639 0.447819 0.0471878 -0.0665688
 -0.0256019 0.551009 -0.0676448 -0.0335551
 -0.0258975 0.651948 -0.210364 0.01336
 -0.0219048 0.72664 -0.360336 0.0694411
 -0.0265979 0.643373 -0.187786 0.00395423
 -0.0254778 0.730915 -0.3294 0.0532125
 -0.0193451 0.782803 -0.464496 0.106776
 -0.0222873 0.792985 -0.455868 0.100211
 -0.0135224 0.814578 -0.5634 0.146467
 -0.00193495 0.793708 -0.623902 0.177634

Fourier series term #2
 -2.82673e-05 -0.00200114 -0.000680893 0.000123519
 5.85169e-07 1.65805e-05 -9.70849e-06 1.80486e-06
 1.3893e-06 2.49337e-05 -6.1035e-05 1.07942e-05
 2.41657e-06 3.40937e-05 -0.000136601 2.53291e-05
 3.41832e-06 -1.36845e-05 -0.000285148 5.83102e-05
 5.0807e-06 -8.61651e-05 -0.000490528 0.000112195
 7.25434e-06 -0.00030062 -0.000723834 0.0001911
 1.37153e-05 -0.000452848 -0.000798104 0.000243673
 1.73233e-05 -0.000650693 -0.000731937 0.000248243
 2.03933e-05 -0.000977865 -0.000530207 0.000214809
 2.13171e-05 -0.0013066 -0.000162428 0.000117692
 1.34084e-05 -0.00141245 0.000251748 -2.3896e-05
 2.19599e-05 0.000498967 -0.000677823 0.00011853
 5.61028e-05 0.000761786 -0.00299848 0.000550494
 8.68917e-05 0.000436441 -0.00645887 0.00126648
 0.000124958 -0.00111642 -0.0121341 0.00261141
 0.000173008 -0.0047984 -0.0197606 0.00477126
 0.000256184 -0.0113884 -0.0270146 0.00746282
 0.000403331 -0.0229124 -0.0288676 0.00947352
 0.000516606 -0.0305661 -0.0252418 0.00932738
 0.000642579 -0.0386745 -0.0172378 0.00769565
 0.000699452 -0.0457313 -0.00488721 0.00419104
 0.000440042 -0.0485639 0.00888656 -0.000621335
 0.000144166 0.000780493 -0.0109105 0.00213614
 0.0002212 -0.000918314 -0.0211003 0.00446736
 0.000279675 -0.00717454 -0.036349 0.00853366
 0.00035346 -0.0183863 -0.0540631 0.014276
 0.000457503 -0.0389745 -0.0685099 0.020864
 0.000719383 -0.0688373 -0.0673537 0.0247235
 0.000950454 -0.0860395 -0.0560289 0.0235906
 0.00121157 -0.103239 -0.0354017 0.0190178
 0.00130218 -0.117534 -0.00608109 0.0103553
 0.000658145 -0.122317 0.0253426 -0.00101263
 0.000371087 -0.00686925 -0.0371765 0.00834002
 0.000533222 -0.0186146 -0.058147 0.0143434
 0.000730236 -0.0418943 -0.0797058 0.0221483
 0.00107301 -0.0766027 -0.0914276 0.0294582
 0.00170558 -0.12297 -0.0784754 0.0314583
 0.00216646 -0.148315 -0.0571964 0.0278819
 0.00263727 -0.172662 -0.0239649 0.0195895
 0.00280552 -0.191995 0.0197509 0.00597259
 0.00182002 -0.197225 0.064235 -0.0107163
 0.000699596 -0.0403197 -0.0860061 0.0235754
 0.00100084 -0.0753878 -0.108436 0.0334286
 0.00151648 -0.125929 -0.114634 0.0413324
 0.00245219 -0.186071 -0.0876672 0.0408623
 0.00307687 -0.218061 -0.05623 0.0346199
 0.00365649 -0.248487 -0.010925 0.022582
 0.00375952 -0.272171 0.0462018 0.00408851
 0.00224871 -0.277106 0.102262 -0.0176523
 0.00144779 -0.126361 -0.125485 0.0438785
 0.00224167 -0.190174 -0.119167 0.0498821
 0.003509 -0.265105 -0.0739188 0.0449439
 0.00427685 -0.303002 -0.0313915 0.035247
 0.00493388 -0.338597 0.0262992 0.0187787
 0.00488419 -0.365806 0.095772 -0.00468567
 0.0027283 -0.370277 0.161797 -0.0312495
 0.00335912 -0.268857 -0.0956572 0.0518926
 0.00495202 -0.354658 -0.0298829 0.0404985
 0.00579899 -0.399247 0.0239028 0.0267768
 0.00637833 -0.439804 0.0927417 0.00580026
 0.00597344 -0.469419 0.172262 -0.022357
 0.00288237 -0.471363 0.243944 -0.0525689
 0.00665422 -0.45349 0.0569603 0.0213886
 0.00743122 -0.50129 0.120859 0.00301373
 0.00764647 -0.545044 0.197888 -0.0220893
 0.00645837 -0.57608 0.282776 -0.0536494
 0.00195997 -0.572968 0.35301 -0.0851482
 0.00795169 -0.552613 0.188627 -0.017171
 0.00778922 -0.595573 0.267215 -0.0437873
 0.00596393 -0.62397 0.350517 -0.0757513
 0.0005051 -0.616783 0.41549 -0.106153
 0.00701985 -0.639635 0.345972 -0.0711507
 0.00431224 -0.662819 0.423463 -0.102019
 -0.00231924 -0.647589 0.477251 -0.129121
 0.000434862 -0.682094 0.492375 -0.130292
 -0.00753759 -0.655649 0.52854 -0.151408
 -0.0167588 -0.619958 0.544341 -0.164711

Fourier series term #3
 -2.84885e-06 -0.000202353 -6.84602e-05 1.24405e-05
 1.24045e-06 8.76752e-05 3.11082e-05 -5.95607e-06
 -8.63156e-07 -6.03838e-05 -2.05517e-05 4.45353e-06
 8.59955e-08 8.3794e-06 5.74883e-06 -1.16677e-06
 7.47586e-07 5.81918e-05 2.5268e-05 -6.36474e-06
 -1.09624e-06 -7.66265e-05 -1.84609e-05 6.12542e-06
 2.9271e-07 3.62878e-05 1.25871e-05 -4.4577e-06
 7.11821e-07 8.58836e-05 6.27327e-06 -5.44427e-06
 -3.44011e-07 -2.89033e-05 -7.83453e-06 3.47039e-06
 -8.11395e-07 -0.000113447 -7.48656e-08 5.36396e-06
 -1.77108e-07 -6.76433e-05 6.029e-07 3.04804e-06
 1.64352e-06 6.16135e-05 -4.08896e-05 1.09892e-05
 2.37764e-06 0.000198864 0.000152197 -2.76353e-05
 -4.47505e-06 -0.000111126 0.000301056 -5.09237e-05
 -7.8018e-07 0.000366493 0.000799793 -0.000161093
 2.73225e-06 0.000981342 0.00134683 -0.000310648
 -4.49928e-06 0.00100024 0.00139284 -0.000364144
 4.76099e-07 0.00188864 0.000908285 -0.000327796
 2.22195e-05 0.00325976 -0.000765674 3.94912e-05
 3.97184e-05 0.0034823 -0.00209114 0.00043193
 7.1343e-05 0.00312766 -0.00339773 0.000898259
 0.000126137 0.00206384 -0.00418276 0.00127815
 0.000205431 0.00026279 -0.00384606 0.00132301
 2.74512e-06 0.00107926 0.00181591 -0.000371727
 9.9386e-06 0.00241761 0.00336856 -0.000767174
 1.06695e-06 0.00300535 0.00434103 -0.001099
 2.25454e-05 0.00600396 0.00449209 -0.00139972
 5.43602e-05 0.00930845 0.00144828 -0.000920732
 0.000116056 0.0115779 -0.0056539 0.000969776
 0.00018037 0.0114898 -0.0100878 0.002442
 0.000288975 0.00978969 -0.0140276 0.00402055
 0.000471129 0.00591025 -0.0159417 0.00518442
 0.000722724 -0.000132326 -0.014149 0.00517793
 -2.21175e-06 0.00390994 0.0051509 -0.00124954
 1.59287e-05 0.00802609 0.00658017 -0.00186593
 4.1208e-05 0.012402 0.00477569 -0.00182354
 0.00011744 0.0180205 -0.0018106 -0.000524088
 0.000269563 0.0197017 -0.0135724 0.00286442
 0.000418381 0.0177173 -0.019781 0.00511711
 0.00066283 0.0131709 -0.0242716 0.00719102
 0.00103762 0.00588755 -0.0250091 0.00829132
 0.00151803 -0.00419087 -0.0199266 0.00742573
 5.29389e-05 0.0138145 0.00662766 -0.00234732
 0.000129598 0.0219025 0.00183798 -0.00172024
 0.000252595 0.0271524 -0.00996249 0.00119786
 0.000529563 0.0271438 -0.0262309 0.00644854
 0.000786504 0.0231189 -0.033694 0.00951484
 0.00118395 0.0155704 -0.0380759 0.0120288
 0.00174869 0.00449272 -0.0370133 0.0130152
 0.00241698 -0.00950081 -0.0282774 0.0112383
 0.000255796 0.0300972 -0.00793785 0.000408318
 0.000491421 0.0353218 -0.0240936 0.00500841
 0.000963023 0.0305298 -0.0425487 0.0118742
 0.00138911 0.0241 -0.0492956 0.01519
 0.00198494 0.0139499 -0.0518485 0.0175771
 0.00278506 -0.000409647 -0.0472258 0.017724
 0.0036579 -0.0178968 -0.0336062 0.0144607
 0.000908521 0.0360042 -0.0425094 0.0112346
 0.00171169 0.0285648 -0.059281 0.0184986
 0.0023533 0.0187081 -0.0632573 0.0214516
 0.00320567 0.00575892 -0.0617535 0.0228404
 0.00424488 -0.0105838 -0.05241 0.0215054
 0.00528892 -0.0294197 -0.033796 0.0163819
 0.0029594 0.0152056 -0.0695836 0.0246138
 0.00383689 0.00579027 -0.0698087 0.0264506
 0.00495458 -0.00836657 -0.0629984 0.0260088
 0.00620239 -0.0263338 -0.0477734 0.0224573
 0.00729154 -0.0445584 -0.0248318 0.0153186
 0.00492286 -0.00694637 -0.0656246 0.0268631
 0.00614207 -0.0196989 -0.0565696 0.0253635
 0.00743106 -0.0359398 -0.0395256 0.0207624
 0.00843825 -0.0531782 -0.0151539 0.0127458
 0.00741205 -0.0341198 -0.0440102 0.0225106
 0.00866521 -0.04743 -0.0261737 0.0170725
 0.00951271 -0.0605841 -0.0028871 0.00882378
 0.00971127 -0.060064 -0.00709695 0.010812
 0.0102687 -0.0671658 0.0123837 0.00325866
 0.0104157 -0.0710916 0.0289189 -0.0036128

Fourier series term #4
 2.74704e-07 1.79124e-05 6.3918e-06 -1.20143e-06
 5.01459e-07 3.58691e-05 1.24783e-05 -2.41502e-06
 -2.78287e-07 -1.94314e-05 -7.05286e-06 1.52912e-06
 5.55881e-07 3.95861e-05 1.43503e-05 -3.33828e-06
 -3.63783e-07 -2.75247e-05 -9.68521e-06 2.56161e-06
 -1.38879e-07 -1.46067e-05 -4.4399e-06 1.38689e-06
 7.74925e-07 5.80795e-05 1.44011e-05 -5.52133e-06
 -4.37571e-07 -5.69846e-05 -4.90956e-06 3.68587e-06
 -4.80979e-07 -7.35052e-05 -1.13018e-07 3.34867e-06
 1.66083e-07 -9.94665e-06 1.44978e-06 3.91883e-09
 8.92151e-07 7.25004e-05 -1.74548e-05 2.13842e-06
 1.34429e-06 7.96753e-05 -3.03247e-05 6.6186e-06
 -4.06355e-06 -0.000292962 -9.92672e-05 2.11118e-05
 5.21406e-07 3.07412e-05 5.77956e-06 -1.63772e-06
 -4.3132e-06 -0.000308142 -0.000109555 2.80722e-05
 2.44074e-06 0.000182267 0.000112816 -2.73677e-05
 -6.38834e-08 5.80388e-05 0.000186 -4.27007e-05
 -7.17532e-06 -0.000278001 0.000304477 -6.53838e-05
 -1.22755e-05 -0.000129432 0.000576577 -0.000158684
 -1.52992e-05 0.000100151 0.000632829 -0.000197096
 -1.87493e-05 0.00040067 0.0005461 -0.000196751
 -2.10168e-05 0.00068448 0.000292086 -0.000135525
 -1.62768e-05 0.000811761 -3.90218e-05 -2.67887e-05
 -9.87694e-07 -8.37906e-05 -2.01293e-05 6.40811e-06
 8.55085e-06 0.000618352 0.000348711 -8.54223e-05
 -5.73874e-06 -0.000292617 0.0004402 -8.24821e-05
 -1.27859e-05 -0.000299265 0.00129681 -0.000299908
 -3.31815e-05 -0.00049571 0.00248527 -0.000651279
 -6.12128e-05 0.000260834 0.00353085 -0.00109254
 -7.78479e-05 0.00131525 0.00355146 -0.00122783
 -9.65482e-05 0.00263068 0.00289471 -0.0011596
 -0.000108229 0.0038169 0.00150287 -0.00079901
 -8.40474e-05 0.00434517 -0.000196257 -0.000221055
 -2.29197e-06 2.30129e-05 0.000568095 -0.000114031
 -1.10986e-05 0.000124462 0.0016344 -0.000368674
 -4.9322e-05 -0.000951918 0.00318147 -0.000749966
 -9.08821e-05 0.000245301 0.00557096 -0.00154999
 -0.000163922 0.00282168 0.00676296 -0.00224038
 -0.000213242 0.00466566 0.00613226 -0.00227448
 -0.000263098 0.0069039 0.0043072 -0.00191798
 -0.000293368 0.00890304 0.00136027 -0.00108185
 -0.00024748 0.00955521 -0.00180308 4.43807e-05
 -4.68404e-05 -0.000850122 0.00359068 -0.000850049
 -8.98638e-05 0.0003366 0.00702155 -0.00190651
 -0.000178852 0.00214786 0.0102167 -0.0031386
 -0.000305185 0.00777226 0.0109102 -0.00405122
 -0.000392725 0.0108897 0.00919484 -0.00389785
 -0.000480372 0.0138753 0.00580687 -0.00311275
 -0.000530502 0.0160781 0.00105694 -0.00164946
 -0.000454702 0.0163578 -0.00366569 0.000133447
 -0.000179366 0.00213133 0.011401 -0.00342512
 -0.00030944 0.00821113 0.0148066 -0.0051743
 -0.000530223 0.0152963 0.0135957 -0.00578106
 -0.000666063 0.0197104 0.010362 -0.00526819
 -0.000802024 0.0236331 0.00513133 -0.0039162
 -0.000877047 0.0261205 -0.00149483 -0.0017492
 -0.000770734 0.0257213 -0.00762549 0.000715007
 -0.000530156 0.0156206 0.0166254 -0.00673863
 -0.000857814 0.026453 0.0127209 -0.0068409
 -0.00105551 0.0305861 0.00799681 -0.0057857
 -0.00124053 0.034551 0.0012815 -0.00384867
 -0.00134402 0.0370947 -0.00673144 -0.00106498
 -0.00121036 0.0361395 -0.0137107 0.00190988
 -0.00132469 0.0366645 0.00619367 -0.00595357
 -0.00159205 0.042943 -0.000238065 -0.00435292
 -0.00182173 0.0468612 -0.00782245 -0.00196166
 -0.00194293 0.0477604 -0.0156834 0.00107517
 -0.0017804 0.0454083 -0.0220128 0.00408223
 -0.00186135 0.0464882 -0.00587761 -0.00274683
 -0.00210436 0.0514382 -0.0139041 -0.000195299
 -0.00221175 0.0528068 -0.0217885 0.0028917
 -0.00205361 0.049135 -0.0269082 0.00561676
 -0.002342 0.0533313 -0.0202431 0.00208746
 -0.0024339 0.0553569 -0.0278542 0.00507608
 -0.00223164 0.0521427 -0.0323784 0.00755262
 -0.00254388 0.0542638 -0.0324867 0.00721618
 -0.00229917 0.0515897 -0.0362762 0.00937039
 -0.00208711 0.0455569 -0.0355055 0.00988758

Fourier series term #5
 1.13924e-07 8.8107e-06 2.91681e-06 -5.17911e-07
 -1.45763e-07 -1.062e-05 -3.6884e-06 6.84448e-07
 2.13107e-07 1.45418e-05 5.36422e-06 -1.14327e-06
 -3.34847e-09 -5.65793e-07 -2.37434e-07 4.97893e-08
 -2.15668e-07 -1.63875e-05 -5.69422e-06 1.49575e-06
 3.06069e-07 2.31868e-05 7.30273e-06 -2.24807e-06
 -1.10379e-07 -8.21987e-06 -1.90785e-06 7.57568e-07
 -2.21658e-07 -2.1792e-05 -2.72385e-06 1.68338e-06
 1.43899e-07 1.36359e-05 -2.3338e-07 -5.45434e-07
 3.27664e-07 3.94698e-05 -4.40167e-06 -5.23368e-07
 2.04186e-07 2.44295e-05 -5.70555e-06 6.75914e-07
 -2.43999e-07 -1.76962e-05 7.27536e-06 -1.65209e-06
 -1.44687e-05 -0.00101936 -0.00035638 7.47263e-05
 5.09532e-06 0.000353976 0.000128063 -2.95243e-05
 -3.28239e-06 -0.000235102 -8.90424e-05 2.2206e-05
 -2.94828e-07 -2.57876e-05 -2.22757e-05 5.1677e-06
 2.17627e-06 0.000142984 2.44851e-05 -1.01012e-05
 3.24699e-07 -2.57514e-05 -3.65695e-05 1.07481e-05
 2.93485e-07 -7.0424e-05 -2.68125e-05 1.16811e-05
 -1.91165e-07 -0.000107471 4.43563e-06 4.83532e-06
 -1.08321e-06 -0.000125466 5.24924e-05 -9.36707e-06
 -2.38221e-06 -8.52079e-05 8.89698e-05 -2.47175e-05
 -3.91817e-06 6.54003e-06 7.54129e-05 -2.63176e-05
 -9.3758e-07 -7.70097e-05 -4.18672e-05 9.53905e-06
 7.78333e-06 0.000538657 0.000127505 -4.16203e-05
 -2.11615e-06 -0.000235185 -0.000199838 5.23803e-05
 6.54359e-06 0.000255279 -0.000131418 2.43863e-05
 6.28308e-06 5.29895e-05 -0.000196938 5.58788e-05
 -1.63624e-06 -0.000716577 -4.81084e-05 6.11844e-05
 -4.73731e-06 -0.000871268 0.000223674 -1.19651e-05
 -9.10935e-06 -0.000770819 0.000534454 -0.000123828
 -1.79471e-05 -0.000469353 0.000732448 -0.000222014
 -3.04204e-05 -7.41001e-06 0.000667208 -0.000240629
 1.27062e-06 -2.40784e-05 -0.000154694 3.36433e-05
 1.33065e-05 0.000720714 -0.000107495 2.33508e-06
 7.95572e-06 -0.000169701 -0.000493204 0.000137743
 8.80358e-06 -0.000523807 -0.000364856 0.000138989
 -6.68837e-07 -0.00132682 0.000324172 -6.74474e-06
 -1.17177e-05 -0.00166604 0.000902145 -0.000170829
 -2.93232e-05 -0.00153616 0.00146556 -0.000377974
 -5.66425e-05 -0.0008465 0.0016965 -0.00052508
 -8.92418e-05 0.000286683 0.00129529 -0.000475131
 1.08176e-05 -1.0085e-05 -0.000576979 0.000152132
 1.83082e-05 -5.86992e-05 -0.000600189 0.00018191
 5.65371e-06 -0.00190265 -0.000236902 0.000201051
 -1.18088e-05 -0.00236896 0.00135391 -0.000249214
 -3.24564e-05 -0.00220627 0.00227406 -0.000578272
 -6.76553e-05 -0.00166121 0.00296443 -0.000885944
 -0.000118075 -0.000570641 0.00306323 -0.00104534
 -0.000169268 0.00116545 0.00215891 -0.000873041
 9.28275e-06 -0.00193491 -0.000488951 0.000276783
 1.23723e-06 -0.00248452 0.000976293 -0.000102533
 -4.30485e-05 -0.0035026 0.00327947 -0.000800548
 -8.14594e-05 -0.00253822 0.00430584 -0.0012612
 -0.000137675 -0.000823609 0.0046954 -0.00159506
 -0.00021291 0.00138637 0.00405694 -0.00160429
 -0.000276653 0.00387483 0.00218885 -0.00113781
 -3.437e-05 -0.00415195 0.00316755 -0.000693865
 -0.000101697 -0.00195153 0.00553465 -0.00173808
 -0.000166966 -0.00105254 0.00623792 -0.00213617
 -0.000251391 0.00129056 0.00591005 -0.00230564
 -0.000343386 0.00476538 0.00402102 -0.00197654
 -0.000391914 0.00841402 0.000633832 -0.00101305
 -0.000222304 -8.17182e-05 0.00708064 -0.00258142
 -0.000303398 0.00376382 0.00628868 -0.00273739
 -0.000405204 0.00747807 0.00428345 -0.00241356
 -0.000482985 0.0106039 0.00126441 -0.00159692
 -0.000472663 0.0143873 -0.00337481 -0.00010021
 -0.000403572 0.00580323 0.00535613 -0.0026689
 -0.00050088 0.0110659 0.00201739 -0.0019679
 -0.000538009 0.0154042 -0.00227521 -0.000734283
 -0.000479645 0.0183496 -0.00700891 0.000925225
 -0.000560118 0.0138135 -0.00079946 -0.00119056
 -0.000547893 0.0194761 -0.00643459 0.000482626
 -0.000373451 0.0229568 -0.0119775 0.00247481
 -0.000470431 0.0219983 -0.0106193 0.00194932
 -0.000133568 0.0258511 -0.0165616 0.00411256
 0.000298859 0.0258097 -0.0191763 0.00528278


