**************************************************************
***  MERIS LUT-169: Fourier series terms (s0,..,s5)[TERM]] ***
***                 of polynomial coefficients (k0,..,k3)  ***
***                 for each of 81 aerosol models [IAER],  ***
***                 & for each of 78 geometries [SVZA]     ***
***  - - - - - - - - - - - - - - - - - - - - - - - - - - - ***
***  => useful for multiplicative aer.scat.fct. retrieval  ***
**************************************************************

12 Gaussian angles (deg): SZA/VZA
------------------------         

 2.84 17.64 28.77 36.19 43.61 51.03 58.46 65.88 69.59 73.30 77.01 80.72

Coefficients: [SVZA x (k0,k1,k2,k3)]
------------                        

 Aerosol model #53
 - - - - - - -  

Fourier series term #0
 1.0015 0.445912 0.0928545 -0.0161288
 1.00457 0.750544 0.288188 -0.0433948
 1.01496 1.57572 0.91193 -0.139073
 1.02241 1.98772 1.29141 -0.214574
 1.0302 2.44597 1.66321 -0.315185
 1.03525 2.85227 1.8775 -0.421484
 1.03457 3.26388 1.86636 -0.516455
 1.02275 3.87853 1.52368 -0.56063
 1.00952 4.1971 1.05714 -0.497665
 0.992377 4.50089 0.314039 -0.328058
 0.978018 4.80888 -0.717527 -0.0209367
 0.991218 5.00242 -1.90772 0.410109
 1.01118 1.194 0.639266 -0.0937793
 1.01935 1.64946 1.01485 -0.164308
 1.02623 2.0241 1.30142 -0.236194
 1.03312 2.44956 1.5904 -0.332708
 1.03857 2.88647 1.79687 -0.443948
 1.0384 3.32577 1.80837 -0.545985
 1.02617 3.79504 1.43804 -0.573479
 1.01392 4.0905 1.00992 -0.515646
 0.997968 4.44474 0.33255 -0.364303
 0.983951 4.82334 -0.649654 -0.0743101
 0.99656 5.0438 -1.81577 0.348682
 1.02618 1.91002 1.19945 -0.216525
 1.03161 2.18708 1.35537 -0.277208
 1.03657 2.50644 1.49967 -0.355179
 1.03976 2.89961 1.62008 -0.453533
 1.0386 3.3094 1.61052 -0.548183
 1.02695 3.78245 1.29416 -0.582269
 1.01542 4.06621 0.91743 -0.533579
 1.00066 4.40722 0.300504 -0.395452
 0.987866 4.78892 -0.62246 -0.121704
 1.00049 5.05193 -1.75139 0.28788
 1.03357 2.40271 1.38615 -0.31392
 1.0356 2.66116 1.4227 -0.370204
 1.03518 2.92601 1.39765 -0.428012
 1.0306 3.3533 1.32454 -0.496374
 1.01582 3.84223 0.970353 -0.50212
 1.00315 4.17675 0.588026 -0.443447
 0.987568 4.53885 -0.0347944 -0.293111
 0.974494 4.96263 -0.960071 -0.0106266
 0.987171 5.30742 -2.09895 0.405557
 1.03544 2.80963 1.3565 -0.402899
 1.03271 3.01551 1.26005 -0.439258
 1.02592 3.33248 1.09856 -0.473318
 1.00957 3.87551 0.723877 -0.464256
 0.996629 4.24095 0.33392 -0.3976
 0.981211 4.62384 -0.281926 -0.242354
 0.968486 5.06936 -1.18051 0.0373877
 0.981805 5.45372 -2.30086 0.449806
 1.02823 3.16101 1.10503 -0.453236
 1.01954 3.4586 0.87687 -0.460604
 1.00192 3.9003 0.421927 -0.408453
 0.988594 4.25935 0.0154958 -0.327202
 0.973204 4.73157 -0.609112 -0.166007
 0.961734 5.2269 -1.50805 0.119242
 0.978167 5.57637 -2.58654 0.526227
 1.00876 3.66658 0.571031 -0.429103
 0.989484 4.12668 0.0319409 -0.336021
 0.976123 4.46143 -0.403976 -0.233187
 0.963353 4.80327 -1.04349 -0.044543
 0.954938 5.32091 -1.94056 0.249339
 0.976217 5.75269 -3.01403 0.655757
 0.969902 4.54447 -0.574259 -0.197191
 0.958647 4.841 -1.0764 -0.0548923
 0.950421 5.10352 -1.72128 0.157828
 0.948057 5.57255 -2.58943 0.458072
 0.979436 5.90548 -3.5618 0.844193
 0.950648 5.01013 -1.55214 0.097547
 0.944321 5.33623 -2.19711 0.312021
 0.947565 5.80686 -3.07083 0.621532
 0.988394 6.003 -3.93219 0.982412
 0.942567 5.67629 -2.83929 0.531328
 0.955604 5.98401 -3.61333 0.8254
 1.00815 6.04924 -4.32897 1.14473
 0.980378 6.08059 -4.20019 1.07097
 1.04745 6.04393 -4.75323 1.33569
 1.12742 5.75805 -4.97605 1.48558

Fourier series term #1
 -0.000214959 -0.04142 -0.0152668 0.0023089
 -0.000928942 -0.0940549 -0.0576584 0.00766032
 -0.00145313 -0.0771429 -0.0708747 0.00914224
 -0.00149495 -0.0601226 -0.0556906 0.00784786
 -0.00151216 -0.0498828 -0.0363366 0.00613448
 -0.00152518 -0.0525186 -0.0182506 0.00463899
 -0.00116819 -0.0335204 0.0171999 -0.00210007
 -0.000958845 -0.0122671 0.0519728 -0.011801
 -0.00103149 -0.00719558 0.0607849 -0.0154682
 -0.00128699 0.00269794 0.0634272 -0.0181617
 -0.00195755 0.0265729 0.0556649 -0.0184442
 -0.00295285 0.0574699 0.0307561 -0.0125585
 -0.00537853 -0.361911 -0.285869 0.0375672
 -0.00839593 -0.441164 -0.37231 0.054452
 -0.00942604 -0.410402 -0.337903 0.0556126
 -0.00912117 -0.329016 -0.219638 0.0431096
 -0.00854173 -0.291348 -0.0847799 0.0254952
 -0.00657084 -0.199147 0.104721 -0.0136709
 -0.0046831 -0.0805666 0.281725 -0.0669687
 -0.0047214 -0.0196117 0.34103 -0.0926968
 -0.00614261 0.0685693 0.367449 -0.113735
 -0.00995598 0.205665 0.326097 -0.116963
 -0.0151887 0.377821 0.179136 -0.0818246
 -0.0118555 -0.556823 -0.432105 0.0725332
 -0.0134876 -0.585418 -0.40656 0.0790476
 -0.013885 -0.577986 -0.311919 0.0743278
 -0.0119205 -0.433991 -0.0937828 0.0363423
 -0.00914635 -0.29386 0.155423 -0.0220206
 -0.00632265 -0.10222 0.402027 -0.103679
 -0.00605368 0.0342066 0.492854 -0.147466
 -0.00796764 0.184343 0.522825 -0.178575
 -0.013155 0.346197 0.45805 -0.180053
 -0.0203019 0.529118 0.271642 -0.134258
 -0.014557 -0.656766 -0.367615 0.0823934
 -0.0143269 -0.628312 -0.252365 0.070512
 -0.0129705 -0.547546 -0.0729747 0.0391995
 -0.0104964 -0.330376 0.186464 -0.0285449
 -0.00885968 -0.086592 0.417624 -0.110927
 -0.00979346 0.0754615 0.501132 -0.154055
 -0.0130028 0.250496 0.510849 -0.17961
 -0.0196712 0.435555 0.420485 -0.172479
 -0.0287366 0.689786 0.189877 -0.113501
 -0.0142679 -0.634275 -0.150332 0.058385
 -0.0127884 -0.540642 0.0157607 0.0229212
 -0.0110421 -0.386267 0.212539 -0.0331059
 -0.0107362 -0.0862212 0.429268 -0.119908
 -0.0124537 0.0740648 0.497574 -0.159992
 -0.0163241 0.269536 0.49451 -0.18338
 -0.0240253 0.528563 0.378616 -0.172479
 -0.0339134 0.834112 0.109421 -0.10212
 -0.0118478 -0.485989 0.137722 -0.00813647
 -0.0113062 -0.359749 0.288179 -0.0580531
 -0.0121125 -0.130468 0.430905 -0.124587
 -0.0145815 0.06342 0.469173 -0.158815
 -0.019668 0.304676 0.444028 -0.178377
 -0.0282837 0.601453 0.299754 -0.159595
 -0.0377324 0.914048 0.00371859 -0.0781057
 -0.0121842 -0.268015 0.373374 -0.0944634
 -0.0150119 -0.0532976 0.441515 -0.1423
 -0.01818 0.11748 0.437054 -0.161923
 -0.0229325 0.283143 0.371876 -0.160763
 -0.0322675 0.609904 0.194345 -0.130754
 -0.0410815 0.956091 -0.129916 -0.0393016
 -0.0195911 0.133167 0.41771 -0.1608
 -0.0233109 0.248649 0.360749 -0.15708
 -0.0281216 0.401739 0.250397 -0.13647
 -0.0357211 0.673319 0.037735 -0.0853782
 -0.0422315 0.981014 -0.286598 0.0132141
 -0.026701 0.339818 0.285185 -0.143275
 -0.0314055 0.515965 0.141076 -0.110444
 -0.0377135 0.75014 -0.0812849 -0.0496774
 -0.041647 1.04026 -0.412867 0.0558339
 -0.0352209 0.645405 -0.00210027 -0.0713668
 -0.0395512 0.855946 -0.23731 -0.000480007
 -0.0387677 1.09605 -0.556687 0.108021
 -0.0399415 0.996709 -0.453181 0.0728731
 -0.033814 1.12835 -0.70008 0.165532
 -0.0217952 1.147 -0.847531 0.23014

Fourier series term #2
 -2.44965e-05 -0.00802615 -0.00161287 0.000296468
 0.000186878 0.022574 0.0119092 -0.00166326
 4.03463e-05 0.00366337 0.00174983 -0.000246501
 -0.000288247 -0.0214231 -0.0163341 0.00263796
 0.000115848 0.0150198 0.00914429 -0.0018374
 1.93227e-05 0.00987495 0.00433494 -0.00112879
 -0.000652302 -0.0414611 -0.0275818 0.00735888
 -2.5891e-05 0.0360649 0.0149686 -0.00547723
 -0.000149325 0.0465745 0.0120225 -0.0056609
 -0.000289458 0.00337653 -0.00181386 0.000357528
 -9.22889e-05 -0.0482175 0.00416459 0.00122316
 -0.000332257 -0.0498215 0.0176534 -0.00360301
 0.000201667 -0.0316235 -0.00924852 0.00244887
 -0.00042067 -0.0884665 -0.0717946 0.0119119
 -0.000902935 -0.0978092 -0.109413 0.0182268
 -0.00111997 -0.0705265 -0.115926 0.0202135
 -0.000976144 -0.0461699 -0.109794 0.021325
 -0.000996238 -0.0460437 -0.101806 0.0237322
 -0.00071169 -0.0713429 -0.084293 0.0255812
 -0.000166584 -0.0781238 -0.064353 0.0227708
 0.00050356 -0.0762997 -0.0345383 0.0154441
 0.000882221 -0.0699753 0.000975974 0.00426956
 0.000336087 -0.0581898 0.0306922 -0.00716233
 -0.0013063 -0.152599 -0.157404 0.0266197
 -0.00198946 -0.171603 -0.217423 0.0391103
 -0.00280189 -0.1916 -0.276225 0.0551382
 -0.0034772 -0.172799 -0.291028 0.065385
 -0.00330502 -0.165196 -0.27007 0.0712934
 -0.00205825 -0.17052 -0.207107 0.0673504
 -0.000899211 -0.180767 -0.152673 0.0576066
 0.000627467 -0.184556 -0.084681 0.0405188
 0.00188514 -0.175994 -0.012735 0.0174382
 0.00150011 -0.147865 0.0467664 -0.0065516
 -0.00253192 -0.225352 -0.295528 0.0570919
 -0.00388114 -0.291369 -0.380273 0.0821045
 -0.00404702 -0.310174 -0.411211 0.100586
 -0.00350709 -0.285032 -0.374209 0.105166
 -0.0015632 -0.313746 -0.287052 0.099441
 0.000433907 -0.291608 -0.208124 0.0819108
 0.002773 -0.276688 -0.121589 0.0586756
 0.00453831 -0.260598 -0.0228715 0.0265166
 0.00378286 -0.208646 0.058273 -0.00705573
 -0.00448046 -0.353878 -0.451703 0.108271
 -0.00464994 -0.409499 -0.495 0.134052
 -0.00390745 -0.487843 -0.488273 0.15456
 -0.000568054 -0.439572 -0.368549 0.137908
 0.00204739 -0.418815 -0.276847 0.117104
 0.00518725 -0.418897 -0.16464 0.0869745
 0.00761701 -0.401974 -0.0323118 0.042821
 0.00672035 -0.332184 0.0778959 -0.00399421
 -0.00460339 -0.535947 -0.545841 0.167935
 -0.00240954 -0.598926 -0.529281 0.186583
 0.00238614 -0.65374 -0.418223 0.178807
 0.00576666 -0.644117 -0.312567 0.154049
 0.00953034 -0.609061 -0.177439 0.112859
 0.0125918 -0.573476 -0.0204972 0.0570081
 0.0120402 -0.526186 0.128613 -0.00465383
 0.0011148 -0.731846 -0.508769 0.20786
 0.00724421 -0.795898 -0.379929 0.192405
 0.0121552 -0.871098 -0.270279 0.170888
 0.0173245 -0.912899 -0.102816 0.122237
 0.0207585 -0.853852 0.0699763 0.0555207
 0.0201081 -0.812306 0.251481 -0.0214171
 0.0160879 -1.02627 -0.23824 0.180532
 0.0214141 -1.08095 -0.10704 0.146253
 0.0262545 -1.06879 0.051971 0.0911122
 0.0318195 -1.19834 0.296161 0.0107316
 0.0297191 -1.22781 0.543285 -0.0901409
 0.026448 -1.12196 0.0247523 0.10749
 0.0325611 -1.22319 0.209979 0.0507606
 0.0379612 -1.3747 0.473266 -0.0375051
 0.0341361 -1.31551 0.66481 -0.12762
 0.0393164 -1.42052 0.441807 -0.0170703
 0.0425296 -1.4804 0.658826 -0.0993959
 0.0363956 -1.41467 0.829281 -0.183713
 0.042759 -1.54295 0.867105 -0.180469
 0.0331731 -1.5125 1.0354 -0.261562
 0.0190724 -1.50244 1.18108 -0.331013

Fourier series term #3
 3.62184e-06 0.000584157 0.000259238 -3.81432e-05
 4.87406e-05 0.00858974 0.00334062 -0.000525462
 -0.00012238 -0.0120849 -0.00763272 0.00115824
 4.10055e-05 0.00313119 0.00232992 -0.000378287
 0.000305783 0.0240219 0.0172078 -0.00324525
 -0.000518414 -0.0394389 -0.027586 0.00614211
 0.000153215 0.0146034 0.00900592 -0.00247752
 0.000206055 0.0373707 0.0160754 -0.00578272
 -9.58569e-05 -0.0232155 -0.00691679 0.00306505
 5.72261e-05 -0.0637171 -0.00690503 0.00540335
 0.000105192 -0.038379 0.00467282 0.000474352
 -0.00024156 0.0277215 -0.00901666 0.00164393
 0.000361951 0.0269461 0.023269 -0.0030825
 0.000116707 -0.012154 0.00249856 0.000417656
 -0.000231621 -0.0424428 -0.0231092 0.00496511
 7.46432e-05 -0.00803366 -0.00895255 0.00191441
 -0.000156162 -0.0171515 -0.0195471 0.0042717
 5.30208e-05 0.00272245 -0.0110541 0.00208217
 0.000159491 0.00958554 -0.0156106 0.00324887
 0.000130284 -0.00757029 -0.0229061 0.00661021
 0.000263247 -0.0190505 -0.0206665 0.00719249
 0.000429009 -0.00901297 -0.0135555 0.00475209
 0.000549627 0.0106707 -0.0138268 0.00396746
 0.000276151 -0.0293423 -0.00126844 0.00193643
 7.87749e-05 -0.0489166 -0.0228334 0.00609301
 -0.000430988 -0.0859925 -0.0622698 0.014959
 -9.30843e-05 -0.0322524 -0.057243 0.0130242
 -0.000172461 -0.0183548 -0.0675676 0.016303
 -9.2839e-05 -0.0113581 -0.0748329 0.0205251
 0.000177465 0.000889475 -0.0734054 0.0210323
 0.000548249 -0.00357271 -0.0706074 0.0221969
 0.00119723 -0.0297993 -0.0572896 0.0211435
 0.00181892 -0.0581246 -0.0277057 0.0134703
 -6.92153e-05 -0.0769043 -0.0449214 0.0112969
 0.000324683 -0.0576503 -0.0584847 0.0139966
 -0.000327586 -0.109201 -0.119455 0.03042
 -0.00020454 -0.0639377 -0.12774 0.0335785
 0.000414649 -0.0246387 -0.129432 0.0364222
 0.000825049 -0.0437329 -0.130855 0.0407945
 0.00161546 -0.0833341 -0.111427 0.040214
 0.00261393 -0.0725872 -0.0788666 0.030792
 0.00374704 -0.0735898 -0.0469276 0.0205248
 0.000181796 -0.0927209 -0.102014 0.0254436
 -0.000230635 -0.135491 -0.160031 0.0432758
 0.000372608 -0.129871 -0.200812 0.0584551
 0.000853112 -0.127254 -0.205442 0.067141
 0.00179371 -0.124459 -0.192929 0.0674547
 0.00330825 -0.147614 -0.164119 0.0638966
 0.00521059 -0.158096 -0.114458 0.0507064
 0.00665585 -0.150242 -0.0576173 0.0307637
 0.00038393 -0.14643 -0.206398 0.059573
 0.000791326 -0.202918 -0.257103 0.0834429
 0.00272463 -0.27523 -0.269842 0.102265
 0.00438799 -0.272972 -0.249206 0.101305
 0.00645786 -0.254939 -0.204658 0.0901124
 0.00913334 -0.2585 -0.137072 0.0701865
 0.0111893 -0.273683 -0.0442519 0.0380243
 0.00257729 -0.303154 -0.297034 0.110118
 0.00598491 -0.349128 -0.286817 0.121755
 0.00921262 -0.442957 -0.258498 0.126229
 0.0121057 -0.445724 -0.180783 0.104618
 0.0162552 -0.494846 -0.0802316 0.0755099
 0.0178562 -0.471433 0.0313811 0.0308862
 0.0122637 -0.550106 -0.247173 0.136261
 0.0154653 -0.566768 -0.184943 0.121369
 0.0188692 -0.579486 -0.0973189 0.0948749
 0.0243347 -0.702558 0.0531476 0.0517932
 0.0270572 -0.802132 0.24519 -0.0158385
 0.0191709 -0.622003 -0.107972 0.103139
 0.0235183 -0.68617 -0.0042681 0.0740371
 0.0287484 -0.780075 0.14329 0.0276248
 0.0301268 -0.914404 0.37044 -0.0523496
 0.0283889 -0.788698 0.119493 0.039398
 0.0327203 -0.925599 0.308529 -0.0210915
 0.0315093 -0.993188 0.500842 -0.0959983
 0.034196 -1.04836 0.505402 -0.0887466
 0.0303563 -1.02433 0.622371 -0.143952
 0.0212751 -1.02576 0.742331 -0.198331

Fourier series term #4
 2.02304e-06 0.000618253 0.000116314 -2.07734e-05
 -1.04665e-05 -0.00105579 -0.000654324 8.70618e-05
 -2.81089e-05 -0.00328617 -0.00188346 0.00029532
 0.000172438 0.0144286 0.00993497 -0.00164379
 -0.000178928 -0.0138838 -0.0100133 0.00188211
 -6.52215e-05 -0.00699064 -0.00493943 0.00109675
 0.000373389 0.0307831 0.0189673 -0.00517865
 -0.000132458 -0.0287201 -0.0120253 0.00436832
 -2.0188e-05 -0.037551 -0.0109624 0.00488278
 0.000115257 -0.00592507 -0.000866431 0.000543019
 -3.63343e-05 0.0342256 -0.00381253 -0.00061119
 7.11102e-05 0.0385677 -0.0130236 0.00256693
 9.4454e-05 0.0112325 0.00709044 -0.00108396
 0.000237498 0.0192198 0.015735 -0.00245891
 3.68978e-05 -0.0113561 -0.00214409 0.000854378
 -0.000182569 -0.0144373 -0.00842017 0.00192353
 -3.08041e-06 -0.0043437 -0.00269691 0.00074001
 0.000112095 0.0087356 0.00571767 -0.00164418
 -8.22466e-05 -0.00877968 -0.0021185 0.00101459
 -3.57571e-05 -0.0124706 -0.00495548 0.00207234
 4.11681e-05 -0.00490505 -0.00397348 0.00143914
 1.62136e-07 0.00727516 -0.00259882 0.000348506
 -6.9519e-05 0.015296 -0.004537 0.000659505
 0.00023394 0.00596342 0.0155279 -0.00214346
 0.00012712 -0.00929383 0.00780487 -0.000523786
 3.12122e-05 -0.0358499 -0.0100117 0.00372425
 -0.000182762 -0.0298995 -0.0123504 0.00419567
 -7.22713e-05 -0.0171369 -0.00720754 0.00270804
 3.5814e-05 -0.000321322 -0.00286514 0.000726907
 -2.31873e-05 0.00311737 -0.0017669 0.000176262
 -4.62676e-05 0.00887705 -0.00408756 0.000514881
 3.64193e-05 0.00982049 -0.0106343 0.00275149
 0.000334705 0.00202589 -0.0130874 0.00442203
 0.000529608 0.00122055 0.0213756 -0.0029434
 0.000193484 -0.0285145 0.00574438 0.000885644
 -4.97174e-05 -0.0664851 -0.0196029 0.00800625
 6.04655e-05 -0.0375061 -0.0173388 0.00650238
 6.79506e-05 -0.019139 -0.009145 0.0035961
 0.000160006 -0.0302672 -0.0182182 0.00712238
 0.000195295 0.0163042 -0.0180253 0.00430292
 5.03111e-05 0.0501507 -0.0257201 0.00495041
 0.000729651 -0.00605747 -0.014853 0.00537925
 0.000211352 -0.0525762 0.000885069 0.00309885
 0.000488715 -0.045617 -0.00206186 0.00359854
 0.000175022 -0.101879 -0.0285442 0.013681
 0.000494475 -0.0277538 -0.0239459 0.00865129
 0.000426273 -0.0325515 -0.0253929 0.00978647
 0.00054335 -0.0207781 -0.0283796 0.010419
 0.000828587 -0.011504 -0.0303179 0.0109887
 0.00135788 -0.0346854 -0.0154114 0.00774394
 0.000381652 -0.0890864 -0.0106398 0.00838508
 0.000791824 -0.0826697 -0.0202888 0.0110962
 0.00128408 -0.105637 -0.0365613 0.0187853
 0.00136857 -0.103673 -0.0377266 0.0199154
 0.00133073 -0.0851405 -0.0279272 0.015846
 0.00185375 -0.0808096 -0.0217811 0.0141275
 0.00253409 -0.0777918 -0.00695237 0.00854785
 0.00143018 -0.0990803 -0.0225612 0.0137788
 0.00208662 -0.159713 -0.0275994 0.0213804
 0.00274832 -0.191207 -0.0202959 0.0225783
 0.00307629 -0.17474 -0.00254213 0.0157565
 0.0050232 -0.256746 0.0350161 0.00983284
 0.00407589 -0.140169 0.0238771 0.00331592
 0.00358023 -0.222827 -0.00260369 0.0198545
 0.00413849 -0.229937 0.0145223 0.015295
 0.00500922 -0.277504 0.052228 0.00659699
 0.00582213 -0.29851 0.0939204 -0.00732114
 0.00667933 -0.406486 0.195771 -0.0380693
 0.00537275 -0.311129 0.0589327 0.0074
 0.00548357 -0.303173 0.088018 -0.00399944
 0.00575174 -0.311667 0.126901 -0.0185428
 0.00660759 -0.450784 0.250874 -0.0553553
 0.00543404 -0.325036 0.131525 -0.0186964
 0.0059919 -0.383092 0.197855 -0.0395106
 0.00562674 -0.477969 0.303615 -0.0742064
 0.0056852 -0.471665 0.293324 -0.069646
 0.00193826 -0.540684 0.395802 -0.106825
 -0.00453967 -0.544309 0.446654 -0.129972

Fourier series term #5
 3.47753e-08 4.13417e-05 -1.60917e-06 -2.22911e-07
 -5.78283e-06 -0.000964283 -0.000384657 5.91554e-05
 3.8204e-05 0.00367035 0.00233433 -0.000351074
 -1.75322e-05 -0.00104426 -0.000831174 0.000128868
 -8.86933e-05 -0.00717663 -0.00514161 0.000971966
 0.000155292 0.0117437 0.00817387 -0.00182117
 -5.57142e-05 -0.00446592 -0.00249768 0.000703225
 -6.30933e-05 -0.0112434 -0.00516485 0.0018154
 3.01388e-05 0.00583345 0.00129242 -0.00065661
 -1.59845e-05 0.0192633 0.00203106 -0.00162171
 -4.96741e-05 0.0132184 -0.00125981 -0.000277572
 5.22664e-05 -0.00798788 0.00293517 -0.000587135
 -0.000134913 -0.0165484 -0.00885411 0.00137332
 0.000191618 0.0239255 0.0138922 -0.0024586
 -0.000170002 -0.0175679 -0.00906104 0.00182273
 0.000177922 0.00956826 0.00687181 -0.00137354
 -9.10917e-05 -0.0075653 -0.00493749 0.00123876
 -5.89963e-05 -0.00217103 0.000496932 -3.22935e-06
 8.24825e-05 0.00885477 0.0021344 -0.00103364
 1.30108e-05 -0.00341505 -0.0033112 0.00112152
 2.31827e-06 -0.0127856 -0.00200632 0.00137827
 -5.26098e-05 -0.00451893 0.00227219 -0.000465863
 -0.000156795 0.00947137 -0.00069731 -0.000291709
 0.000265675 0.0227796 0.0188919 -0.00337626
 0.000360986 0.0236906 0.0209426 -0.00402865
 -0.000155191 -0.0264777 -0.00799673 0.00260894
 4.79834e-05 -0.00586099 -0.00182932 0.000796671
 -1.84212e-05 -0.00757953 -0.00328664 0.00126976
 -6.18436e-05 -0.00865769 -0.000112066 0.000606935
 -2.67917e-05 0.00201872 0.00419448 -0.00134018
 -7.45173e-05 0.00391235 0.00467194 -0.00173167
 -7.78564e-05 -0.00366155 0.00257303 -0.000603273
 -3.59457e-05 -0.0116147 0.00300102 -0.000268907
 3.49394e-05 -0.0015772 0.0104716 -0.00164489
 2.79292e-05 -0.011219 0.00505469 -0.000299399
 0.000233897 -0.0179551 0.00148236 0.000947555
 -0.000107617 -0.0305941 -0.00728194 0.00368079
 -2.01081e-05 -0.0223151 -0.00264644 0.0022615
 8.54478e-06 -0.0362577 -0.00295136 0.00333089
 -0.000167531 -0.00176764 0.00824491 -0.00246037
 -0.000442494 0.0174568 0.00591148 -0.00318487
 -0.000166367 0.000497612 0.00131884 -0.000504149
 0.000227857 -0.0136885 0.0105923 -0.00120697
 0.000170527 -0.0221577 0.00992339 -0.000664578
 0.000205296 -0.0552788 -0.00403282 0.00476804
 2.24372e-05 -0.0489204 0.00374427 0.00244043
 7.59386e-05 -0.0273074 0.00688007 -5.11021e-05
 -6.79605e-05 -0.0156134 0.00942992 -0.00188011
 -0.000237729 -0.0139332 0.0112723 -0.00285506
 -0.000111797 -0.00963288 0.00484094 -0.00101972
 0.000327915 -0.033678 0.0156537 -0.00142917
 0.000222272 -0.0562485 0.0146097 9.15909e-05
 0.00051962 -0.100415 0.0134802 0.00344982
 0.000445314 -0.0794523 0.0191687 8.09734e-05
 0.000175235 -0.0317276 0.0149648 -0.00247564
 -4.83971e-05 -0.0230366 0.0145356 -0.0032543
 -0.00026313 -0.0202245 0.0143221 -0.00363814
 0.000349957 -0.0607083 0.0381147 -0.00671544
 0.000852543 -0.0952988 0.0286557 -0.00157092
 0.000415138 -0.0646946 0.0440385 -0.00963819
 0.000828657 -0.123528 0.0537819 -0.00851867
 0.000826435 -0.126791 0.0603247 -0.0110946
 -0.000606938 -0.0195392 0.0219991 -0.00661773
 0.000360342 -0.0744259 0.0627146 -0.0157812
 0.000503039 -0.112653 0.0711824 -0.0159015
 0.000325595 -0.119414 0.0769618 -0.0179958
 -0.000323641 -0.123201 0.0907179 -0.0237275
 -0.000756916 -0.178948 0.130818 -0.0350484
 0.00050313 -0.141488 0.087269 -0.0196633
 -0.000312487 -0.125178 0.0921941 -0.0237411
 -0.00173836 -0.109003 0.0975736 -0.0283224
 -0.00213352 -0.141075 0.118227 -0.0341154
 -0.0016145 -0.137071 0.115087 -0.0323379
 -0.00336016 -0.0850761 0.0925128 -0.0295854
 -0.0041607 -0.125019 0.11886 -0.0367125
 -0.0051041 -0.107336 0.112418 -0.0360587
 -0.00628563 -0.141588 0.137636 -0.0433223
 -0.0101255 -0.179498 0.176337 -0.0562471


