**************************************************************
***  MERIS LUT-169: Fourier series terms (s0,..,s5)[TERM]] ***
***                 of polynomial coefficients (k0,..,k3)  ***
***                 for each of 81 aerosol models [IAER],  ***
***                 & for each of 78 geometries [SVZA]     ***
***  - - - - - - - - - - - - - - - - - - - - - - - - - - - ***
***  => useful for multiplicative aer.scat.fct. retrieval  ***
**************************************************************

12 Gaussian angles (deg): SZA/VZA
------------------------         

 2.84 17.64 28.77 36.19 43.61 51.03 58.46 65.88 69.59 73.30 77.01 80.72

Coefficients: [SVZA x (k0,k1,k2,k3)]
------------                        

 Aerosol model #49
 - - - - - - -  

Fourier series term #0
 1.02161 1.54135 0.416502 -0.0766022
 1.02306 1.62197 0.451031 -0.0898457
 1.02575 1.76827 0.50531 -0.114235
 1.02841 1.91199 0.545891 -0.138103
 1.03156 2.08299 0.570947 -0.165877
 1.03491 2.28116 0.554056 -0.192469
 1.03771 2.50374 0.449797 -0.205188
 1.03843 2.73855 0.183015 -0.174858
 1.03758 2.85181 -0.0450514 -0.126452
 1.03656 2.94914 -0.35375 -0.0426434
 1.03824 2.99925 -0.734849 0.0830367
 1.05122 2.91518 -1.1021 0.230766
 1.02446 1.71238 0.487457 -0.107567
 1.02657 1.86777 0.521727 -0.127281
 1.02843 2.00943 0.535793 -0.144353
 1.03061 2.18803 0.526527 -0.162396
 1.03271 2.39532 0.467272 -0.175669
 1.03383 2.62096 0.315636 -0.171208
 1.0325 2.85064 0.00752271 -0.122351
 1.03056 2.95969 -0.234041 -0.0659413
 1.02847 3.05328 -0.548867 0.0235767
 1.02914 3.10178 -0.927894 0.151547
 1.04111 3.02065 -1.28709 0.297955
 1.03174 1.9975 0.573655 -0.163886
 1.03416 2.13886 0.570303 -0.181644
 1.03673 2.30351 0.534647 -0.197932
 1.03904 2.49101 0.444889 -0.20691
 1.04011 2.69233 0.266302 -0.196388
 1.03846 2.89365 -0.0558398 -0.141539
 1.03636 2.98896 -0.296219 -0.0834204
 1.03421 3.07064 -0.602951 0.00600363
 1.03491 3.11086 -0.967571 0.131688
 1.04689 3.02775 -1.3099 0.27448
 1.03478 2.28748 0.50817 -0.178646
 1.03697 2.44962 0.437054 -0.18492
 1.03861 2.62198 0.309618 -0.181128
 1.03885 2.804 0.0986773 -0.15669
 1.03642 2.98997 -0.244658 -0.0886534
 1.03408 3.0795 -0.490197 -0.0248381
 1.0318 3.157 -0.798121 0.0692505
 1.03264 3.19433 -1.15893 0.197755
 1.04504 3.10979 -1.49266 0.340978
 1.04013 2.57491 0.3573 -0.190342
 1.04124 2.73093 0.203385 -0.17726
 1.04077 2.88988 -0.0285001 -0.142488
 1.03783 3.05601 -0.382711 -0.0648661
 1.03548 3.13894 -0.628757 0.00272803
 1.03357 3.21065 -0.932025 0.0989793
 1.03526 3.24191 -1.28162 0.227136
 1.04911 3.14997 -1.59626 0.366451
 1.04161 2.86189 0.0252566 -0.153143
 1.04051 3.00789 -0.224039 -0.107737
 1.03711 3.15963 -0.589613 -0.0189786
 1.03482 3.23596 -0.837151 0.0535203
 1.0333 3.30242 -1.1377 0.15336
 1.03594 3.32792 -1.47751 0.282364
 1.05133 3.22844 -1.77357 0.418565
 1.03883 3.13607 -0.48858 -0.0499238
 1.03541 3.28475 -0.865179 0.0509826
 1.03349 3.35717 -1.11458 0.129211
 1.03291 3.41554 -1.41039 0.232957
 1.03726 3.42911 -1.73524 0.362072
 1.0553 3.31264 -2.00149 0.491886
 1.0328 3.42059 -1.24814 0.165463
 1.03201 3.48974 -1.49659 0.249523
 1.03349 3.53999 -1.78158 0.355764
 1.04114 3.53307 -2.07751 0.480855
 1.06368 3.38302 -2.29064 0.59661
 1.03234 3.54917 -1.73744 0.33471
 1.03561 3.58885 -2.0084 0.439593
 1.04587 3.56688 -2.27911 0.55874
 1.07171 3.39258 -2.45043 0.661568
 1.04145 3.6074 -2.25208 0.538552
 1.05513 3.56068 -2.48312 0.646408
 1.08506 3.35521 -2.59713 0.729834
 1.07322 3.47469 -2.65191 0.73409
 1.10772 3.22647 -2.68609 0.788498
 1.14605 2.9267 -2.61768 0.802984

Fourier series term #1
 -0.000117855 -0.00800505 -0.00246345 0.000421186
 -0.000126723 -0.00605743 -0.00334503 0.000464216
 -0.000309998 -0.0154964 -0.00639169 0.00112174
 -0.00038937 -0.0175019 -0.00629632 0.0012327
 -0.000487684 -0.0186449 -0.00484811 0.0011581
 -0.000559133 -0.0195363 -0.000496157 0.000261111
 -0.000647747 -0.0180211 0.00599974 -0.00132029
 -0.000715964 -0.0122864 0.0141199 -0.00393185
 -0.000756299 -0.00710026 0.0175719 -0.00541161
 -0.000835736 8.01683e-05 0.0190939 -0.00653373
 -0.000964406 0.00929188 0.0171886 -0.00668948
 -0.00110143 0.0200376 0.0103786 -0.00506971
 -0.00104603 -0.0529676 -0.0237847 0.00398163
 -0.00180407 -0.0861891 -0.032231 0.00599585
 -0.00234278 -0.106446 -0.0303117 0.00630808
 -0.00282774 -0.118423 -0.0151826 0.00350165
 -0.00342268 -0.11827 0.0101579 -0.00157155
 -0.0039317 -0.102473 0.0484189 -0.0115517
 -0.00447334 -0.0602763 0.0888906 -0.0254319
 -0.00488863 -0.0258958 0.102161 -0.0320851
 -0.00555311 0.0188868 0.103226 -0.0360806
 -0.00653375 0.0743418 0.0840278 -0.0339827
 -0.00754194 0.137347 0.0379663 -0.0219029
 -0.0032894 -0.133378 -0.0400637 0.00917883
 -0.00422162 -0.158154 -0.0294458 0.00803321
 -0.00515192 -0.175381 -0.00348147 0.00326669
 -0.00591269 -0.17103 0.040497 -0.00728843
 -0.00645263 -0.135301 0.0970683 -0.0245013
 -0.00697074 -0.060995 0.147279 -0.0453731
 -0.00745603 -0.00668775 0.158844 -0.0542145
 -0.00822025 0.0600538 0.151895 -0.058514
 -0.00946623 0.140126 0.115498 -0.0533944
 -0.0104928 0.227496 0.0438653 -0.0344381
 -0.00524866 -0.187868 -0.00760003 0.0036215
 -0.00633919 -0.197452 0.0293805 -0.00453553
 -0.0072657 -0.183722 0.0803206 -0.0180468
 -0.00797366 -0.131989 0.13633 -0.0368275
 -0.00878629 -0.0344854 0.174749 -0.0563508
 -0.00938881 0.0320908 0.175889 -0.0629359
 -0.0104854 0.112565 0.153256 -0.062885
 -0.0119434 0.205596 0.0979879 -0.0516879
 -0.0128817 0.303868 0.00534035 -0.0249443
 -0.00757889 -0.198302 0.0728021 -0.0155146
 -0.00847986 -0.167094 0.126432 -0.0320787
 -0.00924473 -0.100788 0.17533 -0.0515419
 -0.0101719 0.011136 0.196923 -0.0686613
 -0.0109713 0.0864605 0.184772 -0.072104
 -0.01208 0.174524 0.147698 -0.0680365
 -0.0134215 0.2741 0.0762807 -0.0515134
 -0.0137621 0.374867 -0.0302557 -0.019419
 -0.00950364 -0.121517 0.171994 -0.049008
 -0.0103922 -0.0371048 0.203911 -0.0665234
 -0.0117293 0.0861826 0.197709 -0.0770584
 -0.0126609 0.165156 0.169367 -0.0756893
 -0.0139256 0.257221 0.114095 -0.0655043
 -0.0151324 0.359026 0.0251989 -0.0423082
 -0.0147796 0.457587 -0.0945694 -0.0041557
 -0.0117167 0.0575844 0.208446 -0.07788
 -0.0133656 0.191403 0.168446 -0.0789298
 -0.0145218 0.272328 0.120722 -0.0709038
 -0.0157822 0.362559 0.0469608 -0.0533548
 -0.016655 0.45945 -0.0579799 -0.0226906
 -0.0151955 0.546826 -0.18483 0.0203695
 -0.0153942 0.324713 0.0900532 -0.0663382
 -0.0166339 0.406016 0.0210371 -0.0496814
 -0.0175992 0.492502 -0.0706081 -0.0239138
 -0.0175675 0.577202 -0.18587 0.0134053
 -0.014335 0.641816 -0.309503 0.0590264
 -0.0177647 0.482556 -0.0563617 -0.0287882
 -0.0183232 0.563352 -0.154181 0.000815365
 -0.0174799 0.639259 -0.270773 0.040516
 -0.0129354 0.688104 -0.386398 0.0853968
 -0.0181331 0.63222 -0.252119 0.0325805
 -0.0161739 0.694298 -0.364394 0.0730393
 -0.00995851 0.723739 -0.465552 0.114852
 -0.0125636 0.733903 -0.461274 0.110478
 -0.00432996 0.736882 -0.53698 0.145098
 0.00595836 0.705651 -0.573701 0.166988

Fourier series term #2
 -1.55704e-05 -0.00111342 -0.000299992 5.53207e-05
 8.84489e-06 0.000578502 0.000141799 -2.78104e-05
 6.33978e-07 -0.000104856 -9.85173e-05 2.2488e-05
 1.76877e-07 -0.000239795 -0.000214758 5.03955e-05
 3.11699e-06 -0.000200426 -0.00031482 7.62491e-05
 4.95441e-06 -0.000261486 -0.000475151 0.000125265
 5.63081e-06 -0.000485039 -0.000633899 0.000188806
 7.10733e-06 -0.000754963 -0.000642334 0.000225493
 7.78528e-06 -0.000940431 -0.00053858 0.000215522
 7.88452e-06 -0.00115188 -0.00032893 0.000169757
 5.93863e-06 -0.0013137 -1.78951e-05 7.81018e-05
 -3.49741e-06 -0.00130243 0.000294282 -3.75489e-05
 5.63225e-05 0.00190996 -0.000319727 7.9619e-05
 8.48446e-05 -0.000270941 -0.00329659 0.000740583
 7.15618e-05 -0.00615001 -0.00780701 0.00185025
 0.00012734 -0.00919168 -0.0127011 0.00319233
 0.000216959 -0.0131128 -0.0177406 0.00479606
 0.000294032 -0.0210844 -0.0214966 0.0065459
 0.000378255 -0.0331623 -0.0195049 0.00720334
 0.00043519 -0.0398019 -0.0145865 0.00640357
 0.00048695 -0.0457997 -0.00643448 0.004389
 0.000459292 -0.0497513 0.00437756 0.00104077
 0.000141208 -0.0490278 0.0148423 -0.00289833
 0.000139355 -0.00662243 -0.0125961 0.00305633
 0.000227359 -0.01195 -0.0220977 0.00561418
 0.000266928 -0.0246206 -0.0350211 0.00962381
 0.000315565 -0.0415397 -0.0472049 0.0143282
 0.000388455 -0.0633866 -0.0527643 0.0183524
 0.000537108 -0.090334 -0.0433599 0.0189296
 0.000664534 -0.104052 -0.0301134 0.0164926
 0.000793336 -0.116091 -0.0102753 0.0113532
 0.000731202 -0.12364 0.0146534 0.00336216
 6.88142e-06 -0.12125 0.0383383 -0.00589096
 0.000354765 -0.0250844 -0.0362701 0.00959393
 0.00047442 -0.0432625 -0.0521304 0.0148859
 0.000527564 -0.0736034 -0.0653251 0.020872
 0.000630546 -0.110303 -0.0666051 0.0249879
 0.000906429 -0.148587 -0.0460534 0.0233567
 0.00113276 -0.166714 -0.0246465 0.0187034
 0.00132578 -0.182053 0.00471447 0.0105541
 0.00122718 -0.191252 0.0400159 -0.00122311
 0.00015057 -0.186843 0.0724211 -0.0142847
 0.000465906 -0.0739409 -0.0715223 0.0224213
 0.00052425 -0.113773 -0.0819278 0.0289732
 0.000629283 -0.164347 -0.0758956 0.0325253
 0.00099738 -0.214606 -0.0426133 0.0281813
 0.00127993 -0.236608 -0.0130655 0.0211649
 0.00150684 -0.2546 0.0255019 0.00989027
 0.00129804 -0.264645 0.070188 -0.00557381
 -0.000240427 -0.25755 0.110051 -0.0222507
 0.000582343 -0.168255 -0.0851919 0.0350449
 0.000814273 -0.226588 -0.067392 0.0360811
 0.00130483 -0.287621 -0.0196771 0.0278683
 0.00164778 -0.314797 0.01826 0.0181507
 0.00186356 -0.336296 0.0655255 0.00365016
 0.00148949 -0.347606 0.118583 -0.0154182
 -0.000585609 -0.337901 0.164253 -0.0353141
 0.00114759 -0.296228 -0.0359382 0.033612
 0.00180099 -0.361995 0.026271 0.0203406
 0.0021377 -0.39301 0.0715909 0.00776848
 0.00224672 -0.419062 0.126417 -0.00984246
 0.00153983 -0.433013 0.185932 -0.0319799
 -0.0012657 -0.421564 0.234877 -0.0542663
 0.00244113 -0.437752 0.102989 0.00143839
 0.00262988 -0.469956 0.153584 -0.0138474
 0.00242484 -0.496241 0.212305 -0.0339626
 0.00111207 -0.510715 0.273963 -0.057981
 -0.00276065 -0.497215 0.321018 -0.0806989
 0.00261225 -0.50482 0.206488 -0.0303328
 0.00209525 -0.530919 0.265481 -0.0511638
 0.000299654 -0.542677 0.324615 -0.0750093
 -0.00428144 -0.525474 0.366402 -0.0963836
 0.00112376 -0.558185 0.324122 -0.0723469
 -0.00134479 -0.566891 0.378363 -0.0950158
 -0.00677335 -0.543332 0.410651 -0.113434
 -0.004695 -0.573072 0.425553 -0.115381
 -0.011089 -0.542549 0.444844 -0.12918
 -0.0184241 -0.506133 0.448915 -0.136938

Fourier series term #3
 -1.52589e-06 -0.000108746 -2.93171e-05 5.44682e-06
 9.12079e-07 6.51275e-05 1.78391e-05 -3.63322e-06
 -5.7193e-08 -2.66531e-06 7.40375e-07 -8.03115e-08
 -4.25002e-08 -2.29429e-06 2.24799e-06 -4.17219e-07
 1.96604e-07 1.66913e-05 8.2257e-06 -2.12374e-06
 -5.06287e-07 -2.81187e-05 -3.38398e-06 1.5908e-06
 2.59372e-07 2.02348e-05 4.5083e-06 -1.85851e-06
 6.29149e-07 3.93507e-05 -2.62258e-06 -9.56507e-07
 1.17145e-07 -4.66501e-06 -9.40869e-06 3.19356e-06
 -9.51154e-08 -3.81777e-05 -8.51516e-06 4.87368e-06
 2.99813e-07 -2.62898e-05 -9.03137e-06 4.63452e-06
 1.21742e-06 1.34072e-05 -2.02677e-05 6.4936e-06
 -8.36407e-06 -0.000512718 -6.34736e-05 1.74498e-05
 3.97674e-05 0.00320817 0.00119877 -0.000279858
 -4.18438e-06 0.00030838 0.000635716 -0.000133421
 -1.87627e-05 -0.000418664 0.000575501 -0.000109607
 -4.90617e-06 0.000625274 0.000674582 -0.000170968
 2.21909e-05 0.00199777 0.000114991 -8.77227e-05
 6.01935e-05 0.00258336 -0.00141862 0.000317572
 8.58297e-05 0.0022174 -0.00233959 0.00062887
 0.000120997 0.00129285 -0.00301723 0.000922994
 0.000169127 -0.000180657 -0.00306057 0.00105583
 0.000222304 -0.00202978 -0.00214257 0.000861026
 2.0202e-05 0.00232049 0.00187565 -0.000448621
 3.11892e-05 0.00381045 0.00290875 -0.0007534
 8.14878e-06 0.00260587 0.00266163 -0.000714629
 3.80283e-05 0.00371045 0.0015066 -0.000512971
 0.000132956 0.00681557 -0.00161685 0.000181701
 0.000262212 0.00747002 -0.00710939 0.00185223
 0.000348745 0.0058037 -0.0098724 0.00293481
 0.000461765 0.00251769 -0.0115911 0.00387296
 0.000620504 -0.00241069 -0.0110825 0.00419984
 0.000784839 -0.00835472 -0.00756356 0.00344915
 1.74368e-05 0.00417974 0.00349136 -0.000917324
 7.7211e-05 0.00823215 0.00356425 -0.00112908
 0.00014563 0.00966037 0.000324048 -0.000415997
 0.000288551 0.0109149 -0.0061221 0.001327
 0.000524956 0.00933231 -0.0143419 0.00408083
 0.000682233 0.00585569 -0.017692 0.00556701
 0.000903275 -2.92229e-06 -0.0188473 0.0065826
 0.00118726 -0.00801593 -0.0164158 0.00651531
 0.00146306 -0.0172943 -0.00945386 0.00473317
 0.000172295 0.0118266 0.00162877 -0.000841939
 0.000347828 0.0170131 -0.00404956 0.000445109
 0.000554956 0.0153264 -0.0140558 0.0035486
 0.000886478 0.00795024 -0.0242447 0.00758761
 0.00113967 0.00173459 -0.0271813 0.00931161
 0.00146571 -0.00673376 -0.0269321 0.0102121
 0.00186745 -0.0175104 -0.021787 0.00950062
 0.00221459 -0.0293195 -0.0110968 0.00655642
 0.000586231 0.0188202 -0.0132508 0.00308592
 0.000933742 0.0169222 -0.025102 0.00712997
 0.00143457 0.00295799 -0.034474 0.0117814
 0.00179227 -0.00737169 -0.035464 0.0133556
 0.00226148 -0.0194512 -0.032019 0.0135662
 0.00279731 -0.0330153 -0.0227602 0.0116417
 0.00320398 -0.0465998 -0.00757987 0.00708848
 0.00143976 0.00814469 -0.0363097 0.0118986
 0.00219612 -0.00723511 -0.0421134 0.0159734
 0.00271019 -0.0202292 -0.0397433 0.0167616
 0.00332241 -0.0360727 -0.0317733 0.0157298
 0.00397331 -0.0528945 -0.0172038 0.0120505
 0.0043636 -0.0677614 0.00258537 0.00567868
 0.00324579 -0.029133 -0.0403141 0.0182611
 0.00394171 -0.0419398 -0.0336077 0.0174746
 0.00468794 -0.0567337 -0.0215981 0.0147696
 0.00537164 -0.0737458 -0.00273501 0.00926678
 0.00561293 -0.0886544 0.0205898 0.00121336
 0.00470964 -0.0568437 -0.0237087 0.0156291
 0.00547849 -0.0709365 -0.0096607 0.0119488
 0.00611367 -0.0853093 0.00980085 0.00578174
 0.0061989 -0.0976464 0.0327785 -0.00257371
 0.00619707 -0.0858232 0.00679496 0.0072458
 0.00670882 -0.0978429 0.0265313 0.00051329
 0.0065657 -0.105346 0.0469211 -0.00748227
 0.00696161 -0.108482 0.0461386 -0.00651837
 0.00647173 -0.110995 0.0625626 -0.0135653
 0.00555698 -0.109554 0.074479 -0.0192705

Fourier series term #4
 1.05665e-08 8.98873e-07 2.76174e-07 -5.27916e-08
 1.30853e-07 9.70071e-06 2.58363e-06 -5.15056e-07
 -4.51943e-08 -3.75455e-06 -9.25086e-07 1.7714e-07
 2.34655e-07 1.58388e-05 4.5247e-06 -1.13957e-06
 -1.81339e-07 -1.17968e-05 -3.23934e-06 9.50759e-07
 -6.86596e-08 -6.05275e-06 -1.21922e-06 4.21792e-07
 3.47909e-07 2.23989e-05 4.26534e-06 -1.88417e-06
 -2.57538e-07 -2.10422e-05 -7.72535e-07 1.13416e-06
 -3.18068e-07 -2.65707e-05 7.15068e-07 1.09347e-06
 1.08656e-08 -3.19171e-06 6.00043e-07 -2.42e-08
 3.99316e-07 2.59259e-05 -6.06945e-06 6.1299e-07
 5.67222e-07 2.78577e-05 -1.01842e-05 2.07965e-06
 -3.87967e-05 -0.00275584 -0.000768651 0.000172143
 2.65447e-05 0.0019469 0.000529177 -0.000133069
 8.85017e-06 0.000669475 0.000206957 -5.48023e-05
 -4.67527e-06 -0.000273963 9.20395e-06 3.89202e-06
 -8.27052e-06 -0.000367202 9.5113e-05 -1.36667e-05
 -1.07564e-05 -0.000188825 0.000297888 -7.38017e-05
 -1.38293e-05 0.000172957 0.000447226 -0.000139453
 -1.53234e-05 0.000414571 0.000413768 -0.000147479
 -1.63552e-05 0.000648517 0.000266876 -0.000118605
 -1.51001e-05 0.000803104 2.46932e-05 -4.81709e-05
 -7.02459e-06 0.0007858 -0.000210688 3.84949e-05
 1.71734e-05 0.00118942 0.000417377 -0.000116356
 3.83433e-05 0.00284873 0.0010118 -0.000306955
 -2.80396e-06 0.000556511 0.000775635 -0.000210288
 -4.45802e-05 -0.00132961 0.00103015 -0.000227713
 -6.0368e-05 -0.000667334 0.00199921 -0.000552474
 -6.86521e-05 0.00145231 0.00250572 -0.000879575
 -7.4098e-05 0.00267449 0.00216258 -0.00088576
 -7.88811e-05 0.00375216 0.00129504 -0.000701372
 -7.24905e-05 0.00441023 2.8036e-05 -0.000317871
 -3.25832e-05 0.00428394 -0.00116617 0.000141866
 2.96676e-06 0.00115282 0.000987086 -0.000269065
 -1.06144e-05 0.00185653 0.00203488 -0.000581381
 -7.43289e-05 -0.000127787 0.00299761 -0.000816368
 -0.000125275 0.000155177 0.00428264 -0.00127322
 -0.000153641 0.0038948 0.00443425 -0.00164798
 -0.000168486 0.00614663 0.0034105 -0.00152727
 -0.000178405 0.00812866 0.00152539 -0.00107643
 -0.000165838 0.00928382 -0.000938012 -0.000301598
 -8.82403e-05 0.00891763 -0.00307877 0.000548626
 -6.75702e-05 0.000620532 0.00356053 -0.000992194
 -0.00010607 0.00313644 0.00599902 -0.00187739
 -0.000184349 0.00442987 0.00736013 -0.00252365
 -0.000251355 0.00837487 0.00639562 -0.00268646
 -0.000278949 0.0111975 0.00442817 -0.00233239
 -0.000296876 0.0137944 0.00134068 -0.00152526
 -0.000275616 0.01528 -0.00240965 -0.000295321
 -0.000151945 0.0146448 -0.00555836 0.00100188
 -0.000187328 0.00546727 0.00850883 -0.0028925
 -0.000256323 0.0123256 0.00940504 -0.00383469
 -0.000371065 0.016818 0.00659101 -0.00354345
 -0.000427877 0.0189076 0.00355789 -0.00279476
 -0.000462003 0.0209242 -0.000554048 -0.00156964
 -0.000436308 0.0220569 -0.00526825 8.69096e-05
 -0.000268951 0.0209232 -0.00907905 0.00174544
 -0.000382001 0.0188117 0.00866877 -0.00434999
 -0.000525998 0.0278221 0.00345799 -0.00360178
 -0.000606319 0.0300422 -0.000668177 -0.00245155
 -0.000661103 0.0305668 -0.00535997 -0.000834891
 -0.000632889 0.0298339 -0.0101167 0.00107641
 -0.000432661 0.0271072 -0.0136187 0.00284887
 -0.000736109 0.0346459 -0.00302404 -0.00215011
 -0.000824642 0.0384786 -0.00803252 -0.000738668
 -0.000879651 0.0407151 -0.0136714 0.00118543
 -0.000837755 0.0393412 -0.0182914 0.00321997
 -0.000602006 0.03424 -0.0203297 0.00474276
 -0.00091561 0.0403558 -0.0123241 0.000639987
 -0.000965461 0.0427474 -0.0178291 0.00255377
 -0.000904904 0.0426731 -0.0227628 0.00463669
 -0.000638601 0.0377353 -0.0244319 0.00603549
 -0.00101674 0.0430269 -0.0218771 0.00416032
 -0.00093495 0.0431166 -0.0262575 0.00604211
 -0.000635213 0.0394476 -0.0279932 0.00735677
 -0.000849433 0.0410232 -0.0283402 0.00723197
 -0.000556423 0.0375926 -0.0292047 0.00815023
 -0.000286455 0.0324128 -0.0273124 0.0080081

Fourier series term #5
 3.4307e-08 2.51552e-06 6.64773e-07 -1.11404e-07
 -7.91847e-08 -5.56003e-06 -1.59058e-06 3.28514e-07
 8.05e-08 6.12942e-06 1.61564e-06 -3.40112e-07
 9.19931e-09 -4.34434e-07 1.41984e-07 -8.51814e-08
 -9.91843e-08 -6.60266e-06 -1.77439e-06 5.07081e-07
 1.41752e-07 9.09372e-06 2.17352e-06 -7.44157e-07
 -4.02723e-08 -3.23637e-06 -4.05996e-07 1.93354e-07
 -1.10882e-07 -8.18648e-06 -6.98396e-07 5.83535e-07
 7.45482e-08 4.89352e-06 -1.32392e-07 -2.18235e-07
 1.77291e-07 1.41451e-05 -1.76372e-06 -1.63173e-07
 9.85398e-08 8.66185e-06 -2.02252e-06 2.11691e-07
 -1.11514e-07 -6.09299e-06 2.43688e-06 -5.33614e-07
 -3.99754e-05 -0.00285508 -0.000787324 0.000177397
 9.88453e-06 0.000731886 0.000188816 -4.84576e-05
 6.64633e-06 0.00049124 0.000127025 -3.52898e-05
 7.84978e-07 3.99309e-05 4.84934e-06 -1.68232e-06
 -3.28679e-07 -6.57422e-05 -2.84295e-05 8.92279e-06
 -3.41675e-07 -8.25807e-05 -2.88315e-05 1.0658e-05
 -6.20346e-07 -8.73943e-05 2.27637e-06 3.09619e-06
 -1.2484e-06 -8.62156e-05 2.99769e-05 -5.15683e-06
 -2.13628e-06 -6.40105e-05 5.72873e-05 -1.53314e-05
 -3.31269e-06 -1.11554e-05 6.47444e-05 -2.13706e-05
 -4.32768e-06 5.70628e-05 3.8094e-05 -1.61538e-05
 -5.29321e-06 -0.000364731 -0.000114342 3.24837e-05
 3.32175e-05 0.00222138 0.000563062 -0.000186807
 2.15858e-05 0.00136858 0.00027076 -0.000108171
 7.31083e-07 -0.000213217 -0.000161535 5.22498e-05
 -6.53795e-06 -0.000790178 -0.000183115 9.03263e-05
 -1.09049e-05 -0.000835371 0.00014283 2.58043e-06
 -1.43438e-05 -0.000680526 0.000363339 -7.76989e-05
 -1.96623e-05 -0.000391673 0.000529196 -0.000156766
 -2.77692e-05 1.6126e-05 0.000538293 -0.000195273
 -3.49108e-05 0.000472703 0.000329124 -0.00015611
 1.73998e-05 0.0010912 0.000171999 -7.00576e-05
 3.92672e-05 0.00263384 0.000369507 -0.000178504
 1.40165e-05 0.000561053 -9.53139e-05 5.7915e-06
 -1.50697e-05 -0.00169872 -0.000102034 0.000112544
 -3.11312e-05 -0.00198344 0.000652705 -9.25554e-05
 -4.0802e-05 -0.00156056 0.00108382 -0.000261657
 -5.56307e-05 -0.00078754 0.00132159 -0.000404204
 -7.55583e-05 0.000233097 0.0011751 -0.000437699
 -9.13156e-05 0.00132497 0.000551145 -0.000292532
 2.03933e-05 0.000904246 -8.72835e-05 -9.22836e-06
 2.24486e-05 0.00129682 0.000116464 -8.98654e-05
 -2.2745e-05 -0.00151447 0.000506935 -6.96581e-05
 -6.87948e-05 -0.00303823 0.00175407 -0.000382157
 -9.03105e-05 -0.0024239 0.00235775 -0.000640397
 -0.00011724 -0.00106881 0.00256598 -0.000836091
 -0.00015053 0.000758185 0.00208519 -0.000827973
 -0.000171292 0.00271305 0.000814209 -0.000514381
 -1.52682e-05 -0.00103918 0.000460161 -7.93266e-05
 -4.29205e-05 -0.000468324 0.00173354 -0.000523926
 -0.000118714 -0.00179209 0.00325478 -0.000989084
 -0.000162395 -0.0016242 0.00382946 -0.00123944
 -0.000210519 -0.000221215 0.00377603 -0.00137617
 -0.000260836 0.00215249 0.0027218 -0.00122057
 -0.000284435 0.0048762 0.000592743 -0.000645846
 -0.000114001 -0.00151384 0.00338914 -0.00104079
 -0.000194672 0.00199352 0.00428793 -0.0017089
 -0.000259043 0.00311401 0.00420424 -0.00183768
 -0.000331739 0.00412416 0.00357292 -0.0017544
 -0.000397011 0.00595249 0.00191022 -0.0013252
 -0.000409323 0.00839731 -0.000870313 -0.000456867
 -0.000326152 0.00432537 0.00448436 -0.0021085
 -0.000401999 0.00794537 0.00297929 -0.00194375
 -0.000477721 0.011715 0.000415495 -0.00137695
 -0.000528706 0.0140799 -0.00257222 -0.000451988
 -0.000489046 0.015221 -0.00561717 0.000702696
 -0.000489985 0.0100872 0.00151352 -0.00165286
 -0.000559007 0.0143945 -0.00177864 -0.000838634
 -0.000579865 0.0183614 -0.00606673 0.000471217
 -0.000479043 0.019852 -0.00971879 0.00187597
 -0.000619984 0.0168444 -0.00458934 -4.87152e-06
 -0.000590454 0.021063 -0.00941613 0.00153237
 -0.000407607 0.0236601 -0.0140338 0.00325629
 -0.000518288 0.0228969 -0.0129219 0.00281737
 -0.000235739 0.0252424 -0.0173834 0.00453286
 0.000151397 0.0246251 -0.0190848 0.00537368


