**************************************************************
***  MERIS LUT-169: Fourier series terms (s0,..,s5)[TERM]] ***
***                 of polynomial coefficients (k0,..,k3)  ***
***                 for each of 81 aerosol models [IAER],  ***
***                 & for each of 78 geometries [SVZA]     ***
***  - - - - - - - - - - - - - - - - - - - - - - - - - - - ***
***  => useful for multiplicative aer.scat.fct. retrieval  ***
**************************************************************

12 Gaussian angles (deg): SZA/VZA
------------------------         

 2.84 17.64 28.77 36.19 43.61 51.03 58.46 65.88 69.59 73.30 77.01 80.72

Coefficients: [SVZA x (k0,k1,k2,k3)]
------------                        

 Aerosol model #54
 - - - - - - -  

Fourier series term #0
 1.00198 0.454982 0.110705 -0.0176946
 1.00544 0.780275 0.317972 -0.0471225
 1.01548 1.54949 0.892005 -0.138394
 1.02252 1.95495 1.2462 -0.21251
 1.02965 2.40241 1.5854 -0.309361
 1.03413 2.81481 1.77907 -0.411389
 1.03302 3.23534 1.74976 -0.498987
 1.02122 3.82033 1.3759 -0.526674
 1.00878 4.12582 0.914746 -0.459207
 0.993116 4.42075 0.200447 -0.292602
 0.980936 4.70772 -0.776153 0.00119013
 0.995869 4.8566 -1.87649 0.403176
 1.01121 1.18879 0.634717 -0.0936694
 1.01919 1.63177 0.990389 -0.164196
 1.02609 1.99726 1.26378 -0.236646
 1.03328 2.40753 1.53527 -0.333078
 1.03935 2.82771 1.72591 -0.444015
 1.04064 3.25275 1.7318 -0.546234
 1.03128 3.70649 1.3746 -0.57608
 1.02118 3.98392 0.965191 -0.521697
 1.00808 4.308 0.32296 -0.378393
 0.997701 4.64228 -0.596444 -0.106105
 1.01314 4.81094 -1.66768 0.285263
 1.02473 1.89575 1.15254 -0.212715
 1.0294 2.17202 1.28709 -0.267278
 1.03343 2.4926 1.40188 -0.33527
 1.03555 2.88882 1.48023 -0.417528
 1.03306 3.30677 1.41551 -0.488569
 1.02043 3.79129 1.04006 -0.492124
 1.00879 4.07793 0.638395 -0.4272
 0.994486 4.41215 0.0106025 -0.27598
 0.983226 4.76965 -0.892807 0.000693715
 0.99785 4.987 -1.95543 0.393733
 1.03273 2.36755 1.32844 -0.309045
 1.03473 2.62439 1.35437 -0.361388
 1.03449 2.89729 1.31999 -0.414513
 1.0303 3.31605 1.22222 -0.472003
 1.0167 3.79527 0.846398 -0.464586
 1.00514 4.11278 0.460566 -0.39965
 0.99123 4.45602 -0.147354 -0.248638
 0.980662 4.84108 -1.02766 0.0243255
 0.995722 5.12137 -2.07948 0.413855
 1.0345 2.77747 1.28076 -0.389834
 1.03217 2.99238 1.17817 -0.422315
 1.02596 3.30942 1.00135 -0.448613
 1.01111 3.83102 0.608365 -0.427393
 0.999444 4.17304 0.217813 -0.355473
 0.985847 4.53251 -0.381162 -0.200624
 0.975877 4.9343 -1.23463 0.069142
 0.991927 5.24553 -2.26354 0.453362
 1.02807 3.14156 1.01496 -0.431631
 1.01999 3.43564 0.774753 -0.431693
 1.00382 3.86675 0.3105 -0.3709
 0.991816 4.20587 -0.0936566 -0.285874
 0.978366 4.63713 -0.700134 -0.124615
 0.9697 5.07813 -1.55084 0.14989
 0.988529 5.3648 -2.54068 0.528411
 1.01011 3.64089 0.463221 -0.394912
 0.992677 4.08116 -0.0751331 -0.296016
 0.980851 4.39222 -0.505221 -0.190647
 0.969765 4.7159 -1.11957 -0.00700379
 0.964132 5.17449 -1.96437 0.274251
 0.987858 5.52208 -2.94051 0.650285
 0.975165 4.46561 -0.676824 -0.152184
 0.965319 4.74475 -1.15897 -0.0134311
 0.958481 5.00225 -1.77508 0.190717
 0.958944 5.40558 -2.58575 0.476196
 0.992296 5.65592 -3.45926 0.830181
 0.958274 4.91479 -1.61712 0.133887
 0.953688 5.21207 -2.22998 0.340217
 0.959611 5.60901 -3.03572 0.631065
 1.00151 5.74244 -3.80567 0.960095
 0.953701 5.50509 -2.83191 0.549662
 0.968487 5.76187 -3.54287 0.823877
 1.02096 5.78135 -4.17839 1.11363
 0.99389 5.83252 -4.08078 1.05197
 1.05947 5.75234 -4.55774 1.28806
 1.1364 5.44945 -4.73233 1.41803

Fourier series term #1
 -0.000242072 -0.0392607 -0.0152939 0.00221903
 -0.000968204 -0.0900088 -0.0559487 0.00746139
 -0.0013816 -0.0730632 -0.0648793 0.00873747
 -0.00142993 -0.059762 -0.0526698 0.00787879
 -0.00143365 -0.0508535 -0.0350966 0.00635863
 -0.00140783 -0.0507219 -0.0161677 0.0044496
 -0.00109635 -0.0331294 0.0166094 -0.00199637
 -0.000937387 -0.0131156 0.0479665 -0.0109797
 -0.00103195 -0.00647632 0.0565088 -0.0146129
 -0.00131404 0.00417251 0.0589386 -0.0171912
 -0.00195992 0.026238 0.0512525 -0.0172805
 -0.00285096 0.0538971 0.0282317 -0.0117908
 -0.00509237 -0.347344 -0.267812 0.0358923
 -0.00793158 -0.42222 -0.345883 0.0525297
 -0.00894697 -0.396032 -0.314428 0.0544082
 -0.00875432 -0.325459 -0.207809 0.0435478
 -0.00813965 -0.285239 -0.0782199 0.0256665
 -0.00619434 -0.198651 0.100789 -0.0130894
 -0.00419358 -0.0866426 0.271148 -0.0665871
 -0.00405095 -0.0269239 0.330037 -0.0929796
 -0.00512969 0.0558999 0.35701 -0.11456
 -0.0082123 0.178949 0.321556 -0.119387
 -0.0123782 0.330079 0.192482 -0.0896867
 -0.0109714 -0.543977 -0.401852 0.0698208
 -0.0123746 -0.571741 -0.372515 0.074529
 -0.0126815 -0.561974 -0.277516 0.0680286
 -0.0111112 -0.430637 -0.0770509 0.0328739
 -0.00900576 -0.294114 0.149161 -0.020082
 -0.00732645 -0.104197 0.364143 -0.0911426
 -0.00777113 0.0286133 0.435864 -0.126839
 -0.0102854 0.177231 0.449103 -0.149622
 -0.0156792 0.339645 0.373619 -0.14432
 -0.0224416 0.519048 0.187328 -0.0955568
 -0.0137892 -0.636256 -0.339831 0.0796952
 -0.01363 -0.61166 -0.228989 0.0675499
 -0.0124191 -0.535193 -0.0578523 0.0366597
 -0.0102042 -0.334887 0.18346 -0.0271768
 -0.00886625 -0.103427 0.397359 -0.104494
 -0.00984555 0.049414 0.471137 -0.143717
 -0.0129593 0.21794 0.477495 -0.166862
 -0.0191649 0.399806 0.389814 -0.159321
 -0.0271491 0.63712 0.172735 -0.103204
 -0.0134628 -0.621778 -0.127998 0.0537106
 -0.0122188 -0.537027 0.0297417 0.0193315
 -0.0106823 -0.389403 0.217552 -0.0350646
 -0.0104612 -0.107186 0.417147 -0.116213
 -0.0121273 0.0468304 0.477325 -0.153004
 -0.0158392 0.235182 0.47071 -0.173953
 -0.0228683 0.479248 0.358703 -0.162313
 -0.0314102 0.760854 0.107719 -0.0961611
 -0.0116823 -0.487242 0.14528 -0.0103355
 -0.0112913 -0.363584 0.289148 -0.0588596
 -0.0122146 -0.141208 0.42135 -0.121814
 -0.0145832 0.0440641 0.453274 -0.152988
 -0.0193942 0.27155 0.423752 -0.169292
 -0.0271924 0.547921 0.284103 -0.149594
 -0.0354067 0.83999 0.00711403 -0.0730014
 -0.0118862 -0.278576 0.374152 -0.0951631
 -0.0146517 -0.0693354 0.435508 -0.1401
 -0.0176876 0.0930284 0.426829 -0.157175
 -0.0223215 0.260198 0.361481 -0.155605
 -0.0306428 0.562204 0.190114 -0.125067
 -0.0380863 0.882082 -0.113426 -0.0386251
 -0.0191044 0.10572 0.407424 -0.155659
 -0.0227071 0.223223 0.35101 -0.151877
 -0.0273805 0.378503 0.24203 -0.13148
 -0.0341062 0.629848 0.0388514 -0.0815146
 -0.0391981 0.908709 -0.262625 0.0111112
 -0.0261667 0.317216 0.275865 -0.138189
 -0.0305955 0.486435 0.136576 -0.106056
 -0.0361007 0.705167 -0.0756792 -0.0472468
 -0.0387515 0.964357 -0.380863 0.0509541
 -0.0342395 0.611291 -0.00390781 -0.0670467
 -0.0378206 0.804913 -0.225458 0.000479512
 -0.0362273 1.01938 -0.518075 0.100733
 -0.0377529 0.932832 -0.426572 0.0693909
 -0.0313266 1.0518 -0.654323 0.155336
 -0.0195151 1.06665 -0.78969 0.215082

Fourier series term #2
 -2.7936e-05 -0.00691043 -0.00163025 0.000271857
 0.000169952 0.0186253 0.00998485 -0.00139019
 3.00177e-05 0.00251106 0.00106244 -0.000155266
 -0.00022882 -0.0168779 -0.0127001 0.0021011
 8.38574e-05 0.0112182 0.00621332 -0.00130521
 5.7705e-06 0.00722979 0.00251757 -0.000724698
 -0.000489586 -0.0321649 -0.0204966 0.00561384
 -3.36059e-05 0.0273112 0.00994665 -0.00383134
 -0.000122753 0.0353689 0.00764649 -0.00391527
 -0.000220579 0.00232257 -0.00154987 0.000345904
 -9.15423e-05 -0.0371618 0.00397994 0.000717024
 -0.000296597 -0.0382282 0.013886 -0.00285245
 0.000116822 -0.0333413 -0.0120885 0.00258271
 -0.000436087 -0.0820979 -0.0666129 0.0110297
 -0.000863294 -0.089163 -0.0991887 0.0168746
 -0.00108039 -0.0669683 -0.107254 0.0195081
 -0.00103011 -0.048318 -0.105163 0.0216179
 -0.00104733 -0.0480097 -0.0981866 0.024242
 -0.000768987 -0.0673367 -0.0797308 0.0253285
 -0.000289293 -0.0724346 -0.0604548 0.0223445
 0.00030857 -0.070931 -0.0329059 0.0153782
 0.000673258 -0.065723 -0.000622811 0.0049906
 0.000245301 -0.0555162 0.0265413 -0.00567767
 -0.00113965 -0.144701 -0.145114 0.0247778
 -0.00169102 -0.165161 -0.199667 0.0362323
 -0.00230075 -0.186455 -0.251218 0.0504237
 -0.00269091 -0.171688 -0.261797 0.0590647
 -0.00235721 -0.168375 -0.240715 0.0637282
 -0.00106134 -0.173927 -0.179251 0.0585804
 1.29969e-05 -0.182171 -0.128101 0.0489259
 0.00132213 -0.184546 -0.0653984 0.0328865
 0.00228921 -0.175384 5.70056e-05 0.0117814
 0.00167271 -0.147647 0.0523386 -0.00936169
 -0.00244077 -0.217046 -0.275482 0.0543865
 -0.00354625 -0.27535 -0.350096 0.0772088
 -0.00367844 -0.29748 -0.379366 0.0948114
 -0.00303251 -0.278376 -0.345069 0.0992933
 -0.00110029 -0.303364 -0.261778 0.0928269
 0.000744887 -0.287129 -0.188876 0.0765881
 0.00285934 -0.274745 -0.106858 0.0542523
 0.00439669 -0.259959 -0.0142977 0.0237881
 0.00359434 -0.213823 0.0618919 -0.00774866
 -0.00412308 -0.339594 -0.418883 0.102704
 -0.00418257 -0.394229 -0.457539 0.126595
 -0.00330909 -0.464715 -0.446149 0.144032
 -5.6692e-05 -0.428937 -0.333252 0.128003
 0.00241595 -0.414521 -0.246933 0.108216
 0.00528192 -0.415011 -0.140301 0.0789794
 0.00742336 -0.399938 -0.0160322 0.037069
 0.00645828 -0.338478 0.0877934 -0.00703261
 -0.00396887 -0.513967 -0.502005 0.157524
 -0.00183745 -0.577306 -0.482308 0.173749
 0.00272727 -0.632223 -0.372947 0.164298
 0.00589325 -0.626065 -0.271925 0.140076
 0.00938887 -0.599246 -0.143909 0.100837
 0.0121233 -0.570905 0.00426976 0.0479344
 0.0112213 -0.525289 0.143097 -0.010059
 0.00149519 -0.707839 -0.458391 0.192342
 0.00731114 -0.777046 -0.331859 0.175879
 0.011744 -0.843766 -0.223568 0.152932
 0.0164698 -0.88378 -0.0651206 0.106111
 0.0196596 -0.836624 0.100017 0.0424325
 0.018511 -0.792242 0.267475 -0.0296343
 0.0155296 -0.992153 -0.187348 0.159811
 0.0204776 -1.04915 -0.0605649 0.126188
 0.025002 -1.0512 0.0931654 0.0733741
 0.0294291 -1.15654 0.319543 -0.00335231
 0.0265838 -1.16962 0.540292 -0.0954869
 0.0252173 -1.10146 0.0680822 0.0887601
 0.0305799 -1.19369 0.245257 0.0333386
 0.0346559 -1.31573 0.485661 -0.049629
 0.0302616 -1.26116 0.66169 -0.132936
 0.0361427 -1.36505 0.460765 -0.0315525
 0.0383553 -1.41817 0.663426 -0.109316
 0.0317184 -1.35777 0.820365 -0.187389
 0.0379005 -1.47822 0.858617 -0.185558
 0.0279463 -1.44461 1.00934 -0.25942
 0.0136051 -1.42661 1.13634 -0.32158

Fourier series term #3
 3.57756e-06 0.000534708 0.000223992 -3.21276e-05
 5.49327e-05 0.00817895 0.00341397 -0.000520025
 -0.00010085 -0.00957292 -0.00594275 0.000918706
 3.18512e-05 0.00242215 0.00174596 -0.000291845
 0.000232207 0.0183431 0.012685 -0.00246381
 -0.000388061 -0.030244 -0.0201964 0.00463317
 0.000112022 0.011248 0.00650876 -0.00184767
 0.000146378 0.028509 0.0111671 -0.00418093
 -7.12286e-05 -0.0177379 -0.00463645 0.00217924
 3.85386e-05 -0.0487651 -0.0038194 0.00372512
 6.41541e-05 -0.0294036 0.00416278 0.000189209
 -0.00015907 0.0212281 -0.00714545 0.00132956
 0.000292406 0.0204619 0.0183474 -0.00241695
 8.06954e-05 -0.012088 0.00101122 0.000479632
 -0.000201297 -0.0358875 -0.019063 0.00413334
 4.79844e-05 -0.00784628 -0.00805297 0.00172797
 -0.000148727 -0.0147388 -0.0169419 0.00379754
 9.53423e-06 0.000700443 -0.0115173 0.00240107
 9.68869e-05 0.00654178 -0.0152459 0.00350825
 5.74488e-05 -0.00640844 -0.0205988 0.00619383
 0.000148913 -0.0152336 -0.0186624 0.0066934
 0.000310617 -0.00797735 -0.0128108 0.00470835
 0.000469661 0.00654434 -0.0120245 0.00372308
 0.00019911 -0.029334 -0.00321505 0.00193807
 5.6091e-05 -0.0454774 -0.0208518 0.00535864
 -0.000320611 -0.0766644 -0.0529916 0.0125467
 -4.23985e-05 -0.0320053 -0.0499987 0.0112445
 -5.07991e-05 -0.0211039 -0.0594597 0.0142539
 0.000120227 -0.0161145 -0.0647623 0.0176503
 0.00040711 -0.00696351 -0.0629843 0.018021
 0.000804254 -0.0106366 -0.0586141 0.0183245
 0.00141815 -0.0313885 -0.0445201 0.0162075
 0.00193028 -0.0536268 -0.0179157 0.00885613
 -0.000104509 -0.0709808 -0.0408899 0.0100917
 0.00016187 -0.057864 -0.0553379 0.0131068
 -0.000361262 -0.0993792 -0.105806 0.0270037
 -0.000201541 -0.0613877 -0.114161 0.0303211
 0.000391388 -0.0308934 -0.117367 0.0337452
 0.000814604 -0.0458041 -0.116879 0.0370425
 0.00154338 -0.0775223 -0.0986502 0.0359431
 0.00246919 -0.070358 -0.0698214 0.0277057
 0.00342925 -0.0705497 -0.0403235 0.0180823
 -2.44057e-05 -0.0896469 -0.0949677 0.0239419
 -0.000353656 -0.125267 -0.144692 0.0395676
 0.000156048 -0.123433 -0.181111 0.0535266
 0.000750656 -0.11978 -0.183907 0.0609746
 0.00166492 -0.118456 -0.172417 0.0612213
 0.00305833 -0.137798 -0.145739 0.0575465
 0.00476474 -0.146802 -0.101026 0.0454822
 0.00602536 -0.140373 -0.0499132 0.0274872
 0.000216906 -0.141963 -0.187627 0.0549536
 0.000696089 -0.190281 -0.230581 0.0757688
 0.00249102 -0.252766 -0.239294 0.0917039
 0.00398778 -0.250612 -0.219544 0.0903698
 0.00604934 -0.236756 -0.179282 0.0803034
 0.00843451 -0.241267 -0.118028 0.0621081
 0.010153 -0.253002 -0.0358343 0.0333769
 0.00210978 -0.28001 -0.267058 0.100124
 0.00525037 -0.323921 -0.256479 0.110301
 0.00809168 -0.400878 -0.227139 0.112276
 0.0108724 -0.409734 -0.158518 0.0936757
 0.014501 -0.446051 -0.0682716 0.0667065
 0.0159501 -0.426695 0.0312607 0.0268779
 0.010856 -0.498851 -0.215006 0.12075
 0.0138794 -0.519937 -0.159029 0.107749
 0.0171343 -0.537542 -0.0792603 0.0839815
 0.0217321 -0.637397 0.0546662 0.0444565
 0.0236669 -0.71092 0.218233 -0.0144659
 0.0173999 -0.575739 -0.0884765 0.0913859
 0.0213599 -0.634052 0.00653825 0.0644596
 0.0257275 -0.709837 0.137949 0.022116
 0.0263802 -0.811193 0.329453 -0.0467934
 0.0257115 -0.725289 0.120703 0.031852
 0.029193 -0.835658 0.285356 -0.0219821
 0.0277161 -0.884157 0.4482 -0.0865956
 0.0302745 -0.938633 0.457165 -0.0816701
 0.0266242 -0.915617 0.559433 -0.130293
 0.0183626 -0.913436 0.662568 -0.177605

Fourier series term #4
 2.24706e-06 0.00053331 0.000118794 -1.93148e-05
 -8.18552e-06 -0.000691338 -0.000473629 6.18142e-05
 -2.43643e-05 -0.00266751 -0.0015242 0.000241502
 0.000135006 0.0111241 0.00746938 -0.0012686
 -0.000135601 -0.0106343 -0.00739609 0.00143324
 -4.91353e-05 -0.00539965 -0.00364433 0.000832303
 0.000275475 0.02362 0.0136843 -0.0038512
 -9.13747e-05 -0.0220121 -0.00838192 0.00316983
 -8.23135e-06 -0.0287329 -0.00734654 0.0034787
 8.92829e-05 -0.00453791 -0.000507092 0.000372886
 -1.15843e-05 0.0261703 -0.00345643 -0.000302603
 8.44814e-05 0.0293208 -0.0101831 0.00202791
 8.41484e-05 0.00899658 0.00602359 -0.000895521
 0.00019419 0.0152823 0.0124601 -0.00197237
 9.6914e-06 -0.010319 -0.0024785 0.0008032
 -0.000139311 -0.0113751 -0.00617777 0.00148188
 -3.25728e-06 -0.00352652 -0.00194305 0.000563478
 9.1302e-05 0.00637438 0.00412069 -0.00123489
 -7.45065e-05 -0.00703879 -0.00174435 0.00085439
 -4.97588e-05 -0.00960253 -0.00382348 0.0016679
 1.664e-05 -0.00354009 -0.00316472 0.00117961
 1.51002e-05 0.00569586 -0.00224552 0.000332958
 -2.70536e-06 0.0113303 -0.00349521 0.00047274
 0.000178059 0.00288189 0.0119057 -0.0016099
 9.85884e-05 -0.00895625 0.00610526 -0.000372679
 1.37283e-05 -0.0322077 -0.00859021 0.00312146
 -0.00011857 -0.0250409 -0.00869615 0.00307566
 -4.47103e-05 -0.0150981 -0.00531959 0.00204342
 2.8756e-05 -0.00158822 -0.00285088 0.000759211
 -1.6369e-05 0.00108374 -0.00234184 0.00046401
 -2.38055e-05 0.00531695 -0.00415006 0.000781353
 7.45919e-05 0.00606503 -0.00849447 0.00225571
 0.000341308 0.000232887 -0.00938749 0.00310361
 0.000401216 -0.00348538 0.0159054 -0.002118
 0.000141824 -0.0270251 0.0040825 0.000862694
 -6.90081e-05 -0.0583288 -0.0159126 0.00656642
 3.23898e-05 -0.0325573 -0.0131644 0.00505837
 2.92368e-05 -0.0185967 -0.00810614 0.00319723
 0.000107602 -0.0267344 -0.0147514 0.00583196
 0.000181827 0.00973061 -0.0157156 0.00403685
 0.000141048 0.0353722 -0.0218409 0.00470232
 0.000634444 -0.00772239 -0.0118095 0.00442063
 0.000132603 -0.0486395 -9.76377e-05 0.00284275
 0.00032754 -0.0435482 -0.00266821 0.00335211
 4.66877e-05 -0.0894069 -0.0234661 0.011458
 0.000323214 -0.0277888 -0.0203641 0.0075976
 0.000289166 -0.0315415 -0.0216184 0.00859241
 0.00042585 -0.0222877 -0.0240301 0.00918164
 0.000707255 -0.0151641 -0.0249984 0.00949862
 0.0011191 -0.0331638 -0.0119625 0.00644271
 0.000247391 -0.0818378 -0.00931707 0.00730813
 0.000596276 -0.077468 -0.016866 0.00959222
 0.000932304 -0.0972177 -0.030004 0.0159763
 0.00100997 -0.0936704 -0.030131 0.0165718
 0.0011303 -0.0788502 -0.0217609 0.0132591
 0.00150909 -0.0749964 -0.0161395 0.0115881
 0.00213219 -0.0732808 -0.00263783 0.00659649
 0.000973847 -0.0949177 -0.0200443 0.012545
 0.00147836 -0.144393 -0.0218116 0.0181099
 0.002043 -0.170641 -0.0146192 0.0187514
 0.00239522 -0.160803 0.000189734 0.0134692
 0.00380358 -0.219665 0.0319674 0.00753203
 0.00322053 -0.130187 0.0253212 0.00176893
 0.00265594 -0.202233 0.00134627 0.0165449
 0.00314293 -0.210099 0.0168657 0.0125284
 0.0038899 -0.249633 0.0501061 0.00460693
 0.00454574 -0.268242 0.0867447 -0.00760608
 0.00489177 -0.349428 0.169085 -0.0331655
 0.0041635 -0.279151 0.0566255 0.00506583
 0.00429484 -0.27607 0.0830244 -0.00489332
 0.00446541 -0.284566 0.117878 -0.0178371
 0.00462777 -0.389104 0.217386 -0.0482524
 0.00435628 -0.300311 0.124114 -0.0184397
 0.00463331 -0.346734 0.181319 -0.036818
 0.00382112 -0.415924 0.265691 -0.0653373
 0.00402149 -0.419224 0.263405 -0.0632683
 0.000395534 -0.469507 0.345553 -0.0938052
 -0.00545275 -0.472229 0.38896 -0.113644

Fourier series term #5
 9.8919e-08 4.39127e-05 3.02172e-06 -7.50301e-07
 -7.03429e-06 -0.000992513 -0.000427413 6.39051e-05
 3.12657e-05 0.00288989 0.00180896 -0.000277339
 -1.30365e-05 -0.000780366 -0.000600679 9.67503e-05
 -6.81891e-05 -0.00553365 -0.00383007 0.000744846
 0.000116491 0.00904802 0.00601138 -0.00138047
 -4.00141e-05 -0.00337586 -0.001767 0.000514239
 -4.50825e-05 -0.00868746 -0.00364235 0.00132971
 2.22081e-05 0.00455413 0.000871538 -0.000477595
 -1.11678e-05 0.0147613 0.00111252 -0.00111835
 -3.26828e-05 0.00997682 -0.00116274 -0.000146647
 3.23284e-05 -0.00605947 0.00228389 -0.000462776
 -0.000114451 -0.014273 -0.00735602 0.00114594
 0.000169157 0.0201471 0.0116695 -0.00206834
 -0.000140824 -0.0143943 -0.00737101 0.00151031
 0.000135022 0.00719346 0.00508002 -0.00105801
 -7.27667e-05 -0.00585613 -0.00365716 0.000957782
 -4.40301e-05 -0.00175588 0.000379313 4.08648e-06
 7.12802e-05 0.00671924 0.00154732 -0.000796928
 1.49068e-06 -0.00258583 -0.002463 0.00087252
 -2.34189e-05 -0.0096844 -0.00142318 0.00107655
 -4.76816e-05 -0.00371125 0.00179201 -0.000356359
 -8.70129e-05 0.0067759 -0.00031678 -0.000332435
 0.000206725 0.0175056 0.0146587 -0.00261943
 0.000269287 0.0186909 0.0161489 -0.00311577
 -0.000123254 -0.0230007 -0.00678241 0.0021798
 3.91607e-05 -0.0050932 -0.00113197 0.000567458
 -4.97837e-06 -0.00628861 -0.00202012 0.000859429
 -4.65366e-05 -0.00735835 0.000273582 0.000385893
 -3.50257e-05 0.000988457 0.00290168 -0.000868209
 -7.46547e-05 0.00288534 0.00302838 -0.00109735
 -6.65621e-05 -0.00285067 0.00194858 -0.000452883
 -2.34621e-05 -0.00909977 0.00294241 -0.00048289
 4.01895e-05 -0.00240116 0.00832031 -0.00127218
 3.05588e-05 -0.00999053 0.00425958 -0.00025106
 0.000161093 -0.017657 0.000329518 0.00101969
 -8.77587e-05 -0.0250955 -0.0045434 0.00263891
 -1.89357e-05 -0.0180677 -0.00106128 0.00150135
 -1.0239e-05 -0.0286548 -0.00102048 0.00220456
 -0.000143979 -0.00274114 0.00654005 -0.00188144
 -0.000330806 0.0117915 0.00449249 -0.00231375
 -0.000131079 -0.000450347 0.00132256 -0.000444422
 0.000175849 -0.0141053 0.00817071 -0.000810646
 0.000128858 -0.0206527 0.008253 -0.000523608
 0.000131784 -0.0482409 -0.00261549 0.00381585
 -1.24018e-05 -0.0406002 0.00482472 0.0014466
 2.74551e-05 -0.0233454 0.0068296 -0.000395846
 -8.12065e-05 -0.0143216 0.00843372 -0.00169799
 -0.000215439 -0.0130856 0.00970567 -0.00239801
 -0.00011285 -0.00866437 0.00439713 -0.000937222
 0.000253862 -0.0319383 0.0130322 -0.00110283
 0.000153512 -0.049588 0.0136301 -0.000307653
 0.000336586 -0.086471 0.0135377 0.00218247
 0.000287238 -0.0676506 0.018046 -0.00064609
 0.000101334 -0.0286457 0.0141897 -0.00255612
 -0.000103524 -0.0212298 0.0131541 -0.0029441
 -0.000245793 -0.0192445 0.0133435 -0.00338615
 0.000224842 -0.0568315 0.0323358 -0.00554735
 0.000567365 -0.0825449 0.0272005 -0.00236862
 0.00024827 -0.0608773 0.0383476 -0.00823234
 0.000473495 -0.106852 0.0472583 -0.00780086
 0.000377109 -0.105245 0.0517752 -0.00997807
 -0.000619452 -0.0216855 0.0209884 -0.00611116
 0.000110098 -0.0715562 0.0544473 -0.0133059
 0.00014235 -0.100866 0.0626155 -0.0139937
 -1.88695e-06 -0.105698 0.0680941 -0.0160309
 -0.000530727 -0.109973 0.0794084 -0.0205931
 -0.00107412 -0.151783 0.110487 -0.0295644
 0.000133169 -0.125338 0.0774607 -0.0176227
 -0.000574354 -0.112672 0.0818589 -0.0210609
 -0.00172375 -0.101087 0.0866816 -0.0247942
 -0.0022358 -0.124019 0.10245 -0.029435
 -0.0016484 -0.125582 0.102301 -0.0284601
 -0.00301686 -0.0855495 0.0854254 -0.0265528
 -0.00388373 -0.113111 0.104924 -0.0321133
 -0.00460432 -0.104525 0.103607 -0.0325807
 -0.00582271 -0.127469 0.122008 -0.0382084
 -0.00917019 -0.155796 0.152197 -0.0484935


