**************************************************************
***  MERIS LUT-169: Fourier series terms (s0,..,s5)[TERM]] ***
***                 of polynomial coefficients (k0,..,k3)  ***
***                 for each of 81 aerosol models [IAER],  ***
***                 & for each of 78 geometries [SVZA]     ***
***  - - - - - - - - - - - - - - - - - - - - - - - - - - - ***
***  => useful for multiplicative aer.scat.fct. retrieval  ***
**************************************************************

12 Gaussian angles (deg): SZA/VZA
------------------------         

 2.84 17.64 28.77 36.19 43.61 51.03 58.46 65.88 69.59 73.30 77.01 80.72

Coefficients: [SVZA x (k0,k1,k2,k3)]
------------                        

 Aerosol model #19
 - - - - - - -  

Fourier series term #0
 1.01871 1.44974 0.629933 -0.0909129
 1.01984 1.52248 0.682652 -0.106336
 1.022 1.67276 0.776297 -0.137062
 1.02393 1.82173 0.851977 -0.168409
 1.02624 2.03217 0.924545 -0.209479
 1.02831 2.30253 0.949341 -0.253858
 1.02902 2.63632 0.849608 -0.282963
 1.02659 3.03741 0.499688 -0.252166
 1.02379 3.25529 0.173721 -0.187316
 1.02095 3.46606 -0.282706 -0.0685822
 1.02232 3.62295 -0.859159 0.114529
 1.04036 3.59711 -1.42924 0.333531
 1.02044 1.61517 0.734708 -0.122956
 1.0225 1.77677 0.820451 -0.155065
 1.02434 1.94093 0.884981 -0.186905
 1.02629 2.1549 0.930247 -0.225177
 1.02788 2.42607 0.916372 -0.262969
 1.02806 2.76061 0.774094 -0.281822
 1.02506 3.15033 0.387858 -0.238206
 1.02201 3.35722 0.0525277 -0.167831
 1.01895 3.55529 -0.403749 -0.0458768
 1.02009 3.70019 -0.969913 0.137041
 1.03762 3.66745 -1.52402 0.352967
 1.02753 1.92838 0.939746 -0.213698
 1.03016 2.09566 0.991437 -0.251323
 1.03297 2.30494 1.01191 -0.293132
 1.03551 2.5646 0.965075 -0.331096
 1.03663 2.87022 0.787276 -0.345452
 1.03469 3.21842 0.382069 -0.296165
 1.03231 3.40255 0.0502752 -0.224874
 1.03001 3.57788 -0.391874 -0.104505
 1.03193 3.70217 -0.933876 0.073656
 1.04987 3.65629 -1.46077 0.283396
 1.03017 2.28836 0.954683 -0.256477
 1.03176 2.50903 0.923791 -0.28519
 1.03253 2.76663 0.813771 -0.303681
 1.03153 3.06791 0.573859 -0.294344
 1.02731 3.40485 0.115653 -0.218722
 1.02392 3.58264 -0.235794 -0.134527
 1.02094 3.75192 -0.690248 -0.00295232
 1.02269 3.87126 -1.23574 0.183388
 1.04129 3.81972 -1.75557 0.396614
 1.03326 2.7012 0.876438 -0.315695
 1.03323 2.94773 0.726494 -0.32298
 1.03124 3.22519 0.449458 -0.298859
 1.02622 3.54206 -0.0328516 -0.208123
 1.02267 3.70941 -0.389842 -0.11703
 1.01989 3.86711 -0.843075 0.0197708
 1.02241 3.97312 -1.37769 0.207933
 1.04244 3.90708 -1.87568 0.418081
 1.03223 3.17188 0.532757 -0.31384
 1.02926 3.43747 0.221077 -0.272509
 1.02343 3.73585 -0.288047 -0.162838
 1.01981 3.89666 -0.652252 -0.0631877
 1.01743 4.04715 -1.1063 0.0804645
 1.02108 4.14166 -1.63137 0.271891
 1.04317 4.05752 -2.10546 0.47939
 1.02531 3.68279 -0.124489 -0.210234
 1.01905 3.97771 -0.657149 -0.0806472
 1.01572 4.12926 -1.02772 0.0288944
 1.01436 4.26995 -1.47976 0.179902
 1.02017 4.34975 -1.98887 0.373549
 1.0458 4.24066 -2.42629 0.574716
 1.01328 4.25478 -1.20715 0.0711111
 1.01113 4.40646 -1.58038 0.190181
 1.01215 4.53315 -2.02119 0.346988
 1.02212 4.58124 -2.49361 0.537471
 1.05379 4.42723 -2.86273 0.721891
 1.01035 4.54028 -1.94478 0.312204
 1.01359 4.65802 -2.37023 0.468643
 1.02694 4.68689 -2.81052 0.652415
 1.06315 4.49491 -3.12088 0.819587
 1.01997 4.74582 -2.76474 0.620677
 1.03805 4.74486 -3.15283 0.790022
 1.08002 4.50934 -3.38262 0.930353
 1.06238 4.68294 -3.44954 0.930466
 1.11097 4.39405 -3.57099 1.03136
 1.16498 4.02897 -3.54415 1.07532

Fourier series term #1
 -0.000190274 -0.0141472 -0.00658299 0.000930835
 -0.000159423 -0.00896672 -0.00636842 0.000869443
 -0.000243517 -0.0125224 -0.00889027 0.00146147
 -0.000334437 -0.0178492 -0.0106582 0.00206938
 -0.000424767 -0.023847 -0.0105069 0.00252361
 -0.000465783 -0.0264908 -0.00528905 0.00198944
 -0.000501807 -0.0279465 0.00470093 8.66559e-05
 -0.000574898 -0.0256166 0.0187913 -0.00372144
 -0.000669249 -0.0215482 0.025831 -0.00619327
 -0.000848908 -0.014501 0.0307927 -0.00850147
 -0.00117014 -0.00366559 0.0309095 -0.00963903
 -0.00160854 0.0109821 0.023213 -0.00820609
 -0.000883977 -0.0480404 -0.0347674 0.0052685
 -0.00158043 -0.0878561 -0.0543133 0.00985874
 -0.00204342 -0.115457 -0.0585194 0.0125603
 -0.0024724 -0.142237 -0.0481935 0.0133084
 -0.00283669 -0.163969 -0.0155615 0.00934923
 -0.00314103 -0.168953 0.0451147 -0.00327424
 -0.00368682 -0.144202 0.12428 -0.0263269
 -0.00431972 -0.114693 0.160097 -0.040061
 -0.00550191 -0.0687399 0.181339 -0.0517912
 -0.00747075 -0.00285232 0.173897 -0.0561085
 -0.0100277 0.0826305 0.122765 -0.0455945
 -0.00289452 -0.146338 -0.077946 0.01807
 -0.00366991 -0.18677 -0.0740757 0.0208154
 -0.00436522 -0.22554 -0.0461948 0.0190568
 -0.00483983 -0.249736 0.0160969 0.00800811
 -0.00513869 -0.248638 0.112545 -0.0163498
 -0.00570488 -0.199602 0.224473 -0.0544898
 -0.00638664 -0.149337 0.271162 -0.0760269
 -0.00786845 -0.0763272 0.292883 -0.0928219
 -0.0103591 0.0219065 0.272293 -0.0978059
 -0.0134187 0.143549 0.191271 -0.0811675
 -0.00434441 -0.23689 -0.0530032 0.0191653
 -0.00508656 -0.274855 -0.00644557 0.0128021
 -0.00572902 -0.293995 0.072286 -0.00352267
 -0.00641948 -0.274005 0.178248 -0.032847
 -0.00779698 -0.198615 0.282954 -0.0721272
 -0.00924057 -0.131009 0.31553 -0.0905991
 -0.0115402 -0.0383526 0.317233 -0.102179
 -0.0148957 0.0823347 0.268649 -0.0984219
 -0.0184474 0.226 0.153884 -0.0697988
 -0.00605549 -0.306434 0.0557579 0.00121553
 -0.00682547 -0.309502 0.148948 -0.0223076
 -0.00787096 -0.27138 0.256843 -0.0570636
 -0.0099393 -0.169701 0.347135 -0.0975692
 -0.011834 -0.0891226 0.365081 -0.113908
 -0.014623 0.0166034 0.346709 -0.120806
 -0.0183024 0.149813 0.273935 -0.109863
 -0.0215865 0.302378 0.13513 -0.0727519
 -0.00790759 -0.293819 0.243512 -0.0509922
 -0.0095609 -0.229095 0.337409 -0.0874843
 -0.0126182 -0.103365 0.393559 -0.122538
 -0.0150833 -0.00883957 0.387171 -0.132931
 -0.0183848 0.109742 0.34019 -0.131309
 -0.0222548 0.252384 0.236991 -0.1097
 -0.0248929 0.406609 0.0726397 -0.0619767
 -0.0120433 -0.141622 0.398744 -0.11946
 -0.0163038 0.0112034 0.404647 -0.142695
 -0.0193576 0.114817 0.366713 -0.143328
 -0.0230322 0.242 0.285753 -0.129808
 -0.0267164 0.388701 0.150236 -0.0952208
 -0.0280019 0.536196 -0.0359042 -0.0365864
 -0.0217729 0.181382 0.34559 -0.14577
 -0.0252451 0.296019 0.26994 -0.132928
 -0.0288741 0.425433 0.15264 -0.104389
 -0.0315859 0.563572 -0.0110608 -0.0556934
 -0.0303949 0.688976 -0.206943 0.0117156
 -0.0286671 0.406791 0.176896 -0.112325
 -0.0318757 0.53604 0.0425716 -0.0758081
 -0.0335545 0.66585 -0.130656 -0.0208243
 -0.0304347 0.769772 -0.320725 0.048083
 -0.0343005 0.652653 -0.102385 -0.0320077
 -0.0343225 0.768663 -0.277569 0.0270698
 -0.0285915 0.845899 -0.451655 0.0938229
 -0.0318082 0.852601 -0.435542 0.0841971
 -0.0228349 0.89481 -0.579209 0.143394
 -0.0104821 0.884819 -0.667796 0.185643

Fourier series term #2
 -5.10244e-05 -0.00395506 -0.00171744 0.000248031
 -1.03106e-06 -9.98451e-05 -6.35986e-05 8.76535e-06
 1.92451e-06 0.000100122 -4.8052e-05 2.93059e-06
 2.56823e-06 0.000115344 -0.000148847 1.76183e-05
 2.25284e-06 3.12757e-05 -0.000375521 6.13123e-05
 2.49276e-06 -9.14331e-05 -0.000680562 0.000135975
 2.45869e-06 -0.000496233 -0.00104439 0.000257129
 1.39059e-05 -0.000306067 -0.00103056 0.000289453
 1.9236e-05 -0.000476545 -0.000955125 0.000296886
 2.29862e-05 -0.00105111 -0.000709492 0.000267144
 2.41364e-05 -0.00169255 -0.000182559 0.000137172
 1.39124e-05 -0.00183486 0.000389122 -5.68965e-05
 2.2839e-05 0.000834517 -0.000744394 5.74888e-05
 6.8597e-05 0.00252208 -0.00319388 0.000349222
 0.000100671 0.00286354 -0.0076018 0.0010733
 0.000117353 1.68464e-05 -0.015848 0.00279625
 0.000157957 -0.00574105 -0.0266955 0.005669
 0.000294596 -0.0133877 -0.035946 0.00908459
 0.000577743 -0.0261561 -0.0374728 0.0115071
 0.000790049 -0.0350486 -0.0323722 0.0112527
 0.00102663 -0.0446615 -0.0217144 0.00910909
 0.00117307 -0.0531458 -0.00564707 0.00460734
 0.000905717 -0.0565691 0.0119481 -0.0014642
 0.000130833 0.00422946 -0.0136302 0.00211422
 0.000157042 0.00264794 -0.0279306 0.0050973
 0.000150196 -0.00478368 -0.0496943 0.0106218
 0.000196811 -0.0174207 -0.0745041 0.018509
 0.000365834 -0.0417465 -0.095081 0.0278097
 0.00088864 -0.0770345 -0.0942245 0.0334666
 0.00134854 -0.0973432 -0.0791506 0.0320813
 0.00186884 -0.117877 -0.0519425 0.0261775
 0.00218631 -0.135415 -0.0134694 0.0149163
 0.00156089 -0.141665 0.0276273 0.000142779
 0.000255846 -0.00350678 -0.0500365 0.00985114
 0.000379128 -0.0160007 -0.0793193 0.0178071
 0.000604979 -0.0422646 -0.110364 0.0286172
 0.00114477 -0.0818396 -0.128747 0.0392059
 0.00221774 -0.137534 -0.114899 0.0432452
 0.00299814 -0.168434 -0.08817 0.0392198
 0.00382229 -0.198351 -0.0454165 0.0288915
 0.00425969 -0.222174 0.0112758 0.0114731
 0.00320915 -0.228687 0.0690663 -0.00999525
 0.00054853 -0.0391571 -0.118442 0.0302138
 0.000975795 -0.0776995 -0.151829 0.0440953
 0.00182422 -0.136433 -0.165447 0.0562718
 0.00340663 -0.208293 -0.135152 0.0577404
 0.00446987 -0.248141 -0.0958753 0.0505466
 0.00552263 -0.287215 -0.0374196 0.0354481
 0.00598163 -0.318439 0.0374015 0.0115952
 0.00437882 -0.326282 0.11185 -0.016927
 0.00169459 -0.135044 -0.180657 0.0595604
 0.0030469 -0.208998 -0.179837 0.0698895
 0.00521113 -0.300588 -0.127722 0.0663022
 0.00655551 -0.348357 -0.0741807 0.0546922
 0.00778518 -0.394438 0.000180644 0.0339727
 0.00814131 -0.431391 0.0916636 0.0035083
 0.00578536 -0.440494 0.180381 -0.0316478
 0.00501147 -0.302827 -0.15862 0.0757777
 0.00776875 -0.408526 -0.080594 0.064078
 0.00930422 -0.466391 -0.0125629 0.047367
 0.0105371 -0.519818 0.0767422 0.0206499
 0.0105089 -0.560359 0.181763 -0.0160851
 0.00702917 -0.566989 0.279006 -0.0564325
 0.0108907 -0.534002 0.0253337 0.0421684
 0.0123681 -0.594859 0.105872 0.0196013
 0.0132284 -0.653633 0.206438 -0.0127242
 0.0122694 -0.698126 0.319624 -0.0542285
 0.00703271 -0.698596 0.415786 -0.0966159
 0.0136314 -0.663087 0.19295 -0.0058071
 0.0140136 -0.720169 0.295282 -0.0400807
 0.0122921 -0.761184 0.406599 -0.0822472
 0.00578863 -0.757109 0.496495 -0.123444
 0.0136869 -0.781749 0.399854 -0.0759484
 0.0108377 -0.814404 0.502934 -0.116648
 0.00285505 -0.800027 0.578389 -0.153644
 0.00643768 -0.844417 0.595926 -0.1542
 -0.00328318 -0.814848 0.647753 -0.183181
 -0.0147073 -0.775804 0.675076 -0.202517

Fourier series term #3
 -3.56761e-06 -0.000276603 -0.000119478 1.73416e-05
 2.7989e-06 0.000213765 9.7036e-05 -1.5095e-05
 -2.39887e-06 -0.000180718 -8.24647e-05 1.46342e-05
 1.78166e-07 1.70138e-05 1.18251e-05 -2.18285e-06
 2.36256e-06 0.000188872 9.27981e-05 -2.07432e-05
 -3.40176e-06 -0.000262263 -0.000102087 2.74641e-05
 8.4348e-07 0.000104796 3.69828e-05 -1.24264e-05
 1.84929e-06 0.000261437 3.77718e-05 -2.09548e-05
 -1.45086e-06 -0.000140258 -1.94874e-05 1.0773e-05
 -2.9524e-06 -0.000433446 1.67293e-05 1.35068e-05
 -1.64824e-06 -0.00026267 4.06692e-05 -2.11494e-06
 2.80503e-06 0.000211302 -0.000104035 2.56141e-05
 5.24454e-06 0.000429667 0.000313054 -4.79838e-05
 -1.39523e-05 -0.000910625 5.10253e-05 8.7349e-06
 6.74898e-06 0.00100732 0.00137397 -0.000255151
 1.58543e-05 0.00237172 0.00235641 -0.000519783
 -1.10219e-05 0.0011981 0.00171936 -0.000454147
 -2.21861e-05 0.00155182 0.000662126 -0.000311957
 -5.44755e-06 0.00356445 -0.00143979 0.000118339
 1.39746e-05 0.00390064 -0.00307336 0.000592058
 5.44222e-05 0.00354133 -0.0046275 0.00114533
 0.000129067 0.00241861 -0.00549173 0.00157678
 0.000238951 0.000477878 -0.00498151 0.00159572
 2.2214e-05 0.00208071 0.00305651 -0.000610197
 4.12322e-05 0.00429713 0.00553468 -0.00125298
 1.68257e-05 0.00444784 0.00635168 -0.00165202
 1.16682e-05 0.00777524 0.00607314 -0.00201719
 -1.9344e-05 0.0104383 0.000939076 -0.00111811
 -1.01766e-05 0.0123937 -0.00900448 0.00159012
 4.75891e-05 0.0127976 -0.0148098 0.0035538
 0.000183472 0.0115188 -0.0197806 0.00557402
 0.000427263 0.00755188 -0.0221519 0.00707125
 0.000777843 0.000825632 -0.0197949 0.00707616
 1.98945e-05 0.00592944 0.00771257 -0.00187404
 1.87944e-05 0.0107516 0.00944097 -0.00275216
 -1.74818e-05 0.014791 0.00612691 -0.00260008
 -1.55956e-05 0.0211979 -0.00321822 -0.000833555
 8.01553e-05 0.022759 -0.0195453 0.00385909
 0.00024351 0.0202934 -0.0279176 0.00692348
 0.000545623 0.0150609 -0.0338366 0.00970031
 0.00103836 0.00738378 -0.0349213 0.0111857
 0.00168386 -0.0034143 -0.028781 0.0102069
 6.42959e-06 0.0169729 0.00899326 -0.00339947
 -1.04041e-07 0.0263084 0.00217921 -0.0026138
 2.27883e-05 0.0324971 -0.0144372 0.00138059
 0.000257536 0.0333355 -0.0369929 0.00859656
 0.000557563 0.0288219 -0.0474976 0.0128914
 0.00106691 0.0198715 -0.0539137 0.016513
 0.00183726 0.00673024 -0.0528545 0.0179951
 0.00277791 -0.00960268 -0.0417638 0.0158266
 1.54771e-05 0.0362735 -0.0113619 0.000160014
 0.000156336 0.0438064 -0.0336618 0.006354
 0.000642455 0.0391828 -0.0601175 0.0160532
 0.00116529 0.0326008 -0.070352 0.0209092
 0.00196665 0.0210346 -0.0748521 0.0245092
 0.00308231 0.00372955 -0.0697134 0.0251603
 0.00435339 -0.0179882 -0.0521816 0.0211361
 0.000503846 0.0462497 -0.0600508 0.015093
 0.00144115 0.0403145 -0.0851604 0.0255952
 0.00227402 0.0288591 -0.0923792 0.0302815
 0.00344047 0.0138998 -0.092116 0.0328138
 0.00493174 -0.00583509 -0.0809714 0.0316085
 0.00649992 -0.0295429 -0.056869 0.0251881
 0.00300746 0.0260358 -0.103157 0.0353313
 0.00424049 0.0163841 -0.105207 0.0383224
 0.00581957 -0.000796852 -0.0981518 0.038634
 0.00762616 -0.0242324 -0.0786244 0.034406
 0.00937024 -0.047695 -0.0483839 0.02521
 0.0056785 0.000813121 -0.10211 0.0399525
 0.00738149 -0.0138164 -0.0921886 0.0388099
 0.00932573 -0.0347901 -0.070168 0.0331705
 0.0109567 -0.0586712 -0.0366524 0.0223561
 0.0092791 -0.0335533 -0.0756479 0.0353619
 0.0111798 -0.0499955 -0.0524596 0.0284009
 0.012611 -0.0682777 -0.0205853 0.0173544
 0.0128326 -0.0685738 -0.0259625 0.020003
 0.0139232 -0.0781256 0.000844372 0.00975159
 0.0143385 -0.086441 0.0260658 -0.000283036

Fourier series term #4
 1.23144e-06 9.53084e-05 4.14552e-05 -5.98264e-06
 1.28387e-06 9.83708e-05 4.40366e-05 -6.89466e-06
 -7.7761e-07 -5.95679e-05 -2.76231e-05 4.91581e-06
 1.69005e-06 0.00012645 5.95072e-05 -1.17808e-05
 -1.11e-06 -8.9543e-05 -4.0836e-05 9.26781e-06
 -4.34096e-07 -4.80317e-05 -1.95984e-05 5.17775e-06
 2.46895e-06 0.000198432 6.56692e-05 -2.1679e-05
 -1.23449e-06 -0.000196602 -3.02808e-05 1.57966e-05
 -1.15637e-06 -0.000256305 -1.31155e-05 1.44992e-05
 7.5839e-07 -3.60524e-05 2.71554e-06 6.72035e-07
 2.7732e-06 0.000251826 -5.81947e-05 7.36542e-06
 4.4966e-06 0.000276362 -0.000106158 2.43652e-05
 -1.91429e-06 -0.000177258 -6.40748e-05 1.13769e-05
 -4.32891e-06 -0.000363812 -0.000171291 3.30447e-05
 -1.04123e-05 -0.000855799 -0.00038669 8.43704e-05
 7.75824e-06 0.000632572 0.000381131 -8.0116e-05
 6.16587e-06 0.000541878 0.000496403 -0.000111487
 -7.22658e-06 -0.0004532 0.000374256 -6.53403e-05
 -1.4557e-05 -0.000367534 0.000692578 -0.000168994
 -1.90482e-05 -6.98912e-05 0.000754803 -0.000215083
 -2.43427e-05 0.000353527 0.000628294 -0.000212622
 -2.84044e-05 0.000753025 0.000292649 -0.000134406
 -2.37954e-05 0.000906524 -0.000110361 -4.47136e-06
 -7.32375e-06 -0.000566745 -0.000242938 6.40328e-05
 1.53353e-05 0.000960501 0.000736819 -0.000151341
 7.21679e-06 0.000137164 0.00102584 -0.000193869
 1.32921e-05 0.000734287 0.00252979 -0.000592799
 -1.43433e-05 -0.000187335 0.00370347 -0.000953481
 -6.27695e-05 -0.000523432 0.00450055 -0.00132844
 -9.07609e-05 0.000473035 0.00446663 -0.00147325
 -0.000122088 0.00203565 0.00366457 -0.00140228
 -0.000146584 0.00350266 0.00194947 -0.000969493
 -0.000127601 0.00421687 -0.000138038 -0.000269495
 1.32056e-05 0.000678993 0.00130701 -0.000240482
 1.80637e-05 0.00133885 0.00315139 -0.000667217
 -1.92246e-05 -0.000313596 0.00503467 -0.00113368
 -6.36016e-05 0.000995182 0.00808317 -0.00217746
 -0.000172964 0.00248047 0.00915362 -0.002908
 -0.000247927 0.0036045 0.00821726 -0.00287614
 -0.000321951 0.00576699 0.00596038 -0.00243217
 -0.000373082 0.00809 0.00243018 -0.00145433
 -0.000336594 0.00883918 -0.00127197 -0.000156635
 -9.3517e-06 -2.03147e-05 0.00582241 -0.00130907
 -4.29015e-05 0.00150455 0.0105777 -0.00276067
 -0.000157942 0.00227147 0.0144097 -0.00426001
 -0.000339924 0.00822356 0.0152308 -0.0054406
 -0.00047359 0.0109029 0.0129751 -0.00519726
 -0.0006086 0.0134715 0.00869731 -0.00417101
 -0.000696554 0.0152137 0.00296609 -0.00238105
 -0.000640774 0.0150151 -0.00251776 -0.000298158
 -0.000145478 0.00244748 0.0163456 -0.00472035
 -0.000319372 0.00901496 0.0211879 -0.00712439
 -0.000644117 0.0157516 0.0197229 -0.00792286
 -0.000851528 0.0205318 0.0157285 -0.00731632
 -0.00106193 0.0245255 0.00925671 -0.00564352
 -0.0011962 0.0267229 0.00108576 -0.00294543
 -0.00111183 0.0254821 -0.00626806 4.73167e-05
 -0.000639443 0.0161419 0.0240849 -0.00926659
 -0.00113094 0.0282142 0.0200513 -0.0097306
 -0.00142899 0.0320128 0.0142788 -0.00842228
 -0.00171684 0.036423 0.00596398 -0.00604215
 -0.00190022 0.0392377 -0.00397944 -0.00259807
 -0.00180288 0.0379797 -0.0127553 0.00112696
 -0.00179033 0.0385105 0.013085 -0.00896074
 -0.00217596 0.046563 0.00553604 -0.00725546
 -0.00254785 0.0508074 -0.00400238 -0.0041879
 -0.00276292 0.0511253 -0.013291 -0.000579664
 -0.00265177 0.0483062 -0.0214921 0.00328153
 -0.00264267 0.0494626 -0.00107367 -0.0052976
 -0.00305774 0.0566217 -0.0113794 -0.00212379
 -0.00329354 0.0583019 -0.0212292 0.00173585
 -0.00314847 0.0529963 -0.0271841 0.00500187
 -0.00345431 0.0576927 -0.0185856 0.000588325
 -0.00367078 0.0614421 -0.028335 0.00420581
 -0.00353031 0.0581357 -0.0348766 0.00769391
 -0.00388155 0.0589696 -0.0334018 0.00676207
 -0.00367419 0.0575296 -0.0390436 0.00957221
 -0.0035797 0.0498397 -0.0381576 0.0103542

Fourier series term #5
 3.6024e-07 2.91019e-05 1.24358e-05 -1.76324e-06
 -4.40746e-07 -3.3356e-05 -1.5235e-05 2.4053e-06
 6.13912e-07 4.51543e-05 2.13267e-05 -3.80037e-06
 -3.11796e-08 -1.64827e-06 -9.8622e-07 2.06124e-07
 -6.77766e-07 -5.28508e-05 -2.40973e-05 5.41615e-06
 9.53793e-07 7.77079e-05 3.19845e-05 -8.50381e-06
 -3.14398e-07 -2.8411e-05 -8.44608e-06 2.88653e-06
 -6.13685e-07 -7.56624e-05 -1.39448e-05 6.68308e-06
 4.10789e-07 4.75142e-05 7.10779e-07 -2.17933e-06
 8.95857e-07 0.000137942 -1.1457e-05 -2.60091e-06
 5.52694e-07 8.60598e-05 -1.89076e-05 2.31017e-06
 -6.69286e-07 -6.12756e-05 2.54673e-05 -5.99525e-06
 -1.98315e-05 -0.00160336 -0.000705509 0.00011916
 7.90114e-06 0.000621964 0.000290546 -5.49113e-05
 -7.86208e-06 -0.000645729 -0.000304649 6.35541e-05
 -1.64914e-06 -0.000137288 -8.59548e-05 1.91965e-05
 5.08778e-06 0.000442321 0.000160746 -4.58842e-05
 3.54931e-07 -3.89602e-05 -3.34878e-05 1.03937e-05
 1.02716e-06 -5.95508e-05 -2.68673e-05 1.18721e-05
 3.58646e-07 -0.000149833 8.8793e-06 6.67514e-06
 -9.99059e-07 -0.000220684 8.28726e-05 -1.23861e-05
 -2.95243e-06 -0.000150083 0.000136275 -3.47967e-05
 -4.75936e-06 3.40981e-05 8.91522e-05 -2.98579e-05
 -3.50676e-06 -0.00025977 -0.000154451 3.30542e-05
 5.40623e-06 0.000435784 9.00257e-05 -2.93877e-05
 -1.05874e-05 -0.000818125 -0.000546983 0.000144704
 1.42333e-05 0.000855533 0.000142441 -6.10024e-05
 1.73183e-05 0.000842743 0.000161196 -6.8256e-05
 2.29034e-06 -0.000834452 6.16155e-05 4.82707e-05
 -5.66016e-07 -0.00119346 0.000368302 -2.39868e-05
 -4.07418e-06 -0.00103462 0.000762096 -0.000169255
 -1.45657e-05 -0.000663206 0.00100399 -0.00029387
 -3.15932e-05 -0.000170721 0.000933292 -0.000320759
 -5.50568e-06 -0.000502884 -0.000432982 0.000101721
 1.58862e-05 0.00103011 3.05295e-05 -3.16342e-05
 1.36164e-05 0.000246973 -0.000356227 9.75604e-05
 2.32836e-05 0.000540002 0.000132349 -1.61084e-05
 1.4707e-05 -0.00062648 0.000822855 -0.000154971
 6.93988e-07 -0.0016471 0.00139291 -0.000286452
 -2.0346e-05 -0.00198849 0.00207333 -0.00051338
 -5.36887e-05 -0.00144401 0.00241353 -0.000702705
 -9.49026e-05 -0.000217021 0.00197379 -0.000660817
 1.51978e-05 0.000298289 -0.000485948 0.000127775
 3.42807e-05 0.00102413 -3.11928e-05 1.76746e-05
 2.82753e-05 -0.00105887 0.000409185 2.56474e-05
 1.65835e-05 -0.00122043 0.00249453 -0.000605499
 -7.67088e-06 -0.00125166 0.00349156 -0.000970345
 -5.19463e-05 -0.00127187 0.00423669 -0.00128802
 -0.000116641 -0.000937153 0.00441547 -0.00145131
 -0.000184421 0.000376473 0.00348465 -0.00126622
 3.31784e-05 -0.00112114 0.000156124 0.000115388
 4.00132e-05 -0.00104595 0.00238501 -0.000516789
 -5.76597e-06 -0.00270874 0.00517018 -0.00137062
 -5.21991e-05 -0.00143332 0.00642692 -0.00197106
 -0.000125806 0.000530516 0.00673094 -0.00234121
 -0.000226027 0.00246593 0.00586893 -0.00229397
 -0.000315277 0.00431026 0.00377139 -0.00172342
 1.41781e-05 -0.0036038 0.00525412 -0.00128534
 -6.36787e-05 -0.000182553 0.00843587 -0.00275724
 -0.000147656 6.24149e-05 0.00933923 -0.00323764
 -0.00026779 0.00269242 0.00884082 -0.00343146
 -0.000393892 0.00662328 0.00641842 -0.00300186
 -0.000477511 0.0106071 0.00203108 -0.00171235
 -0.000207919 0.00111725 0.0107119 -0.00389847
 -0.00032729 0.00629965 0.00987185 -0.00426685
 -0.000478024 0.0105981 0.00722618 -0.00380173
 -0.000591916 0.0134375 0.0035822 -0.00276076
 -0.00061319 0.0172169 -0.00199389 -0.000954913
 -0.000466798 0.00751293 0.00902646 -0.00420885
 -0.000613326 0.0149316 0.00459115 -0.0033574
 -0.000719824 0.0199048 -0.000955323 -0.0017333
 -0.000646159 0.0221193 -0.006404 0.000268659
 -0.000732558 0.0167931 0.00159428 -0.00246834
 -0.000764509 0.0248901 -0.00622496 -0.000216694
 -0.000587997 0.0287173 -0.0132823 0.00239421
 -0.000690347 0.0262039 -0.0103904 0.00134628
 -0.000331593 0.0322819 -0.0191062 0.00443338
 0.000137857 0.0309929 -0.0218218 0.00583299


