**************************************************************
***  MERIS LUT-169: Fourier series terms (s0,..,s5)[TERM]] ***
***                 of polynomial coefficients (k0,..,k3)  ***
***                 for each of 81 aerosol models [IAER],  ***
***                 & for each of 78 geometries [SVZA]     ***
***  - - - - - - - - - - - - - - - - - - - - - - - - - - - ***
***  => useful for multiplicative aer.scat.fct. retrieval  ***
**************************************************************

12 Gaussian angles (deg): SZA/VZA
------------------------         

 2.84 17.64 28.77 36.19 43.61 51.03 58.46 65.88 69.59 73.30 77.01 80.72

Coefficients: [SVZA x (k0,k1,k2,k3)]
------------                        

 Aerosol model #34
 - - - - - - -  

Fourier series term #0
 1.00751 0.876538 0.440757 -0.0460246
 1.00917 0.974448 0.53096 -0.0621178
 1.01386 1.27677 0.785417 -0.109345
 1.02048 1.71934 1.13187 -0.18232
 1.02699 2.15609 1.44162 -0.274138
 1.03194 2.60166 1.63215 -0.373996
 1.03281 3.08142 1.59358 -0.454106
 1.02545 3.64596 1.15964 -0.450519
 1.01716 3.94423 0.699499 -0.372172
 1.00713 4.23186 0.0295325 -0.208242
 1.00206 4.4677 -0.839818 0.059678
 1.02185 4.49915 -1.74074 0.396459
 1.01344 1.18904 0.72548 -0.0980283
 1.01956 1.53322 1.01639 -0.161537
 1.02451 1.8093 1.22654 -0.223644
 1.02992 2.16904 1.43824 -0.306312
 1.0348 2.62321 1.59604 -0.404525
 1.03581 3.1036 1.54565 -0.481915
 1.02882 3.62991 1.11894 -0.474318
 1.02116 3.92389 0.683255 -0.399443
 1.01194 4.22821 0.0459807 -0.243127
 1.00754 4.49012 -0.795622 0.0169686
 1.02768 4.5335 -1.67844 0.348918
 1.02218 1.82743 1.20433 -0.22231
 1.02556 2.08849 1.33644 -0.280506
 1.0283 2.37857 1.41951 -0.345483
 1.02969 2.73396 1.42977 -0.41285
 1.02808 3.20516 1.30895 -0.468454
 1.01908 3.75937 0.869103 -0.447925
 1.01046 4.06108 0.441626 -0.369227
 1.00027 4.37174 -0.178292 -0.212
 0.994813 4.64398 -0.997574 0.0461018
 1.01353 4.71053 -1.86398 0.375941
 1.02954 2.29507 1.3861 -0.323306
 1.03163 2.56848 1.40616 -0.377115
 1.03213 2.87249 1.33598 -0.423743
 1.02966 3.26951 1.13574 -0.450702
 1.02069 3.79268 0.67019 -0.409481
 1.01256 4.09882 0.251667 -0.32612
 1.00321 4.40767 -0.34999 -0.166866
 0.999001 4.68595 -1.14341 0.089165
 1.01925 4.76924 -1.98341 0.414135
 1.03203 2.7856 1.35095 -0.415436
 1.03098 3.08409 1.22718 -0.446806
 1.02654 3.42605 0.959995 -0.448233
 1.01594 3.87063 0.442936 -0.377704
 1.00757 4.15687 0.0189352 -0.284595
 0.998349 4.47409 -0.568506 -0.123255
 0.994616 4.76336 -1.33464 0.129171
 1.01564 4.86256 -2.14467 0.447089
 1.02808 3.32645 1.03041 -0.452338
 1.02207 3.66172 0.714753 -0.430845
 1.01022 4.05993 0.147391 -0.329449
 1.00174 4.30682 -0.291169 -0.221047
 0.99328 4.58889 -0.879488 -0.0484435
 0.991224 4.85696 -1.62339 0.205703
 1.01447 4.95915 -2.39652 0.515898
 1.01436 3.93757 0.335812 -0.375027
 1.00169 4.35242 -0.276165 -0.244155
 0.99351 4.59027 -0.731126 -0.120007
 0.986726 4.82902 -1.32085 0.0664492
 0.987851 5.05044 -2.04054 0.324852
 1.01584 5.09231 -2.75285 0.624167
 0.99006 4.71526 -0.922636 -0.0790584
 0.983518 4.95606 -1.39704 0.0633313
 0.979889 5.17784 -1.98371 0.262378
 0.986395 5.37043 -2.67044 0.521839
 1.02292 5.33458 -3.29203 0.800888
 0.978353 5.14434 -1.86448 0.21531
 0.977359 5.36918 -2.43875 0.415859
 0.988505 5.55285 -3.10123 0.672589
 1.03155 5.45577 -3.64499 0.930599
 0.981541 5.55041 -2.97309 0.610735
 0.999418 5.6659 -3.56094 0.850027
 1.05068 5.50948 -4.00225 1.07526
 1.02576 5.6644 -4.01358 1.04994
 1.08681 5.43098 -4.31187 1.22473
 1.15612 5.05136 -4.37818 1.31456

Fourier series term #1
 -0.000381564 -0.0409892 -0.0225035 0.00235015
 -0.000166595 -0.00418798 -0.00780004 0.000875116
 -0.00112326 -0.0767066 -0.0595642 0.00830887
 -0.00114556 -0.0641176 -0.0539504 0.00892131
 -0.00108372 -0.0552895 -0.0408353 0.00852946
 -0.000940878 -0.0500509 -0.0212943 0.00658788
 -0.000669476 -0.0401502 0.00648793 0.00148208
 -0.000467357 -0.0267678 0.0348127 -0.00627491
 -0.000511437 -0.0178362 0.0453589 -0.0103446
 -0.00074876 -0.0050022 0.0502639 -0.0135046
 -0.00124865 0.0108284 0.0460951 -0.0141312
 -0.00192001 0.0255075 0.032208 -0.0110308
 -0.00279506 -0.154667 -0.137749 0.0184709
 -0.00538746 -0.286184 -0.24745 0.0398369
 -0.00668741 -0.349675 -0.279861 0.0529184
 -0.00686928 -0.355291 -0.236945 0.0552926
 -0.00586094 -0.310171 -0.115374 0.0398836
 -0.00423857 -0.249441 0.0460702 0.00702653
 -0.00292847 -0.164818 0.209473 -0.0409303
 -0.00313891 -0.113785 0.271442 -0.0657208
 -0.00447991 -0.0462756 0.304578 -0.0858169
 -0.00735516 0.0456525 0.28804 -0.0924562
 -0.0111744 0.158338 0.202677 -0.0745399
 -0.00732021 -0.407337 -0.317636 0.0610383
 -0.00834329 -0.462223 -0.311929 0.0706094
 -0.0088181 -0.510117 -0.25797 0.0727084
 -0.00824023 -0.49846 -0.123699 0.0544989
 -0.00688636 -0.411621 0.0866652 0.00693021
 -0.00620912 -0.268204 0.309404 -0.0640602
 -0.00718733 -0.168819 0.393104 -0.101055
 -0.00998369 -0.0445481 0.43019 -0.1293
 -0.0151566 0.108689 0.391065 -0.135486
 -0.0216598 0.287407 0.251424 -0.104572
 -0.00969736 -0.528557 -0.286894 0.0761241
 -0.00986198 -0.554138 -0.199165 0.0692482
 -0.00947786 -0.564313 -0.0623318 0.0475243
 -0.0083999 -0.506506 0.13666 -0.000494446
 -0.00773754 -0.336335 0.364092 -0.0776293
 -0.00886195 -0.206133 0.450772 -0.118579
 -0.0120275 -0.0497787 0.481764 -0.147772
 -0.0177754 0.135723 0.42644 -0.150794
 -0.0247116 0.356577 0.25611 -0.111007
 -0.0101171 -0.594433 -0.103972 0.0573015
 -0.00978212 -0.581288 0.0478981 0.0255624
 -0.00932414 -0.532229 0.228896 -0.0243682
 -0.00973318 -0.37747 0.42133 -0.0970023
 -0.0115302 -0.246442 0.492198 -0.135251
 -0.0154786 -0.0584935 0.508239 -0.162912
 -0.0221133 0.172666 0.428954 -0.16126
 -0.0296165 0.431012 0.228264 -0.112675
 -0.0101526 -0.570651 0.181635 -0.00827882
 -0.0104299 -0.488381 0.342891 -0.0618035
 -0.0121333 -0.33384 0.480779 -0.124437
 -0.0146271 -0.210399 0.516534 -0.152865
 -0.0191971 -0.0388106 0.501198 -0.169536
 -0.0262112 0.196326 0.394594 -0.158082
 -0.0335166 0.481745 0.164666 -0.0995004
 -0.0118235 -0.400067 0.453124 -0.108046
 -0.0151077 -0.215576 0.524361 -0.156746
 -0.0184315 -0.084373 0.515819 -0.171997
 -0.0233932 0.0719256 0.455544 -0.171566
 -0.0302231 0.279998 0.317929 -0.145406
 -0.0361494 0.525794 0.0776116 -0.0775086
 -0.0196889 -0.0275283 0.507033 -0.179279
 -0.0237307 0.107421 0.447579 -0.176557
 -0.0289623 0.268376 0.335549 -0.15593
 -0.0347988 0.466847 0.151598 -0.108381
 -0.0378783 0.666327 -0.0967334 -0.0297164
 -0.028123 0.232391 0.359257 -0.160847
 -0.0330716 0.400047 0.218757 -0.128415
 -0.0378903 0.585272 0.0186956 -0.0711095
 -0.038686 0.766315 -0.233366 0.0131686
 -0.0370303 0.538067 0.068633 -0.0874683
 -0.040054 0.70814 -0.141993 -0.0219678
 -0.037487 0.857534 -0.383158 0.0635061
 -0.0400597 0.829054 -0.335499 0.0441888
 -0.0334435 0.923471 -0.537655 0.12152
 -0.0220836 0.939403 -0.667061 0.177995

Fourier series term #2
 -4.83024e-05 -0.00565479 -0.00286617 0.000300295
 1.67726e-05 0.00167709 0.00101267 -0.000122618
 3.00673e-05 0.00169597 0.00144842 -0.000219051
 -7.55255e-05 -0.00594389 -0.00453248 0.000681124
 -8.27972e-07 0.0014363 -0.000191514 -4.40832e-05
 -2.28424e-05 0.000800768 -0.00119634 0.000154784
 -0.000144945 -0.00903325 -0.0065924 0.00173063
 -1.11497e-05 0.00612839 0.000650627 -0.000423299
 -1.93108e-05 0.0081302 0.000286328 -0.000440084
 -5.63223e-05 -0.000475921 -0.00103168 0.000344092
 -6.54009e-05 -0.010211 0.00122894 0.000101188
 -0.000127945 -0.00974227 0.00354835 -0.000771991
 0.000597216 0.0412652 0.0291764 -0.00411474
 0.000311618 0.0140736 0.00331854 -0.00138878
 -0.000467054 -0.0394207 -0.0490397 0.00706598
 -0.00107422 -0.0692748 -0.0908339 0.0160922
 -0.000990482 -0.0519213 -0.0947967 0.0194351
 -0.000783496 -0.0491688 -0.0922312 0.0228084
 -0.000217736 -0.0546507 -0.0733738 0.0225851
 0.000249908 -0.0542306 -0.0558011 0.0194308
 0.000731761 -0.0525219 -0.0339692 0.0140102
 0.00103709 -0.0498309 -0.0100183 0.00665314
 0.000811773 -0.045078 0.0110207 -0.0010442
 -0.000184222 -0.0262857 -0.0521203 0.00668589
 -0.000650438 -0.0542895 -0.104452 0.0166301
 -0.00129721 -0.105886 -0.174223 0.0337193
 -0.00164733 -0.153208 -0.228496 0.0529073
 -0.000945793 -0.154846 -0.225924 0.0619375
 0.000696642 -0.150866 -0.175745 0.058568
 0.00178532 -0.155783 -0.133395 0.050711
 0.00289702 -0.162438 -0.0790231 0.0370909
 0.00360003 -0.166156 -0.0168809 0.0177945
 0.0028791 -0.15674 0.0393876 -0.00339915
 -0.00132485 -0.0926235 -0.171763 0.0312002
 -0.00191867 -0.137534 -0.242823 0.0513908
 -0.0020881 -0.193865 -0.303789 0.0751851
 -0.0012916 -0.243749 -0.32107 0.093906
 0.00105788 -0.268166 -0.257632 0.0917038
 0.00277492 -0.271324 -0.193704 0.0786723
 0.00454787 -0.277834 -0.113398 0.0575624
 0.00567345 -0.281319 -0.0198093 0.0276371
 0.0045538 -0.262417 0.0653438 -0.00529036
 -0.00215632 -0.185965 -0.317721 0.0762752
 -0.00172478 -0.236075 -0.370848 0.101606
 -0.000389093 -0.328388 -0.392213 0.126181
 0.00295805 -0.410415 -0.324304 0.127715
 0.00540726 -0.437614 -0.244342 0.111799
 0.00790037 -0.448883 -0.134235 0.0813606
 0.00941659 -0.449715 -0.00558343 0.0383521
 0.00773248 -0.418503 0.110641 -0.00843163
 -0.000733072 -0.323936 -0.424822 0.131885
 0.00170167 -0.415707 -0.424863 0.152779
 0.00625574 -0.543468 -0.339081 0.151896
 0.00945787 -0.609215 -0.244273 0.133152
 0.0128037 -0.659349 -0.110139 0.0961915
 0.0148281 -0.680403 0.0525186 0.0408237
 0.0123584 -0.640038 0.199644 -0.0207198
 0.00550797 -0.549556 -0.403709 0.169883
 0.0116152 -0.684125 -0.283017 0.156491
 0.0155791 -0.773274 -0.171251 0.131904
 0.0195138 -0.856832 -0.0142119 0.0870707
 0.0218507 -0.91247 0.176834 0.0210526
 0.0185727 -0.915156 0.363261 -0.0552975
 0.0192088 -0.878151 -0.128392 0.131775
 0.0236259 -0.964057 0.00223153 0.0970696
 0.0274935 -1.03719 0.169791 0.043577
 0.0293029 -1.1285 0.382002 -0.0309931
 0.0238215 -1.15082 0.583241 -0.115097
 0.0280928 -1.05843 0.140574 0.0579752
 0.0317035 -1.15179 0.316442 0.00108855
 0.0325697 -1.24079 0.529449 -0.0762236
 0.0254234 -1.23399 0.707674 -0.155903
 0.0341095 -1.27234 0.503854 -0.0597759
 0.0331968 -1.32954 0.694415 -0.133598
 0.0236047 -1.3051 0.847625 -0.206437
 0.029621 -1.38648 0.870392 -0.203209
 0.0168333 -1.34928 0.991735 -0.265024
 0.000474367 -1.30425 1.07407 -0.310934

Fourier series term #3
 1.89455e-05 0.00219395 0.00110986 -0.000115832
 1.782e-05 0.0018774 0.00104977 -0.000123081
 -2.67514e-06 -0.000241273 -0.00013667 2.0143e-05
 5.81573e-06 0.000406943 0.000327856 -5.23185e-05
 5.39071e-05 0.00427863 0.00294077 -0.00055859
 -9.57548e-05 -0.00748836 -0.00482566 0.00110038
 2.73032e-05 0.00291942 0.00153436 -0.000442175
 4.46471e-05 0.0073253 0.00239715 -0.000927388
 -2.95938e-05 -0.00461165 -0.000921125 0.000461634
 -3.36708e-05 -0.0129829 -0.00028623 0.000693523
 -1.94207e-05 -0.00793106 0.00141493 -9.1483e-05
 1.28896e-06 0.00571501 -0.00207169 0.000441865
 -3.51979e-05 -0.00273086 -0.00123211 0.000202705
 0.000477784 0.0359142 0.0277867 -0.00422819
 0.000235031 0.0108803 0.0133498 -0.00224554
 -0.000115841 -0.0160748 -0.00755329 0.0014896
 -0.000165536 -0.0120958 -0.00989417 0.00200958
 -0.000140267 -0.00406299 -0.00945867 0.00189931
 -0.000140525 -0.00217254 -0.011981 0.00287074
 -0.000143409 -0.00739947 -0.0131056 0.00376119
 -8.42423e-05 -0.0100883 -0.0112801 0.00368858
 3.65621e-06 -0.00673065 -0.0083237 0.00281169
 9.88845e-05 0.000481348 -0.00756352 0.00233574
 0.000527689 0.03483 0.0341234 -0.0058519
 0.00048442 0.0303903 0.0311408 -0.00617667
 8.40912e-05 -0.00430581 0.00310453 -0.00115047
 -0.000282387 -0.0313577 -0.0280763 0.00585672
 -0.000437018 -0.0345983 -0.0447015 0.010956
 -0.000273913 -0.0257284 -0.0480611 0.01348
 -3.97886e-05 -0.0199322 -0.0468493 0.0139904
 0.000296838 -0.0155316 -0.0434804 0.0138378
 0.000724285 -0.014943 -0.0366887 0.0125395
 0.00113714 -0.0166248 -0.0258594 0.00951237
 0.000351952 0.0154412 0.020837 -0.00489005
 0.000229089 0.0143432 0.00798475 -0.0034525
 -0.00041297 -0.0295973 -0.0372725 0.0075089
 -0.00079431 -0.0611752 -0.0764833 0.0198592
 -0.000413987 -0.0487979 -0.088382 0.0258986
 2.79025e-05 -0.0412154 -0.0870232 0.0271436
 0.000639602 -0.0432583 -0.0785677 0.0266278
 0.00141168 -0.0367881 -0.0644128 0.0230889
 0.00220226 -0.0330262 -0.0470361 0.017696
 -0.000122456 -0.0049627 -0.0182812 0.00207323
 -0.000523421 -0.0238678 -0.0542508 0.0115336
 -0.000654875 -0.0517051 -0.101556 0.0270452
 -9.46335e-05 -0.0888063 -0.134384 0.0432606
 0.000745658 -0.0944822 -0.134523 0.0467942
 0.00189941 -0.0904403 -0.120576 0.0450314
 0.00326095 -0.0859166 -0.0956884 0.0385163
 0.0044526 -0.0809573 -0.0634513 0.0277959
 -0.000534925 -0.0329227 -0.0906064 0.0221444
 -0.00029691 -0.0475867 -0.133007 0.0377957
 0.000888171 -0.0998924 -0.169076 0.0577171
 0.00225161 -0.130134 -0.16997 0.0638758
 0.00419271 -0.156705 -0.150192 0.0628422
 0.00639989 -0.175326 -0.10871 0.0523932
 0.00798458 -0.170789 -0.0570924 0.0341396
 0.00054731 -0.0775618 -0.174827 0.05638
 0.00278373 -0.106771 -0.197494 0.0724869
 0.00482795 -0.154467 -0.191076 0.0780163
 0.00739884 -0.194571 -0.159664 0.073986
 0.0105798 -0.252995 -0.0979396 0.0590805
 0.0126713 -0.288568 -0.0142792 0.0309689
 0.00631548 -0.176963 -0.200945 0.0865824
 0.00893658 -0.200062 -0.180028 0.0848652
 0.0121619 -0.236368 -0.136903 0.0755592
 0.0158078 -0.304137 -0.0595476 0.0547187
 0.0179893 -0.365166 0.043362 0.0202405
 0.0121043 -0.242094 -0.147308 0.0799791
 0.0156023 -0.282762 -0.0964296 0.0675722
 0.0192626 -0.335327 -0.0178667 0.0438088
 0.0208985 -0.399457 0.0945611 0.00470099
 0.0188755 -0.334596 -0.0354662 0.051534
 0.0219643 -0.388563 0.0523726 0.0231034
 0.0225773 -0.424902 0.150155 -0.0140141
 0.0238389 -0.441788 0.144503 -0.00838583
 0.0232231 -0.443262 0.214616 -0.038753
 0.0202481 -0.445443 0.277431 -0.0665274

Fourier series term #4
 9.27972e-06 0.00109506 0.000542449 -5.65845e-05
 7.84401e-06 0.000835284 0.00045953 -5.39327e-05
 -1.48599e-06 -0.00013993 -9.2636e-05 1.28066e-05
 3.11488e-05 0.00251779 0.00170062 -0.000273428
 -3.12357e-05 -0.00254913 -0.00174807 0.000332863
 -1.1793e-05 -0.00132959 -0.000857846 0.000192464
 7.31084e-05 0.00597901 0.00321616 -0.000908958
 -2.61083e-05 -0.00575949 -0.00183406 0.000715232
 -1.35852e-05 -0.00752246 -0.00143138 0.000735374
 2.37273e-05 -0.00115954 -6.11627e-05 6.69919e-05
 3.46472e-05 0.00695375 -0.00121383 5.77395e-05
 7.4537e-05 0.00757405 -0.00275164 0.000604942
 -0.000237471 -0.0216151 -0.0133357 0.00179644
 0.000155256 0.0149983 0.00928246 -0.00144574
 0.000243287 0.0182445 0.0138181 -0.00239942
 -4.11123e-05 -0.00651053 -0.00198197 0.000533093
 -7.83546e-06 -0.00319582 -0.000741741 0.00025327
 1.39712e-05 -0.000218686 0.000676748 -0.000153297
 -9.94685e-06 -0.00132989 -8.19891e-05 6.00617e-05
 -9.04008e-06 -0.00149224 -0.000791971 0.000261174
 -8.02299e-07 -0.00152328 -0.00110829 0.000376875
 4.51179e-06 -0.00108992 -0.000739408 0.000264016
 -1.02241e-05 -0.000918894 -5.88198e-05 3.99355e-05
 0.000251598 0.0224997 0.0174916 -0.0029692
 0.000414714 0.0359468 0.0290207 -0.00549609
 0.000317932 0.0208417 0.0222348 -0.00461335
 2.46966e-05 -0.00992554 0.00357069 -0.000335061
 -3.7954e-05 -0.0137943 -0.00196956 0.000990617
 -4.08102e-05 -0.00650529 -0.00155373 0.000603499
 -6.31329e-05 -0.00707062 -0.00189355 0.000789418
 -6.67485e-05 -0.00887951 -0.00160438 0.000874201
 -3.87091e-05 -0.0105904 -0.000647551 0.000713427
 -1.0844e-05 -0.0107516 0.00065538 0.00027367
 0.000513222 0.0344939 0.0334332 -0.0067427
 0.000516087 0.034246 0.0370232 -0.00823249
 0.000281425 0.00924404 0.02255 -0.00534987
 -2.88845e-05 -0.0209701 0.00191667 0.000234516
 -0.000183279 -0.0300258 -0.00374896 0.00233547
 -0.000180215 -0.0307846 -0.00401396 0.00263635
 -0.000119071 -0.0193805 -0.0034343 0.00190421
 -8.42457e-05 -0.0107427 -0.00351868 0.00150506
 -4.32796e-05 -0.0182704 0.000722993 0.000541901
 0.000491595 0.0268512 0.0387407 -0.00936239
 0.000428163 0.0275717 0.0386695 -0.0106776
 -3.97432e-05 -0.0137559 0.0179165 -0.00453505
 -0.000262122 -0.0446193 -0.000399895 0.0020559
 -0.000251262 -0.0586442 -0.00306743 0.00399762
 -0.000152261 -0.0491324 -0.00186721 0.0032649
 -3.80074e-05 -0.0386452 -0.000669998 0.00233109
 4.39508e-06 -0.0361479 0.00370792 0.000640259
 0.000143838 0.00758083 0.0360362 -0.0102844
 -0.00015367 0.00267034 0.0307284 -0.00982099
 -0.000433968 -0.0330139 0.0130732 -0.00321258
 -0.000441908 -0.0575455 0.00672194 0.000602181
 -0.000251516 -0.0787213 0.00863857 0.00173849
 7.82479e-05 -0.0882538 0.0149957 0.000399877
 0.000124577 -0.0742193 0.0186795 -0.00202275
 -0.000506756 -0.00572895 0.0283904 -0.00973708
 -0.000942346 -0.02044 0.0203228 -0.00688631
 -0.000964631 -0.0411396 0.0156262 -0.00381149
 -0.000844721 -0.0588745 0.0152916 -0.00218782
 -0.000261804 -0.105191 0.029605 -0.00326742
 -0.000222181 -0.110028 0.0421501 -0.00777457
 -0.00144402 -0.0328183 0.0191171 -0.00590145
 -0.00163767 -0.0316534 0.016538 -0.0051275
 -0.00160625 -0.0496105 0.0200616 -0.00466001
 -0.00143318 -0.0702428 0.0280349 -0.005579
 -0.00124793 -0.115995 0.0578399 -0.0129006
 -0.00171617 -0.0544904 0.0241694 -0.00590642
 -0.00191708 -0.0512329 0.024061 -0.00609502
 -0.00192484 -0.0603235 0.0297522 -0.00729898
 -0.00187633 -0.106198 0.0613664 -0.0153519
 -0.00222621 -0.0605086 0.0310328 -0.00779758
 -0.00235869 -0.0717707 0.0406052 -0.0103341
 -0.00262232 -0.0977387 0.0629687 -0.0167489
 -0.00285328 -0.0952797 0.061606 -0.0163894
 -0.00401 -0.107769 0.0793289 -0.0225623
 -0.005954 -0.112574 0.0918498 -0.0275212

Fourier series term #5
 1.34777e-06 0.000162011 7.85368e-05 -8.21278e-06
 -3.46073e-06 -0.000351029 -0.000200772 2.34937e-05
 6.71571e-06 0.000605535 0.000383488 -5.33787e-05
 -2.84578e-06 -0.000196237 -0.00014737 2.40138e-05
 -1.65268e-05 -0.00132829 -0.00090556 0.000171009
 2.85483e-05 0.00225924 0.00145068 -0.000331877
 -9.22498e-06 -0.000853831 -0.000416973 0.000123642
 -1.49579e-05 -0.00227924 -0.000810514 0.00030211
 7.84653e-06 0.00128214 0.00017568 -0.000109281
 9.29623e-06 0.00392207 6.77747e-05 -0.000205596
 3.58863e-06 0.00252059 -0.000394415 1.10723e-05
 -3.3511e-06 -0.00161701 0.000644058 -0.000144515
 -0.000112024 -0.0119699 -0.00655173 0.000890952
 -4.92719e-05 -0.00255031 -0.00255325 0.000385485
 9.26486e-05 0.00887063 0.00562264 -0.000996021
 3.8125e-05 0.00168795 0.00180418 -0.000363493
 -1.88595e-05 -0.00205671 -0.000968247 0.000262056
 -7.79918e-06 -0.000924389 -4.00403e-05 6.27539e-05
 1.28432e-05 0.000919064 0.000231587 -0.000106931
 4.95288e-06 -0.000212616 -0.000258989 8.0217e-05
 4.2513e-07 -0.000901068 -3.73743e-05 5.88645e-05
 -5.4886e-06 -0.000199342 0.000332967 -9.37741e-05
 -2.28003e-06 0.000926028 -7.28328e-05 -1.71764e-05
 -1.5952e-05 -3.90438e-05 -0.000572238 9.31448e-05
 0.000216976 0.0234084 0.0149456 -0.0029998
 0.000203122 0.0202274 0.015196 -0.00333501
 8.94507e-05 0.00463386 0.00603923 -0.00139655
 -1.39803e-05 -0.00764222 -0.00124774 0.000680246
 9.23702e-06 -0.00292514 0.00105749 -0.000106614
 2.03522e-05 0.000859358 0.00140337 -0.000443528
 2.14891e-05 0.00304723 0.000547108 -0.000339642
 3.56681e-05 0.00104813 -0.000263782 4.27082e-05
 5.2615e-05 -0.00389782 0.00110119 -0.000133927
 0.00019575 0.0186142 0.014074 -0.00293296
 0.000341379 0.0322938 0.0238561 -0.00561939
 0.000292643 0.0235202 0.0206444 -0.00536043
 5.41075e-05 -0.00498752 0.00594723 -0.00116116
 4.16608e-05 -0.00939965 0.00130172 0.00018498
 4.60776e-05 -0.00872967 0.00135478 0.000144789
 2.3181e-05 -0.00334047 0.00270621 -0.000619256
 -4.44446e-08 -0.00248961 0.00269879 -0.000703752
 3.1025e-05 -0.00761489 0.00353941 -0.000740007
 0.000339461 0.0287018 0.0254423 -0.00642458
 0.00037852 0.0361038 0.0317364 -0.00897635
 0.000254735 0.0220832 0.0233855 -0.00725744
 3.20197e-05 -0.0128165 0.00959054 -0.0020232
 5.43031e-05 -0.0229594 0.00638028 -0.000505758
 5.47904e-05 -0.0210114 0.00757072 -0.00104222
 2.13023e-05 -0.0202431 0.00957952 -0.00186649
 1.4936e-05 -0.0180554 0.00948424 -0.00213777
 0.000364277 0.0360057 0.0341163 -0.0105317
 0.000198735 0.0400616 0.035263 -0.012234
 -2.01615e-05 0.00655138 0.0251067 -0.00833148
 -0.000113841 -0.0122542 0.0206203 -0.00600544
 -5.55477e-05 -0.0278979 0.0176777 -0.00402053
 9.31823e-05 -0.0448829 0.0228167 -0.00484789
 -0.000165838 -0.0395479 0.0236358 -0.00573695
 -2.70595e-05 0.0341532 0.0388108 -0.0141128
 -0.000340614 0.0311375 0.0319572 -0.0130262
 -0.000620473 0.0244015 0.0290608 -0.0121941
 -0.000668602 -0.00604988 0.0277271 -0.00970967
 -0.000591551 -0.0342568 0.0318199 -0.00912983
 -0.000699111 -0.0438367 0.0350941 -0.00988243
 -0.00102089 0.0337061 0.0338401 -0.0152154
 -0.00133306 0.0302705 0.0296676 -0.0139495
 -0.00163983 0.0285691 0.0223592 -0.0115256
 -0.00183013 0.014432 0.0201559 -0.00967395
 -0.00180737 -0.0178096 0.0305119 -0.0108473
 -0.00172039 0.0235821 0.028272 -0.0134115
 -0.00219083 0.0334281 0.0190531 -0.0112978
 -0.00258809 0.0340953 0.0110481 -0.00850541
 -0.00246276 0.015464 0.0110602 -0.0066063
 -0.00262808 0.0280466 0.0177003 -0.0106038
 -0.00300151 0.0457157 -0.000651118 -0.00523569
 -0.00284405 0.0360493 -0.00502431 -0.00228713
 -0.0033848 0.0403476 -0.00440681 -0.00323708
 -0.0031133 0.0372961 -0.0114023 0.000188919
 -0.00331225 0.025073 -0.00776659 8.78609e-05


