**************************************************************
***  MERIS LUT-169: Fourier series terms (s0,..,s5)[TERM]] ***
***                 of polynomial coefficients (k0,..,k3)  ***
***                 for each of 81 aerosol models [IAER],  ***
***                 & for each of 78 geometries [SVZA]     ***
***  - - - - - - - - - - - - - - - - - - - - - - - - - - - ***
***  => useful for multiplicative aer.scat.fct. retrieval  ***
**************************************************************

12 Gaussian angles (deg): SZA/VZA
------------------------         

 2.84 17.64 28.77 36.19 43.61 51.03 58.46 65.88 69.59 73.30 77.01 80.72

Coefficients: [SVZA x (k0,k1,k2,k3)]
------------                        

 Aerosol model #35
 - - - - - - -  

Fourier series term #0
 1.00864 0.925586 0.484367 -0.0532469
 1.01032 1.01442 0.570019 -0.0703943
 1.01526 1.31649 0.821778 -0.120823
 1.02182 1.72935 1.14151 -0.193791
 1.02838 2.14426 1.42621 -0.284692
 1.03359 2.57423 1.59859 -0.38253
 1.03511 3.04131 1.55161 -0.459523
 1.02906 3.58174 1.121 -0.452251
 1.0219 3.86587 0.67494 -0.374724
 1.01334 4.13839 0.0316932 -0.215883
 1.00986 4.35409 -0.79598 0.0407118
 1.03035 4.35866 -1.64058 0.358755
 1.0142 1.22825 0.756617 -0.107295
 1.01981 1.55948 1.02571 -0.170446
 1.0243 1.83015 1.21911 -0.231573
 1.02917 2.18507 1.41143 -0.311976
 1.03338 2.62618 1.54211 -0.404549
 1.03394 3.09734 1.47008 -0.474539
 1.02714 3.61121 1.03468 -0.459637
 1.01997 3.89254 0.604935 -0.383076
 1.01155 4.17804 -0.0135683 -0.229065
 1.00803 4.41512 -0.818598 0.0217549
 1.02799 4.4347 -1.64943 0.336368
 1.02274 1.84921 1.19209 -0.225942
 1.02601 2.1062 1.31028 -0.281557
 1.0287 2.39262 1.37808 -0.342601
 1.03015 2.74601 1.37267 -0.404628
 1.02873 3.20314 1.23071 -0.451293
 1.02046 3.73206 0.77756 -0.420835
 1.01264 4.01671 0.354462 -0.339505
 1.00361 4.30506 -0.247446 -0.183937
 0.999451 4.54915 -1.02964 0.0651162
 1.01852 4.58716 -1.8414 0.377106
 1.02803 2.32885 1.32518 -0.311782
 1.02969 2.60507 1.32769 -0.359685
 1.02981 2.90996 1.23832 -0.39886
 1.02709 3.30144 1.01733 -0.416284
 1.01836 3.80468 0.535524 -0.364391
 1.01078 4.0927 0.11789 -0.277514
 1.00236 4.38014 -0.468907 -0.119318
 0.999238 4.62956 -1.22835 0.128413
 1.01958 4.68201 -2.01685 0.436603
 1.03233 2.802 1.29491 -0.406915
 1.03141 3.09508 1.15964 -0.433026
 1.0273 3.42638 0.881458 -0.427892
 1.01754 3.8531 0.360968 -0.351335
 1.00996 4.12145 -0.0571441 -0.256762
 1.00188 4.41258 -0.62802 -0.0972256
 0.999462 4.66864 -1.35976 0.146643
 1.02089 4.73161 -2.11617 0.447054
 1.02872 3.33341 0.954401 -0.433519
 1.02312 3.6576 0.632124 -0.406697
 1.01215 4.03676 0.066479 -0.30114
 1.00447 4.26881 -0.363329 -0.192754
 0.997089 4.52875 -0.932258 -0.0236413
 0.996229 4.76689 -1.64146 0.221069
 1.01981 4.83171 -2.36214 0.513893
 1.01625 3.92428 0.253898 -0.347982
 1.00488 4.3167 -0.349435 -0.215478
 0.997645 4.53591 -0.79145 -0.0929909
 0.991543 4.75605 -1.36019 0.0887154
 0.993645 4.95029 -2.04494 0.336969
 1.02207 4.95981 -2.70445 0.617831
 0.99396 4.66123 -0.985322 -0.0502837
 0.988235 4.88518 -1.44383 0.0889399
 0.98555 5.09039 -2.006 0.28109
 0.993016 5.25043 -2.653 0.52844
 1.02901 5.18536 -3.22555 0.789925
 0.984555 5.05797 -1.88567 0.232513
 0.984457 5.26221 -2.43495 0.426057
 0.996331 5.41284 -3.05673 0.670142
 1.03856 5.29195 -3.55453 0.911088
 0.98894 5.42307 -2.94746 0.615776
 1.00708 5.51463 -3.49875 0.84264
 1.05698 5.34066 -3.89984 1.0521
 1.03326 5.50145 -3.92638 1.03358
 1.09235 5.2531 -4.18853 1.19377
 1.15899 4.86965 -4.23077 1.27274

Fourier series term #1
 -0.000384572 -0.038314 -0.0215943 0.0023764
 -0.000173937 -0.00496006 -0.00790956 0.000978506
 -0.00107752 -0.0698653 -0.0540754 0.00803002
 -0.0011057 -0.0603483 -0.0491231 0.00864499
 -0.00105268 -0.0531256 -0.0370121 0.00820059
 -0.000924758 -0.0486998 -0.0186608 0.00617882
 -0.000681365 -0.0403776 0.00733454 0.00115879
 -0.000490863 -0.0280701 0.0344322 -0.00649559
 -0.000525289 -0.019398 0.0447812 -0.0105503
 -0.000736414 -0.00713053 0.0498455 -0.0137401
 -0.00118821 0.00829021 0.0463182 -0.0145372
 -0.0017906 0.0237836 0.0329734 -0.0116429
 -0.00265423 -0.148164 -0.128807 0.0183212
 -0.00499933 -0.273083 -0.226667 0.0384589
 -0.00615593 -0.334432 -0.253545 0.0503224
 -0.00631091 -0.341411 -0.210244 0.0515041
 -0.00548444 -0.303541 -0.0966375 0.0360547
 -0.00420158 -0.249107 0.0540054 0.00414229
 -0.00329168 -0.168097 0.207393 -0.0421207
 -0.00364871 -0.115983 0.265656 -0.0660657
 -0.00507275 -0.0473177 0.295672 -0.0852084
 -0.00792568 0.0443137 0.277686 -0.0911486
 -0.011612 0.155034 0.194328 -0.0736138
 -0.00699946 -0.390527 -0.287943 0.057622
 -0.00799976 -0.445592 -0.279563 0.0659053
 -0.00851989 -0.493813 -0.225617 0.0667049
 -0.00808036 -0.48459 -0.0962232 0.0479454
 -0.00694935 -0.402625 0.102282 0.00175102
 -0.00653158 -0.263411 0.308556 -0.0654144
 -0.00756365 -0.166233 0.384024 -0.0997245
 -0.0102706 -0.0445844 0.414522 -0.125245
 -0.0151312 0.105289 0.372441 -0.129504
 -0.0210811 0.27883 0.235786 -0.0986361
 -0.00894491 -0.514379 -0.248025 0.0682919
 -0.00922636 -0.541887 -0.162405 0.0606412
 -0.00907794 -0.550816 -0.0307496 0.0387244
 -0.00843909 -0.489035 0.156708 -0.00763255
 -0.00845683 -0.318988 0.361827 -0.0787958
 -0.00987611 -0.191343 0.435044 -0.115144
 -0.0131654 -0.0375155 0.454847 -0.139856
 -0.0187633 0.145233 0.39243 -0.13936
 -0.0252516 0.35872 0.222389 -0.0983333
 -0.00988333 -0.577266 -0.0717221 0.0492152
 -0.00970608 -0.563113 0.0756149 0.0170985
 -0.00948616 -0.510786 0.248304 -0.0320896
 -0.0101944 -0.35461 0.425245 -0.101015
 -0.0120492 -0.224452 0.485694 -0.135883
 -0.01586 -0.0437494 0.492001 -0.159398
 -0.0220267 0.176777 0.408001 -0.154631
 -0.0286913 0.421268 0.211527 -0.105917
 -0.010223 -0.548294 0.206266 -0.0174787
 -0.0106985 -0.463391 0.358601 -0.0696042
 -0.012625 -0.308502 0.482418 -0.128375
 -0.0151225 -0.18514 0.509723 -0.153911
 -0.0194911 -0.0158705 0.48599 -0.167136
 -0.0259447 0.210282 0.375017 -0.152805
 -0.0322662 0.477471 0.150969 -0.0943999
 -0.0121868 -0.372087 0.460746 -0.113782
 -0.0156388 -0.186588 0.518986 -0.158394
 -0.018885 -0.0586517 0.504099 -0.171073
 -0.0236923 0.0958244 0.438251 -0.168149
 -0.0300625 0.298357 0.29612 -0.139185
 -0.0350033 0.532149 0.0605916 -0.0716043
 -0.0207072 0.00379417 0.488153 -0.175884
 -0.0245986 0.138003 0.424397 -0.171278
 -0.0295396 0.296501 0.309057 -0.148782
 -0.0348782 0.485386 0.125585 -0.0999691
 -0.0371717 0.672715 -0.116198 -0.0222992
 -0.0284925 0.259545 0.338537 -0.156615
 -0.0331416 0.422469 0.196745 -0.122857
 -0.037359 0.599509 -0.00124239 -0.065037
 -0.0373331 0.76572 -0.243296 0.0171644
 -0.0367245 0.557312 0.0452713 -0.0802953
 -0.0392033 0.718944 -0.161459 -0.0151025
 -0.0360381 0.855868 -0.392507 0.0677696
 -0.038814 0.834548 -0.352265 0.0509649
 -0.0317029 0.920176 -0.545183 0.125474
 -0.0201384 0.930215 -0.666154 0.178959

Fourier series term #2
 -5.04535e-05 -0.00542017 -0.00285437 0.000314228
 2.13813e-05 0.0019941 0.00120395 -0.000152553
 2.12043e-05 0.00105817 0.000879999 -0.000148886
 -6.37287e-05 -0.00478164 -0.00374422 0.000589572
 -3.73202e-06 0.000819287 -0.000555702 3.76488e-05
 -2.02723e-05 0.000358912 -0.00137872 0.000221258
 -0.0001136 -0.00678328 -0.00524919 0.00141465
 -2.95651e-06 0.00410188 -3.96856e-05 -0.000164532
 -3.50357e-06 0.00550913 -0.000196795 -0.000194971
 -3.56795e-05 -0.000737693 -0.000973421 0.000348415
 -5.36001e-05 -0.00784048 0.000816825 0.000143493
 -0.000102521 -0.00749518 0.00262922 -0.000539676
 0.000541156 0.0379426 0.0258011 -0.00384103
 0.000255509 0.0118859 0.000548463 -0.000912033
 -0.000425448 -0.0367014 -0.0466395 0.00712099
 -0.000884459 -0.061481 -0.082103 0.0151696
 -0.000771734 -0.0481805 -0.0869231 0.0185404
 -0.000538226 -0.0470781 -0.0853856 0.0218136
 4.37935e-06 -0.0538908 -0.0685389 0.0216923
 0.000431773 -0.0553323 -0.0522109 0.0187678
 0.000869739 -0.0556392 -0.0313019 0.013554
 0.00113308 -0.0545639 -0.00780617 0.00629
 0.000860224 -0.0502541 0.0130792 -0.00144001
 -0.000165377 -0.0233724 -0.0494925 0.00663442
 -0.000567353 -0.0493595 -0.0972864 0.016022
 -0.00113506 -0.0983803 -0.161303 0.0320732
 -0.0013855 -0.141302 -0.209332 0.0494892
 -0.000701886 -0.147103 -0.207744 0.0580773
 0.000831802 -0.149915 -0.162232 0.0552685
 0.00184662 -0.156934 -0.122441 0.0478182
 0.00287321 -0.164956 -0.070763 0.0347516
 0.00348734 -0.169346 -0.0112915 0.0161467
 0.00270089 -0.160137 0.0425306 -0.00426984
 -0.000979306 -0.0866083 -0.156893 0.0288228
 -0.00133918 -0.129433 -0.220149 0.0470028
 -0.00132933 -0.18796 -0.275376 0.0688251
 -0.000423442 -0.239221 -0.288168 0.0853254
 0.00181756 -0.26698 -0.227227 0.082569
 0.00337834 -0.273566 -0.167529 0.0703666
 0.0049541 -0.281958 -0.0918045 0.0503342
 0.00586917 -0.28599 -0.00374279 0.0219959
 0.00460079 -0.267944 0.0759472 -0.00902985
 -0.00175761 -0.175657 -0.29437 0.0722361
 -0.00128169 -0.228201 -0.343386 0.0960906
 5.18839e-05 -0.319203 -0.360103 0.118277
 0.00321331 -0.399562 -0.291724 0.117954
 0.00546856 -0.426784 -0.214972 0.102154
 0.00772313 -0.44028 -0.110867 0.0730778
 0.00900096 -0.442916 0.0100427 0.0323902
 0.00719049 -0.414416 0.118778 -0.0116323
 -6.18952e-05 -0.31573 -0.389552 0.123311
 0.0024378 -0.408048 -0.384123 0.141286
 0.00687342 -0.533903 -0.29654 0.137848
 0.00986971 -0.596362 -0.204224 0.118675
 0.0129229 -0.643571 -0.0762222 0.0826959
 0.0146611 -0.663089 0.076612 0.0301212
 0.0120853 -0.626246 0.21341 -0.0274428
 0.00571661 -0.53692 -0.359356 0.155793
 0.0113651 -0.668652 -0.239005 0.140517
 0.0147708 -0.751722 -0.133022 0.116665
 0.018367 -0.831178 0.0172949 0.0729887
 0.020258 -0.882658 0.197563 0.0100463
 0.0163545 -0.876594 0.36425 -0.0594073
 0.0181557 -0.850698 -0.0886422 0.114999
 0.0221272 -0.932909 0.0373272 0.0808033
 0.0253572 -1.00373 0.195442 0.0300327
 0.0262737 -1.08248 0.389495 -0.0390184
 0.0205899 -1.09727 0.572772 -0.116657
 0.0257437 -1.02297 0.167415 0.0439311
 0.028704 -1.10852 0.332987 -0.0103304
 0.0288384 -1.18438 0.528512 -0.0824553
 0.0214167 -1.17589 0.691274 -0.155948
 0.0308503 -1.21758 0.509282 -0.0687286
 0.0293718 -1.26805 0.685048 -0.137426
 0.0197013 -1.24183 0.823159 -0.203938
 0.0253426 -1.31875 0.847047 -0.202026
 0.0127435 -1.27831 0.953521 -0.257617
 -0.00306065 -1.23018 1.02301 -0.29804

Fourier series term #3
 1.67851e-05 0.00178723 0.000939696 -0.00010322
 1.62556e-05 0.00159354 0.000911484 -0.000112634
 -3.21608e-06 -0.000280239 -0.000160655 2.45703e-05
 4.4708e-06 0.000295869 0.000239904 -4.05024e-05
 4.1744e-05 0.0031422 0.00214139 -0.000426947
 -7.37646e-05 -0.0054504 -0.0034637 0.000824554
 2.15804e-05 0.00211655 0.00108524 -0.000325761
 3.8064e-05 0.00528466 0.00168304 -0.000678628
 -2.58228e-05 -0.00333101 -0.000657139 0.000342099
 -3.87802e-05 -0.00937006 -0.000205103 0.000525994
 -2.40379e-05 -0.00571139 0.000984818 -4.11463e-05
 1.12192e-05 0.00410711 -0.00146697 0.000301239
 -7.06866e-06 -0.000380802 0.000280546 -6.42626e-06
 0.00042538 0.032346 0.0246766 -0.00394235
 0.00018078 0.00862791 0.0106353 -0.00188285
 -0.00011237 -0.0138922 -0.00669465 0.0013548
 -0.000140921 -0.0102275 -0.00830591 0.00173366
 -0.000113969 -0.00344813 -0.00825387 0.00171181
 -9.90892e-05 -0.00154647 -0.0106822 0.0026174
 -8.80982e-05 -0.00534324 -0.0117124 0.00337733
 -2.74194e-05 -0.00751593 -0.0104924 0.0034187
 6.24165e-05 -0.00544982 -0.00820276 0.0027973
 0.000161891 -0.000672662 -0.00709117 0.00230864
 0.000468375 0.0316816 0.029788 -0.00530521
 0.000423433 0.0277902 0.0271156 -0.00558488
 4.88434e-05 -0.00402037 0.00202438 -0.000973037
 -0.00027238 -0.0274758 -0.0245853 0.00512313
 -0.000372594 -0.0284228 -0.0383529 0.00935848
 -0.00020306 -0.0203985 -0.0426427 0.0119
 1.77914e-05 -0.0160836 -0.0425112 0.0126717
 0.000340654 -0.0133631 -0.0401546 0.0128155
 0.000756461 -0.0139455 -0.0341928 0.0117695
 0.00116228 -0.0164119 -0.0240775 0.00897332
 0.000276751 0.0152786 0.0179777 -0.0043908
 0.000166254 0.0135838 0.00636714 -0.00304175
 -0.000322106 -0.0250676 -0.0321205 0.00623793
 -0.000553008 -0.0520669 -0.0653569 0.0166783
 -0.000140878 -0.0424717 -0.0768054 0.0223093
 0.000291946 -0.0368443 -0.0763424 0.0236945
 0.000887667 -0.0390367 -0.0694871 0.0234595
 0.00163798 -0.0357602 -0.0570344 0.0205313
 0.00239778 -0.0348316 -0.0402634 0.0154213
 -0.000126449 -0.00164767 -0.0163174 0.00167964
 -0.000447704 -0.0162488 -0.0480852 0.0100105
 -0.000552843 -0.0435281 -0.0918791 0.024494
 1.8141e-05 -0.0759518 -0.121412 0.0390788
 0.000814508 -0.0813243 -0.121772 0.0423335
 0.00190873 -0.0794604 -0.109848 0.04104
 0.00320494 -0.0779348 -0.087537 0.035362
 0.00434135 -0.0763097 -0.0575186 0.0255266
 -0.000443274 -0.0246868 -0.0822289 0.020056
 -0.000155563 -0.0381868 -0.121438 0.0345334
 0.00107001 -0.0879089 -0.154318 0.052817
 0.00237153 -0.116008 -0.154468 0.0581956
 0.0041977 -0.140418 -0.136141 0.0570796
 0.00630788 -0.157866 -0.098206 0.0474437
 0.00783824 -0.156949 -0.0505364 0.030744
 0.000618478 -0.0648605 -0.160576 0.0517353
 0.00276947 -0.0941638 -0.181304 0.0666205
 0.00459998 -0.137058 -0.175598 0.0717022
 0.00704977 -0.176894 -0.146345 0.068018
 0.00999626 -0.229219 -0.088944 0.0537846
 0.011745 -0.259807 -0.0149993 0.0288852
 0.00619294 -0.157299 -0.18336 0.0789756
 0.008606 -0.180106 -0.164727 0.0777405
 0.0115375 -0.214972 -0.125665 0.0695154
 0.0148843 -0.276739 -0.054227 0.0500192
 0.0169923 -0.332982 0.0416594 0.0176188
 0.0114866 -0.219509 -0.136081 0.0742457
 0.0147545 -0.257297 -0.088874 0.0627222
 0.0179526 -0.304345 -0.0171382 0.0405695
 0.0191893 -0.359375 0.0827052 0.00513406
 0.0178579 -0.305173 -0.0317793 0.0469879
 0.0206591 -0.351594 0.0469582 0.021227
 0.0212013 -0.383147 0.134479 -0.0121599
 0.0223261 -0.398458 0.129951 -0.00737931
 0.0217388 -0.400634 0.193883 -0.0349898
 0.0190258 -0.401669 0.249289 -0.0596691

Fourier series term #4
 8.73239e-06 0.000944717 0.000488963 -5.36654e-05
 6.98087e-06 0.000688803 0.000389135 -4.81319e-05
 -1.62151e-06 -0.000142897 -9.32176e-05 1.36797e-05
 2.49172e-05 0.00191009 0.00128887 -0.000218408
 -2.41793e-05 -0.00187103 -0.00126928 0.000253741
 -9.40595e-06 -0.000972097 -0.000620814 0.000145563
 5.65883e-05 0.00432593 0.00228713 -0.000672059
 -2.35538e-05 -0.00416441 -0.00129389 0.000524966
 -1.68954e-05 -0.00542713 -0.00100668 0.000541624
 1.59276e-05 -0.000827296 -4.53298e-05 5.11919e-05
 3.38646e-05 0.0050254 -0.000865597 2.66795e-05
 6.52287e-05 0.00544543 -0.00193143 0.000407089
 -0.000212031 -0.018807 -0.0116831 0.00164918
 0.000155262 0.0144708 0.00910234 -0.0014769
 0.000199022 0.0150832 0.0113341 -0.00205098
 -3.45645e-05 -0.00525404 -0.00158375 0.00043494
 -1.14831e-05 -0.00285744 -0.000671023 0.00023209
 5.82047e-06 -0.000422929 0.000534717 -0.000114435
 -1.20764e-05 -0.00115926 5.2547e-05 2.1555e-05
 -1.06313e-05 -0.00116009 -0.000458504 0.000161653
 -4.05048e-06 -0.00102443 -0.000741842 0.000252588
 -2.28423e-09 -0.000644575 -0.000581221 0.000199296
 -8.94225e-06 -0.000579997 -0.000156066 6.31804e-05
 0.000240947 0.0211333 0.0160044 -0.00279763
 0.00038316 0.0329478 0.0258025 -0.00502595
 0.000264638 0.0175042 0.0183792 -0.00390083
 1.69046e-06 -0.00911983 0.00276665 -0.000249431
 -5.22666e-05 -0.0122405 -0.00113629 0.000708494
 -5.26701e-05 -0.00573933 -0.000473038 0.000265554
 -7.30262e-05 -0.00564044 -0.000777997 0.000378981
 -8.10353e-05 -0.0065977 -0.000816421 0.000488948
 -6.18959e-05 -0.00762805 -0.000475046 0.000476876
 -3.12729e-05 -0.00771818 0.000172668 0.000270384
 0.0004134 0.0311264 0.0283053 -0.00576177
 0.000402369 0.0312082 0.0313846 -0.0070481
 0.000180992 0.00719148 0.018512 -0.00440941
 -6.33339e-05 -0.0189646 0.00251429 -5.53306e-05
 -0.000178318 -0.024935 -0.00112879 0.00125926
 -0.00017961 -0.0245657 -0.00131988 0.00140614
 -0.000141248 -0.0153377 -0.00151987 0.00101689
 -0.000112778 -0.00849074 -0.00229913 0.000945012
 -6.15466e-05 -0.0138446 0.000484418 0.000352692
 0.00039971 0.0239374 0.0334931 -0.00827727
 0.000325602 0.0244188 0.0339353 -0.0095399
 -0.000102931 -0.0115112 0.0166499 -0.004412
 -0.000326347 -0.0374204 0.00184664 0.000917485
 -0.000338902 -0.0473421 -0.000311344 0.00236929
 -0.000271261 -0.0391903 3.05057e-06 0.00194421
 -0.000179074 -0.0304853 8.08241e-05 0.0014869
 -0.000122587 -0.0280208 0.00261092 0.000481743
 2.34225e-05 0.009109 0.0324266 -0.00949623
 -0.000276812 0.00584924 0.0282829 -0.00932735
 -0.000679678 -0.0258709 0.0120329 -0.00324533
 -0.000694515 -0.0465048 0.00669702 -6.56111e-05
 -0.000600167 -0.0630689 0.00751044 0.00104116
 -0.000388006 -0.0694805 0.0114336 0.000359913
 -0.000253321 -0.0586021 0.0141406 -0.00148433
 -0.000618709 -0.000525594 0.0261091 -0.00937972
 -0.00107573 -0.011033 0.0181582 -0.00682001
 -0.00111325 -0.0296736 0.0138937 -0.00408484
 -0.00105758 -0.0469988 0.0127508 -0.00218748
 -0.000653805 -0.0840987 0.0236509 -0.00281646
 -0.000576919 -0.0898099 0.0341127 -0.00638882
 -0.00151395 -0.0212165 0.0165812 -0.00596789
 -0.00174859 -0.0194974 0.0127975 -0.00476462
 -0.00175111 -0.0338812 0.0143693 -0.00389458
 -0.00150352 -0.0547116 0.0223135 -0.00482958
 -0.00136729 -0.0944185 0.0478475 -0.0110631
 -0.00181349 -0.0380725 0.0182551 -0.00495287
 -0.00197628 -0.0357075 0.0171145 -0.0045115
 -0.00204148 -0.0439393 0.0208434 -0.00505461
 -0.00216331 -0.0819967 0.046141 -0.0116397
 -0.00236635 -0.0442242 0.0224128 -0.00592643
 -0.00249343 -0.0527352 0.0292118 -0.00761312
 -0.00270983 -0.0738156 0.0467626 -0.012507
 -0.00297696 -0.0721602 0.04613 -0.0124263
 -0.00389642 -0.0815008 0.0592996 -0.0169407
 -0.00570306 -0.0857376 0.0685451 -0.0206005

Fourier series term #5
 1.39206e-06 0.000151139 7.72634e-05 -8.52322e-06
 -3.01491e-06 -0.000285306 -0.000166831 2.0621e-05
 5.78058e-06 0.000491028 0.000313816 -4.60984e-05
 -2.05863e-06 -0.000136539 -0.000100986 1.74171e-05
 -1.29292e-05 -0.00098423 -0.000666505 0.000132116
 2.19723e-05 0.00164291 0.00103993 -0.000248509
 -7.17228e-06 -0.000617078 -0.000293788 9.05282e-05
 -1.26337e-05 -0.00164586 -0.000574456 0.000222476
 6.90812e-06 0.000935214 0.000122926 -8.0816e-05
 1.10421e-05 0.0028329 4.51625e-05 -0.000155142
 5.74168e-06 0.0018064 -0.000274732 7.12615e-07
 -5.25324e-06 -0.00116387 0.000455477 -9.91014e-05
 -0.000120557 -0.0120367 -0.0068415 0.000968971
 -2.52565e-05 -0.000840236 -0.00123775 0.000193801
 8.29204e-05 0.00769987 0.00494828 -0.000910858
 2.68527e-05 0.00122951 0.00128258 -0.000268122
 -1.46426e-05 -0.00164006 -0.000754369 0.000209804
 -6.38515e-06 -0.000759513 -3.90763e-05 5.13292e-05
 9.21622e-06 0.00067133 0.000169107 -7.84959e-05
 3.43446e-06 -0.000212162 -0.000164016 5.7062e-05
 -5.12557e-07 -0.000746972 2.05281e-05 3.5492e-05
 -5.53085e-06 -0.000184862 0.000279627 -7.88655e-05
 -2.4625e-06 0.000714353 -5.06123e-05 -1.75928e-05
 -1.16541e-06 0.00105761 0.000294822 -5.38444e-05
 0.000211068 0.021842 0.0137918 -0.0028139
 0.00018391 0.0177607 0.012946 -0.00290195
 6.80704e-05 0.00337238 0.00449209 -0.00105169
 -1.60422e-05 -0.00641374 -0.00102841 0.000560085
 3.07096e-06 -0.00279124 0.000881749 -7.45082e-05
 1.28483e-05 0.000141355 0.00121684 -0.000352082
 1.40688e-05 0.00191132 0.000647772 -0.000305053
 2.04975e-05 0.000638643 8.63129e-05 -5.26227e-05
 2.51622e-05 -0.00277302 0.00100953 -0.000174224
 0.000177015 0.0179628 0.0127372 -0.00267652
 0.000288417 0.0301216 0.0207145 -0.00491375
 0.000216754 0.0200992 0.0163212 -0.00426299
 2.7335e-05 -0.0049006 0.00436583 -0.000799245
 2.3627e-05 -0.008668 0.00135847 0.000108642
 2.67108e-05 -0.00781608 0.00170694 -3.3967e-05
 1.87329e-06 -0.00339361 0.00271744 -0.000630437
 -2.30779e-05 -0.00234784 0.00268552 -0.000720143
 -6.71966e-06 -0.00570702 0.00319904 -0.000749781
 0.000306633 0.0263559 0.0219636 -0.00567446
 0.000333309 0.0326152 0.0269294 -0.00777266
 0.000198224 0.0174677 0.0187825 -0.00585841
 1.15408e-05 -0.0121854 0.00821174 -0.00170405
 1.30332e-05 -0.0199384 0.00621582 -0.000687583
 2.05505e-06 -0.0178653 0.00740159 -0.00124319
 -4.07225e-05 -0.0165032 0.00885038 -0.00191716
 -6.25853e-05 -0.0139925 0.00836478 -0.00204522
 0.000295719 0.0316632 0.0283926 -0.00888457
 0.000201168 0.0352576 0.0295446 -0.0103418
 -0.000167893 0.00534134 0.0207767 -0.00690022
 -0.000212828 -0.0109967 0.0172825 -0.00494921
 -0.000153823 -0.02422 0.0161021 -0.00382498
 -0.000232975 -0.0355757 0.0188072 -0.00404598
 -0.000278634 -0.0311846 0.0200327 -0.00509611
 -4.71944e-05 0.0302778 0.0326347 -0.0120258
 -0.00034953 0.0289382 0.0274115 -0.0113859
 -0.000576947 0.0212663 0.0249663 -0.0105604
 -0.000670639 -0.00451631 0.0239962 -0.00851413
 -0.000675382 -0.0275492 0.0270834 -0.00795173
 -0.000760756 -0.0359513 0.0299412 -0.00860207
 -0.000920961 0.0306385 0.0286261 -0.013119
 -0.00120335 0.0296749 0.0247947 -0.0121314
 -0.00145382 0.0286615 0.0184025 -0.0100601
 -0.00160726 0.0151967 0.0166941 -0.00840627
 -0.00168091 -0.0121062 0.0246922 -0.00906435
 -0.00157103 0.0246324 0.0230942 -0.0115713
 -0.00200048 0.0339937 0.0140297 -0.00934709
 -0.00232644 0.034962 0.00586358 -0.00634459
 -0.00218451 0.0176245 0.00642069 -0.00477559
 -0.00241932 0.0295953 0.0123464 -0.00857699
 -0.00273197 0.044454 -0.00376828 -0.00377066
 -0.00259196 0.0374213 -0.00877598 -0.000839994
 -0.00296428 0.0396404 -0.00729573 -0.00187489
 -0.00264974 0.0387715 -0.0150172 0.00162627
 -0.00267751 0.0286495 -0.0124979 0.00180577


