**************************************************************
***  MERIS LUT-169: Fourier series terms (s0,..,s5)[TERM]] ***
***                 of polynomial coefficients (k0,..,k3)  ***
***                 for each of 81 aerosol models [IAER],  ***
***                 & for each of 78 geometries [SVZA]     ***
***  - - - - - - - - - - - - - - - - - - - - - - - - - - - ***
***  => useful for multiplicative aer.scat.fct. retrieval  ***
**************************************************************

12 Gaussian angles (deg): SZA/VZA
------------------------         

 2.84 17.64 28.77 36.19 43.61 51.03 58.46 65.88 69.59 73.30 77.01 80.72

Coefficients: [SVZA x (k0,k1,k2,k3)]
------------                        

 Aerosol model #40
 - - - - - - -  

Fourier series term #0
 1.01463 1.17908 0.631521 -0.0877987
 1.01608 1.26045 0.695429 -0.105661
 1.02032 1.53364 0.872572 -0.152286
 1.02475 1.83603 1.04375 -0.20532
 1.02909 2.16773 1.18043 -0.267258
 1.0325 2.53445 1.22763 -0.328396
 1.03345 2.94317 1.10072 -0.365389
 1.02934 3.39055 0.66709 -0.326064
 1.02477 3.61675 0.277119 -0.247585
 1.01977 3.82441 -0.255659 -0.10762
 1.01945 3.96508 -0.913542 0.103473
 1.03824 3.90067 -1.54955 0.35086
 1.01822 1.44755 0.812038 -0.134704
 1.02253 1.71493 0.971919 -0.18544
 1.02614 1.94659 1.08071 -0.232708
 1.03032 2.25059 1.17446 -0.291486
 1.03417 2.60999 1.19511 -0.351408
 1.03599 2.99943 1.05366 -0.387405
 1.03332 3.40912 0.63129 -0.350661
 1.02979 3.61595 0.262129 -0.277193
 1.02595 3.80822 -0.240536 -0.145376
 1.0266 3.93976 -0.864479 0.0556216
 1.04556 3.87619 -1.47438 0.294949
 1.02554 1.96298 1.06945 -0.232592
 1.0283 2.19023 1.12384 -0.27353
 1.03078 2.44714 1.1282 -0.315179
 1.03257 2.7609 1.05941 -0.352128
 1.03231 3.13033 0.854929 -0.365323
 1.02753 3.52779 0.40002 -0.308321
 1.02302 3.72911 0.028729 -0.227574
 1.01834 3.91792 -0.465359 -0.0920089
 1.01833 4.05027 -1.07122 0.10831
 1.03673 3.99529 -1.65973 0.343575
 1.03055 2.39496 1.09337 -0.287694
 1.03251 2.64513 1.04761 -0.317448
 1.03332 2.91498 0.914736 -0.334685
 1.03204 3.23704 0.657843 -0.325795
 1.02663 3.61126 0.180735 -0.251048
 1.02201 3.80828 -0.190753 -0.16387
 1.01745 3.99413 -0.678182 -0.0239913
 1.01788 4.12676 -1.27106 0.177752
 1.03702 4.07609 -1.84292 0.411553
 1.03494 2.83302 0.973352 -0.343929
 1.03494 3.08576 0.802291 -0.34838
 1.03252 3.35655 0.505335 -0.321128
 1.02629 3.68254 0.00896823 -0.229748
 1.02162 3.86773 -0.359754 -0.137564
 1.01735 4.05013 -0.835729 0.00404641
 1.01846 4.18176 -1.40856 0.203665
 1.0387 4.13231 -1.95438 0.431544
 1.03369 3.29072 0.58385 -0.332987
 1.03031 3.55005 0.259698 -0.28944
 1.02327 3.83502 -0.26049 -0.177739
 1.01858 3.99766 -0.632001 -0.0769457
 1.01482 4.16389 -1.10116 0.0698981
 1.01713 4.2865 -1.65546 0.269499
 1.03918 4.23389 -2.17295 0.491763
 1.02588 3.76732 -0.0969531 -0.223195
 1.01855 4.05678 -0.63605 -0.092607
 1.01425 4.20596 -1.01232 0.018232
 1.01165 4.34609 -1.47459 0.172293
 1.01628 4.43876 -2.00395 0.372216
 1.04177 4.35525 -2.47495 0.584697
 1.01202 4.30906 -1.1869 0.0596607
 1.00916 4.46095 -1.56528 0.179941
 1.00911 4.59478 -2.01887 0.340612
 1.01818 4.65306 -2.5085 0.536662
 1.05009 4.50665 -2.89739 0.728368
 1.00764 4.58766 -1.93566 0.304852
 1.01011 4.70973 -2.36954 0.463485
 1.02268 4.75647 -2.83168 0.654239
 1.05931 4.57412 -3.163 0.829371
 1.0162 4.79313 -2.76676 0.616574
 1.03387 4.80238 -3.17056 0.791198
 1.07643 4.58242 -3.42437 0.940191
 1.05795 4.73883 -3.47555 0.935177
 1.1074 4.45936 -3.61495 1.04296
 1.16259 4.08779 -3.58958 1.0885

Fourier series term #1
 -0.000338772 -0.026088 -0.0145738 0.00203222
 -0.000180579 -0.00736448 -0.00680012 0.00108894
 -0.000736952 -0.0438085 -0.0283434 0.00510522
 -0.000778634 -0.0432442 -0.0257268 0.00540064
 -0.000779508 -0.041683 -0.0182554 0.00483216
 -0.000760809 -0.0403736 -0.00623894 0.00306983
 -0.000714572 -0.0362188 0.0107409 -0.000627369
 -0.000717093 -0.0264224 0.0292842 -0.00624022
 -0.000805019 -0.0182685 0.0364198 -0.00920151
 -0.00101483 -0.0071324 0.0394996 -0.0114161
 -0.00138556 0.00714758 0.0358406 -0.011721
 -0.00182464 0.0233816 0.0236089 -0.00890056
 -0.00201796 -0.114235 -0.0790942 0.0136093
 -0.00360791 -0.20315 -0.125959 0.0253434
 -0.00447907 -0.250124 -0.132416 0.0310145
 -0.00480856 -0.261445 -0.096318 0.0288336
 -0.00471837 -0.248117 -0.0217429 0.0163322
 -0.00440958 -0.215434 0.0790841 -0.00780537
 -0.00428627 -0.150506 0.184304 -0.0424524
 -0.00467781 -0.10122 0.223639 -0.0603233
 -0.00572669 -0.0367653 0.240149 -0.0738211
 -0.00764353 0.045026 0.218902 -0.0763957
 -0.00989452 0.139762 0.148139 -0.0606821
 -0.00534187 -0.299016 -0.153309 0.0365786
 -0.00628516 -0.348212 -0.135753 0.03887
 -0.00704447 -0.390011 -0.0854264 0.0344326
 -0.00726549 -0.38599 0.0152263 0.0152458
 -0.00714924 -0.324403 0.154502 -0.021892
 -0.00761855 -0.207237 0.288267 -0.0706873
 -0.00865899 -0.123159 0.330677 -0.0936549
 -0.0107274 -0.0181698 0.337439 -0.108665
 -0.0140272 0.109434 0.289142 -0.106751
 -0.0175587 0.252645 0.172176 -0.0785357
 -0.00742427 -0.406612 -0.100304 0.0362904
 -0.00814643 -0.433439 -0.0262342 0.0251537
 -0.00864426 -0.43466 0.0804635 0.00245456
 -0.00888249 -0.369807 0.21774 -0.0368907
 -0.00977846 -0.222247 0.343986 -0.087208
 -0.011178 -0.116378 0.376435 -0.10906
 -0.0137291 0.0123444 0.366464 -0.12036
 -0.0175424 0.164778 0.293885 -0.111381
 -0.0212277 0.332686 0.146039 -0.0726235
 -0.00910494 -0.45731 0.0574817 0.0090764
 -0.00964945 -0.434347 0.174371 -0.0211858
 -0.0103267 -0.367831 0.298733 -0.0620988
 -0.0118616 -0.214483 0.40086 -0.110056
 -0.0136407 -0.0978468 0.418519 -0.12945
 -0.0165831 0.0485305 0.390304 -0.136784
 -0.0206697 0.221012 0.295149 -0.121536
 -0.0241076 0.40494 0.123975 -0.0749382
 -0.0107018 -0.400623 0.2774 -0.0528441
 -0.011949 -0.304878 0.379531 -0.0937212
 -0.0144766 -0.14927 0.436718 -0.131785
 -0.0167731 -0.0333624 0.427985 -0.143486
 -0.0201391 0.114985 0.373314 -0.142094
 -0.0243471 0.294986 0.252139 -0.117473
 -0.0271873 0.487138 0.0583449 -0.0618209
 -0.0139955 -0.200556 0.439399 -0.126792
 -0.0176213 -0.0193595 0.440371 -0.150945
 -0.0204463 0.0965343 0.398087 -0.151447
 -0.0240769 0.235573 0.311204 -0.137246
 -0.0280159 0.401716 0.164599 -0.100625
 -0.0295657 0.576483 -0.0417798 -0.0367516
 -0.0222381 0.161514 0.373263 -0.152574
 -0.0253507 0.284389 0.293563 -0.139401
 -0.0288739 0.424283 0.169639 -0.109675
 -0.0317598 0.572119 -0.00207722 -0.0590086
 -0.0307774 0.704296 -0.205144 0.010195
 -0.0285285 0.399447 0.194584 -0.116946
 -0.0315916 0.535807 0.0550796 -0.0795248
 -0.0333943 0.674622 -0.125618 -0.0227206
 -0.030445 0.784637 -0.322577 0.048192
 -0.0336907 0.65072 -0.0899161 -0.0358979
 -0.0338205 0.772623 -0.270392 0.0244524
 -0.0282516 0.858203 -0.453021 0.0936664
 -0.0313521 0.855186 -0.429384 0.0819144
 -0.0225865 0.901582 -0.578073 0.142504
 -0.0104829 0.889528 -0.667343 0.185272

Fourier series term #2
 -5.21418e-05 -0.00421213 -0.00225801 0.00031366
 3.01137e-05 0.00230784 0.00126617 -0.000194623
 4.21288e-07 -0.000173737 -0.000235397 2.84133e-05
 -2.11582e-05 -0.00164784 -0.00136464 0.000244236
 -4.69611e-06 -0.000344361 -0.000925822 0.000169442
 -4.95141e-06 -0.000430091 -0.00124436 0.000267415
 -1.75266e-05 -0.00187862 -0.00188468 0.000518759
 9.52517e-06 -0.000195074 -0.00109409 0.000318661
 1.53155e-05 -0.000116153 -0.000911138 0.000285166
 1.31756e-05 -0.00140202 -0.000589376 0.000266148
 7.87555e-06 -0.00280956 0.000236215 7.42942e-05
 -1.05769e-05 -0.00270461 0.000926651 -0.000184465
 0.000308461 0.0214645 0.0107025 -0.00190789
 0.000125399 0.00463418 -0.00567126 0.000588763
 -0.00021895 -0.0230322 -0.030094 0.0054796
 -0.000327961 -0.0326021 -0.0458077 0.00961194
 -0.000224978 -0.0308476 -0.0530037 0.0127145
 -6.41354e-05 -0.0356932 -0.0560208 0.0158006
 0.000241561 -0.0469327 -0.0476269 0.0164983
 0.000474246 -0.053008 -0.0366567 0.0146657
 0.000713232 -0.0582446 -0.0207835 0.0107366
 0.000813699 -0.0610795 -0.00146838 0.00471532
 0.000447202 -0.058245 0.0162878 -0.00202389
 -2.53217e-05 -0.0135416 -0.0351564 0.00605169
 -0.000142289 -0.0296383 -0.0637193 0.0125569
 -0.000360257 -0.0638564 -0.102571 0.0233923
 -0.000308212 -0.0927658 -0.130015 0.0342111
 0.000204553 -0.111731 -0.132506 0.0407743
 0.00116137 -0.134686 -0.10455 0.0396568
 0.00178257 -0.148037 -0.0760103 0.0341053
 0.0023767 -0.160104 -0.0371588 0.0239288
 0.00259828 -0.166716 0.00874508 0.00915837
 0.00164444 -0.159362 0.0503176 -0.00708117
 -0.000257468 -0.0554354 -0.101746 0.0216563
 -0.000266766 -0.0865653 -0.141256 0.0339729
 -0.000150806 -0.138849 -0.176596 0.048938
 0.000542551 -0.18776 -0.180182 0.0587756
 0.00200741 -0.226809 -0.134657 0.0551689
 0.00296092 -0.243944 -0.0912428 0.0458099
 0.00384988 -0.258967 -0.0344787 0.030168
 0.00415226 -0.266536 0.0313559 0.0083237
 0.00268591 -0.254043 0.090128 -0.0152228
 -0.000309509 -0.13109 -0.189686 0.0514077
 0.000154667 -0.185506 -0.218682 0.0672349
 0.0011267 -0.265125 -0.218415 0.0791996
 0.0031255 -0.335975 -0.157054 0.0736252
 0.00443847 -0.362834 -0.0984863 0.0601538
 0.00563436 -0.382132 -0.0224971 0.0380706
 0.00598664 -0.390065 0.0641747 0.00813429
 0.00390233 -0.371248 0.14045 -0.0235758
 0.000966554 -0.263318 -0.24104 0.0841109
 0.00258575 -0.347374 -0.221748 0.092002
 0.00517923 -0.450908 -0.141614 0.0824192
 0.00679997 -0.497077 -0.0693271 0.0651564
 0.00823732 -0.531021 0.0242806 0.0371229
 0.00852473 -0.544615 0.130408 -0.000733297
 0.00559315 -0.51974 0.221927 -0.0403517
 0.00487825 -0.456342 -0.183382 0.0954089
 0.00816665 -0.56437 -0.0783521 0.0765719
 0.0100252 -0.624838 0.00663702 0.0546712
 0.0115493 -0.679522 0.115663 0.0211034
 0.0115053 -0.709702 0.238492 -0.0235371
 0.00740043 -0.690719 0.343589 -0.0700029
 0.0119554 -0.700499 0.0505871 0.0487723
 0.0138156 -0.760645 0.145887 0.0210417
 0.01499 -0.813694 0.2618 -0.0176316
 0.0140539 -0.854726 0.391596 -0.066239
 0.00810095 -0.845377 0.5008 -0.115658
 0.0153715 -0.828886 0.245837 -0.00901181
 0.0160509 -0.882934 0.361996 -0.0488905
 0.0144478 -0.918699 0.488064 -0.0978695
 0.00725084 -0.901473 0.586974 -0.144885
 0.0159803 -0.946775 0.48131 -0.0904901
 0.0129908 -0.971243 0.594051 -0.136317
 0.00434093 -0.940317 0.673981 -0.177676
 0.00842577 -0.997483 0.69791 -0.179128
 -0.00218908 -0.952851 0.752751 -0.211895
 -0.0149489 -0.901094 0.778984 -0.232656

Fourier series term #3
 3.15663e-06 0.000251886 0.000136001 -1.89072e-05
 8.17833e-06 0.000648188 0.000357257 -5.41703e-05
 -2.0685e-06 -0.000160357 -8.26495e-05 1.46246e-05
 7.23259e-07 4.44598e-05 3.57117e-05 -7.06427e-06
 8.07258e-06 0.000605957 0.000337965 -7.66655e-05
 -1.36251e-05 -0.00103035 -0.000504509 0.000133903
 3.88877e-06 0.000393511 0.00013692 -4.76134e-05
 7.46904e-06 0.000962992 0.000171272 -8.88547e-05
 -5.06263e-06 -0.000598557 -7.47617e-05 4.82294e-05
 -9.64699e-06 -0.00168701 7.68137e-05 5.74106e-05
 -5.82519e-06 -0.00102282 0.000205043 -1.81164e-05
 6.24233e-06 0.000725859 -0.000304471 6.92522e-05
 4.05901e-05 0.00330303 0.00222097 -0.000353966
 0.000231515 0.0177539 0.0114529 -0.00213511
 4.04905e-05 0.00211351 0.00291315 -0.000611467
 -7.52819e-05 -0.00613745 -0.00240511 0.000520432
 -6.63621e-05 -0.00377964 -0.00257993 0.000540179
 -3.86461e-05 -0.000350458 -0.00339109 0.000686881
 -8.49361e-06 0.00109841 -0.00586782 0.00145567
 1.50281e-05 0.000270682 -0.00708754 0.00199875
 6.29787e-05 -0.000858431 -0.00752326 0.00236683
 0.000139932 -0.00175162 -0.00692704 0.00238224
 0.00022752 -0.00243279 -0.00537815 0.00199389
 0.000228107 0.0174529 0.0133476 -0.00280994
 0.000194979 0.0163966 0.0126788 -0.00304194
 -3.88493e-05 -0.00136408 0.000610148 -0.000492075
 -0.000167653 -0.0104588 -0.0101968 0.00217894
 -0.000120605 -0.00656964 -0.0172091 0.0041588
 5.62726e-05 -0.00238578 -0.0243323 0.00674981
 0.000224068 -0.0023701 -0.0270783 0.00813971
 0.000472356 -0.00436474 -0.0277096 0.00907403
 0.000803341 -0.00854187 -0.0247063 0.0088859
 0.00113534 -0.0138368 -0.017425 0.00701424
 0.000107052 0.0113055 0.00884871 -0.0025289
 5.79001e-05 0.0118012 0.00329259 -0.00182862
 -0.000147316 -0.0049991 -0.01533 0.00286172
 -0.00015099 -0.013968 -0.033128 0.00838143
 0.000214089 -0.0114751 -0.044832 0.0130618
 0.000550837 -0.0120384 -0.0476545 0.0149387
 0.00101632 -0.0163925 -0.0462156 0.0157446
 0.00161546 -0.0221053 -0.0391357 0.0145503
 0.00219491 -0.0293071 -0.025926 0.0107918
 -3.29723e-05 0.00892303 -0.00802787 0.00049938
 -6.68396e-05 0.0077599 -0.0255753 0.00498193
 -1.96033e-05 -0.0100267 -0.0531892 0.014282
 0.000526303 -0.0273533 -0.0723456 0.0232388
 0.00110378 -0.0330027 -0.0744304 0.0257771
 0.00189211 -0.038739 -0.0694681 0.0260104
 0.00283895 -0.0467134 -0.0561305 0.0231086
 0.00367231 -0.0554453 -0.0347637 0.0165494
 3.23963e-05 0.00403063 -0.0490185 0.011914
 0.000412152 -0.00337864 -0.0756138 0.0215917
 0.00135632 -0.0378132 -0.0969125 0.0333668
 0.00224561 -0.0569146 -0.0968061 0.0365839
 0.00344117 -0.0743739 -0.0858111 0.0359491
 0.00480044 -0.0894695 -0.06289 0.0302711
 0.00585394 -0.099573 -0.031187 0.0197689
 0.00115663 -0.0207179 -0.102779 0.0333785
 0.00283018 -0.0453873 -0.116261 0.0431737
 0.00412116 -0.0731068 -0.110792 0.0455306
 0.0057331 -0.105374 -0.0910738 0.0430475
 0.00755061 -0.136974 -0.055317 0.0338114
 0.00867353 -0.157225 -0.00983616 0.0183601
 0.00531025 -0.085646 -0.116593 0.0504193
 0.00703151 -0.105744 -0.103691 0.0495329
 0.00905272 -0.133771 -0.0763603 0.0435668
 0.0110744 -0.172384 -0.0300926 0.0303401
 0.012077 -0.204759 0.0274597 0.0105347
 0.00896413 -0.135371 -0.0829382 0.0462617
 0.0110901 -0.161363 -0.0516774 0.0382843
 0.0131092 -0.191013 -0.00544687 0.023736
 0.0137881 -0.220786 0.0531134 0.00269241
 0.0132727 -0.193321 -0.0128227 0.0272685
 0.0149038 -0.217549 0.032766 0.0119371
 0.0150416 -0.234616 0.0837954 -0.00779926
 0.0157615 -0.243908 0.0816076 -0.00514024
 0.0153166 -0.247021 0.121856 -0.0224473
 0.0137815 -0.247771 0.156628 -0.038136

Fourier series term #4
 3.73116e-06 0.000300624 0.000160893 -2.24214e-05
 2.80856e-06 0.000222898 0.00012217 -1.84781e-05
 -9.51899e-07 -7.491e-05 -4.23702e-05 7.31925e-06
 5.88104e-06 0.000427346 0.000245648 -4.82653e-05
 -4.7433e-06 -0.000365947 -0.00019948 4.52616e-05
 -1.83149e-06 -0.000187337 -9.32355e-05 2.4527e-05
 1.0038e-05 0.000792276 0.000304862 -0.000100472
 -4.8369e-06 -0.000757796 -0.000141898 7.08831e-05
 -4.3196e-06 -0.000979106 -7.8242e-05 6.76884e-05
 2.48382e-06 -0.000143193 4.13783e-06 5.2297e-06
 8.29545e-06 0.000908693 -0.000205767 2.21734e-05
 1.38169e-05 0.000975702 -0.000374327 8.3127e-05
 -0.000118307 -0.00958575 -0.00537678 0.000887859
 0.000122364 0.0100523 0.00575357 -0.0010726
 7.3071e-05 0.00543076 0.00350028 -0.000721167
 -1.6822e-05 -0.00180999 -0.000433256 0.000132164
 -1.5638e-05 -0.00154303 -0.000203487 9.36556e-05
 -9.27762e-06 -0.000644441 0.000402282 -8.01557e-05
 -1.41652e-05 -0.000361431 0.000535203 -0.000147625
 -1.51821e-05 -9.23637e-05 0.000395272 -0.00013151
 -1.51541e-05 0.00020516 0.000146865 -7.66565e-05
 -1.36397e-05 0.000402436 -0.000122187 2.07993e-06
 -8.41324e-06 0.000323836 -0.000277459 6.82811e-05
 0.000156323 0.0126456 0.00802695 -0.00165031
 0.00022733 0.0188405 0.0121563 -0.00274451
 8.85257e-05 0.00665748 0.0064928 -0.00154127
 -5.55824e-05 -0.00552264 0.00125541 -0.000112254
 -8.32193e-05 -0.0058694 0.00163397 -0.000230395
 -9.11057e-05 -0.00183912 0.00248546 -0.000731203
 -0.000106666 -0.00043693 0.00202086 -0.000712428
 -0.000119928 0.000453879 0.00102863 -0.000473984
 -0.000113857 0.000834695 -0.000220562 -7.02725e-05
 -6.9251e-05 0.000650188 -0.00118275 0.000317423
 0.000193233 0.0156676 0.0117991 -0.00272428
 0.000176975 0.0163402 0.0139138 -0.00350151
 -1.29565e-05 0.00110092 0.0083674 -0.00210702
 -0.000161846 -0.00921506 0.00473869 -0.00102899
 -0.000229606 -0.00692996 0.00456402 -0.00124141
 -0.000254417 -0.00429968 0.00366624 -0.00116993
 -0.000261412 -0.000431429 0.0017007 -0.000795284
 -0.000242826 0.00204458 -0.000811303 -7.39772e-05
 -0.000164292 0.000990267 -0.00212035 0.000528511
 0.000111435 0.0118899 0.0154756 -0.00415336
 3.53203e-05 0.013189 0.0179477 -0.00536681
 -0.000238995 -0.0027117 0.0123414 -0.00370213
 -0.000424615 -0.0103871 0.00739384 -0.00216228
 -0.000478341 -0.00998175 0.00547015 -0.00163548
 -0.000492244 -0.00556687 0.0028479 -0.00105467
 -0.000457007 -0.00184848 -0.0004148 -0.000111621
 -0.000339182 -0.00103836 -0.0025743 0.000731173
 -0.000147202 0.00984844 0.0199348 -0.00638959
 -0.000366147 0.0131274 0.0195699 -0.00722726
 -0.000679347 -0.00125826 0.011341 -0.00438859
 -0.000778305 -0.00796081 0.00761476 -0.00280066
 -0.000810123 -0.0115536 0.00480909 -0.00154964
 -0.000754969 -0.0113706 0.00227381 -0.000548225
 -0.000607203 -0.00888086 -2.3134e-05 0.000252569
 -0.000755074 0.0145114 0.0177526 -0.0075284
 -0.00104011 0.0168924 0.0111978 -0.00613399
 -0.00119775 0.00890103 0.00649776 -0.00403804
 -0.00133186 -0.00125583 0.00312391 -0.00200626
 -0.00112924 -0.014263 0.00410899 -0.00107773
 -0.00110893 -0.0183542 0.0049317 -0.00092425
 -0.00153749 0.01711 0.00506066 -0.00446439
 -0.00173869 0.0204287 -0.000261425 -0.00286895
 -0.0018445 0.0166229 -0.00412754 -0.000995172
 -0.0017847 0.00375045 -0.00309694 -1.04997e-05
 -0.0016831 -0.0147207 0.00487147 -0.00115639
 -0.00191849 0.0145402 -0.00175598 -0.00180933
 -0.00206444 0.0163426 -0.00619861 -0.000188203
 -0.00208818 0.0121149 -0.00790556 0.00109614
 -0.00199792 -0.00517151 9.85619e-05 -0.000152176
 -0.00208701 0.0116203 -0.00622856 0.000345668
 -0.0021587 0.0101605 -0.00790153 0.00137653
 -0.00236829 0.00171997 -0.00434142 0.00107237
 -0.0025201 0.00236537 -0.00390312 0.000688055
 -0.0026295 -0.000991188 -0.0021433 0.000582662
 -0.00310132 -0.00854496 0.00542375 -0.00175562

Fourier series term #5
 7.87552e-07 6.4576e-05 3.42944e-05 -4.73786e-06
 -1.1516e-06 -8.78927e-05 -4.93611e-05 7.53001e-06
 1.82606e-06 0.000136712 7.84092e-05 -1.36531e-05
 -2.94911e-07 -1.93648e-05 -1.1281e-05 2.25566e-06
 -2.6473e-06 -0.000199902 -0.00011027 2.48131e-05
 4.00147e-06 0.000307545 0.000149825 -4.00637e-05
 -1.29379e-06 -0.000112256 -3.74033e-05 1.30102e-05
 -2.37744e-06 -0.000298001 -6.62179e-05 3.06486e-05
 1.52315e-06 0.000173749 6.1961e-06 -9.96741e-06
 2.9328e-06 0.000511987 -3.31711e-05 -1.47328e-05
 1.64139e-06 0.000319191 -6.62978e-05 6.17889e-06
 -1.93642e-06 -0.000210189 8.78836e-05 -2.01497e-05
 -0.000117291 -0.00982897 -0.00539124 0.000887189
 2.91972e-05 0.0026744 0.00137567 -0.000257432
 4.14364e-05 0.00337561 0.00194201 -0.00040597
 5.63406e-06 0.000273948 0.000220418 -5.18897e-05
 -5.20495e-06 -0.000522854 -0.000218391 6.52584e-05
 -2.80993e-06 -0.000306679 -4.99316e-05 2.72085e-05
 1.57944e-06 2.84202e-05 4.68092e-05 -1.29013e-05
 -4.0485e-07 -0.00015072 4.51968e-05 -3.89238e-06
 -2.46913e-06 -0.000244182 0.000117436 -2.22286e-05
 -3.8362e-06 -6.94295e-05 0.000151703 -4.62751e-05
 -2.60854e-06 0.000186766 4.00346e-05 -2.43763e-05
 2.55959e-05 0.0023513 0.0012979 -0.000269182
 0.000153643 0.0135412 0.00747551 -0.00173751
 9.81806e-05 0.0085225 0.00493711 -0.00127006
 1.23092e-05 0.00024653 0.000650804 -0.000151872
 -1.63553e-05 -0.00284855 -0.000468373 0.000260257
 -1.0709e-05 -0.00187852 0.000501548 -3.14273e-05
 -9.25203e-06 -0.00099053 0.000854913 -0.000194643
 -1.3264e-05 -0.0002446 0.000926144 -0.000278895
 -2.24412e-05 2.10831e-06 0.000802902 -0.000270291
 -3.31084e-05 -0.000156777 0.000689055 -0.000231945
 0.000127018 0.0111458 0.00624386 -0.00150903
 0.000188785 0.017461 0.00928493 -0.00250723
 8.88184e-05 0.00777375 0.004824 -0.00139951
 -1.72693e-05 -0.00391647 0.000798894 -1.8278e-06
 -2.70999e-05 -0.00517967 0.0013755 -0.000100045
 -3.27655e-05 -0.0042239 0.00212221 -0.000393245
 -5.10757e-05 -0.00233974 0.00259049 -0.000689644
 -7.93052e-05 -0.000982357 0.00240687 -0.000752544
 -9.95303e-05 -0.000470306 0.00180833 -0.000603052
 0.0001652 0.0142223 0.00845759 -0.00246884
 0.000173293 0.0171161 0.0101566 -0.00326826
 4.36348e-05 0.00420702 0.00592387 -0.00182034
 -6.4412e-05 -0.00799482 0.00436807 -0.00083978
 -8.74543e-05 -0.00926077 0.0050017 -0.00100956
 -0.000121332 -0.00725895 0.00571959 -0.00144265
 -0.000175813 -0.00485863 0.00559313 -0.00164032
 -0.000217857 -0.00216532 0.00413543 -0.00136089
 0.000122862 0.0140061 0.0102756 -0.00343962
 6.27701e-05 0.0160964 0.0120217 -0.00443805
 -0.000126204 0.000175855 0.00992692 -0.00322149
 -0.000196752 -0.00688986 0.00987882 -0.00287027
 -0.000256234 -0.010284 0.0101454 -0.00283795
 -0.000333645 -0.0104011 0.0102039 -0.00296251
 -0.000427826 -0.00653091 0.00835184 -0.00266962
 -8.46555e-05 0.0135268 0.0138846 -0.00529516
 -0.000268148 0.0165698 0.0135121 -0.00591892
 -0.000417662 0.0110984 0.0124565 -0.00540399
 -0.000566779 0.00116382 0.0122962 -0.00474813
 -0.000630615 -0.00646258 0.0128774 -0.00443974
 -0.00076545 -0.00781496 0.0116971 -0.0039751
 -0.000607256 0.017682 0.0134174 -0.00655147
 -0.000809951 0.0222242 0.0105303 -0.00615716
 -0.00100555 0.0246562 0.00598493 -0.00487171
 -0.00112498 0.0181163 0.00393463 -0.00355434
 -0.00116133 0.00678398 0.00553078 -0.00308606
 -0.00101621 0.0213221 0.00868243 -0.005619
 -0.0012393 0.0283845 0.00237543 -0.00404684
 -0.00138661 0.0307394 -0.00397842 -0.00182506
 -0.00130471 0.022415 -0.00493599 -0.000508479
 -0.00140575 0.0275968 -0.000751424 -0.00286156
 -0.00148376 0.0351783 -0.00986305 -9.6986e-06
 -0.00137876 0.0351093 -0.0158397 0.0025846
 -0.00135982 0.0346232 -0.0140001 0.00173403
 -0.00108022 0.0380103 -0.0222278 0.00500945
 -0.000912126 0.0337121 -0.0232426 0.00606696


