**************************************************************
***  MERIS LUT-169: Fourier series terms (s0,..,s5)[TERM]] ***
***                 of polynomial coefficients (k0,..,k3)  ***
***                 for each of 81 aerosol models [IAER],  ***
***                 & for each of 78 geometries [SVZA]     ***
***  - - - - - - - - - - - - - - - - - - - - - - - - - - - ***
***  => useful for multiplicative aer.scat.fct. retrieval  ***
**************************************************************

12 Gaussian angles (deg): SZA/VZA
------------------------         

 2.84 17.64 28.77 36.19 43.61 51.03 58.46 65.88 69.59 73.30 77.01 80.72

Coefficients: [SVZA x (k0,k1,k2,k3)]
------------                        

 Aerosol model #2
 - - - - - - -  

Fourier series term #0
 1.00348 0.814649 0.330912 -0.0204284
 1.0057 1.03802 0.503676 -0.034746
 1.00754 1.09439 0.608705 -0.0522544
 1.00821 1.01436 0.61537 -0.0649199
 1.01417 1.3626 1.01074 -0.134913
 1.02486 1.97777 1.72067 -0.295199
 1.02996 2.44782 2.18032 -0.487155
 1.0239 3.35745 2.49129 -0.737909
 1.00885 3.9119 2.23655 -0.783778
 0.983828 4.48817 1.49398 -0.675198
 0.955635 5.1224 0.217949 -0.34857
 0.954074 5.71468 -1.46926 0.209097
 1.00644 0.998578 0.520761 -0.0414166
 1.00973 1.15555 0.725904 -0.0709007
 1.01481 1.40104 1.03796 -0.122695
 1.02035 1.6433 1.37318 -0.203253
 1.02707 2.02213 1.79803 -0.338705
 1.03017 2.58664 2.19175 -0.529394
 1.01933 3.41855 2.27506 -0.717938
 1.00319 3.94148 1.96114 -0.734102
 0.977783 4.59521 1.24981 -0.623088
 0.948554 5.35477 0.00798273 -0.29977
 0.947086 5.96523 -1.66692 0.263865
 1.0142 1.40512 1.05885 -0.121003
 1.01981 1.65893 1.38767 -0.193813
 1.02611 1.99425 1.76945 -0.307341
 1.03072 2.35507 2.06783 -0.447907
 1.0306 2.83903 2.24884 -0.613234
 1.01701 3.53379 2.07728 -0.737942
 1.0011 4.02684 1.72184 -0.732551
 0.977298 4.67476 1.03976 -0.618841
 0.95136 5.38545 -0.141259 -0.302294
 0.95384 5.94583 -1.72282 0.239551
 1.02558 1.92375 1.6998 -0.280957
 1.03026 2.24899 1.9982 -0.397061
 1.03289 2.62487 2.20224 -0.531724
 1.02994 3.14643 2.27623 -0.677477
 1.01264 3.79011 1.94771 -0.750165
 0.995542 4.21343 1.49297 -0.703221
 0.972653 4.69213 0.727306 -0.540045
 0.948654 5.38743 -0.440142 -0.21234
 0.951671 6.09495 -1.99318 0.322466
 1.03252 2.5535 2.18652 -0.507679
 1.03259 2.93657 2.28256 -0.62706
 1.02654 3.46341 2.25662 -0.748937
 1.00582 4.0972 1.8024 -0.776184
 0.987428 4.56141 1.29749 -0.708829
 0.964068 5.019 0.479187 -0.516701
 0.942389 5.55618 -0.699668 -0.16256
 0.950487 6.0602 -2.17769 0.367684
 1.03023 3.30853 2.28886 -0.726831
 1.02057 3.80975 2.12165 -0.805717
 0.996571 4.45809 1.57042 -0.789423
 0.97698 4.88818 1.01997 -0.693406
 0.952871 5.4324 0.161815 -0.481592
 0.932394 5.99087 -1.06579 -0.0985619
 0.945983 6.36879 -2.51944 0.444398
 1.00682 4.23307 1.81235 -0.825918
 0.979008 4.92555 1.14808 -0.756986
 0.958038 5.36932 0.568528 -0.637521
 0.933843 5.89725 -0.339109 -0.391526
 0.916517 6.46562 -1.61086 0.0234732
 0.934646 6.95643 -3.0854 0.579099
 0.946163 5.63112 0.404797 -0.634514
 0.924199 6.11214 -0.292276 -0.460563
 0.906445 6.41649 -1.25107 -0.152472
 0.889932 7.12427 -2.49136 0.258218
 0.918328 7.64677 -3.97403 0.831149
 0.907544 6.36546 -1.00484 -0.246335
 0.888059 6.85616 -1.91585 0.0390438
 0.875006 7.63307 -3.20596 0.472443
 0.91898 7.82419 -4.49778 1.01327
 0.868861 7.53719 -2.88914 0.340294
 0.871954 7.98663 -4.05396 0.771546
 0.930269 7.99603 -5.13823 1.25514
 0.892681 8.1694 -4.98545 1.14615
 0.967498 8.20591 -5.94101 1.57817
 1.0616 7.96721 -6.48972 1.86831

Fourier series term #1
 -0.000362906 -0.0696387 -0.0350658 0.00220431
 -0.000225692 -0.017205 -0.0158348 0.00060527
 -5.66057e-05 0.0150851 0.00309466 -0.000932209
 3.1383e-05 0.0325317 0.0111211 -0.00178918
 -0.00207342 -0.130746 -0.138081 0.0177464
 -0.00152428 -0.0546433 -0.0856647 0.0144752
 -0.0013171 -0.0597531 -0.0708547 0.0172502
 -0.000579811 -0.063008 -0.0265479 0.0125677
 -0.000103058 -0.0791031 -0.00247992 0.00837151
 0.000316997 -0.0791872 0.03378 -0.00209481
 -4.19464e-06 -0.0549535 0.0665868 -0.0153381
 -0.0016307 -0.0123757 0.0726146 -0.0221162
 -0.00078292 -0.0193171 -0.0403066 0.000774447
 -0.00218906 -0.0626458 -0.116979 0.00762163
 -0.00464972 -0.164749 -0.258561 0.0265381
 -0.00700706 -0.266082 -0.392417 0.055923
 -0.00941529 -0.417618 -0.532383 0.102407
 -0.00821486 -0.457332 -0.457699 0.120826
 -0.00319596 -0.387825 -0.139937 0.0715085
 -0.000760861 -0.409673 0.0239046 0.034743
 0.000724506 -0.402611 0.214799 -0.0221597
 -0.00170597 -0.299448 0.386623 -0.090881
 -0.0113852 -0.0747371 0.412141 -0.12527
 -0.00568563 -0.22714 -0.336008 0.0345745
 -0.00845956 -0.321531 -0.476508 0.0645999
 -0.0109385 -0.434631 -0.597862 0.106491
 -0.0114313 -0.52206 -0.60785 0.141669
 -0.00999658 -0.658922 -0.529659 0.166141
 -0.00437382 -0.748823 -0.229213 0.12631
 -0.000788662 -0.686032 0.0427182 0.0537093
 0.00045938 -0.542021 0.336375 -0.0469708
 -0.00356733 -0.37542 0.544694 -0.138776
 -0.0159799 -0.139679 0.575634 -0.18269
 -0.0113994 -0.45201 -0.617586 0.104274
 -0.0126045 -0.54126 -0.663188 0.140482
 -0.0122652 -0.645373 -0.623876 0.169588
 -0.00943933 -0.734889 -0.449121 0.167677
 -0.00357282 -0.812076 -0.1233 0.109837
 -0.000369772 -0.799607 0.118571 0.0428893
 0.000716089 -0.715069 0.38162 -0.0493169
 -0.00375743 -0.556184 0.593156 -0.143546
 -0.0193357 -0.178868 0.615178 -0.194043
 -0.0131977 -0.675695 -0.684221 0.177003
 -0.0112663 -0.747064 -0.555281 0.18341
 -0.00761416 -0.813925 -0.330578 0.159046
 -0.00198201 -0.794783 0.0533856 0.0666563
 0.000266679 -0.809275 0.266647 0.00236178
 0.000199451 -0.725641 0.485139 -0.0824404
 -0.0052996 -0.548416 0.636069 -0.162122
 -0.0200329 -0.2579 0.629762 -0.198586
 -0.00866586 -0.835411 -0.408186 0.175629
 -0.00463696 -0.866965 -0.136867 0.123986
 -0.000168407 -0.774869 0.242088 0.0115595
 0.000668615 -0.709864 0.429761 -0.0580532
 -0.00117167 -0.616189 0.595877 -0.131664
 -0.00838693 -0.418867 0.674745 -0.190824
 -0.0226288 -0.134166 0.583513 -0.196122
 -0.00150758 -0.838008 0.139566 0.0480112
 0.000125636 -0.749734 0.449772 -0.0610624
 -0.00144645 -0.611576 0.602629 -0.132163
 -0.00573015 -0.473152 0.67983 -0.1839
 -0.0153277 -0.255574 0.685609 -0.219806
 -0.0300554 0.0691947 0.506888 -0.194036
 -0.00394117 -0.541877 0.660823 -0.162994
 -0.00785302 -0.466173 0.719397 -0.201543
 -0.0143191 -0.348343 0.724625 -0.227487
 -0.0267763 -0.0200003 0.600687 -0.224668
 -0.0412859 0.343663 0.322247 -0.159468
 -0.0131877 -0.362423 0.731954 -0.226884
 -0.0218362 -0.155356 0.668741 -0.235083
 -0.0335631 0.0735219 0.531561 -0.215501
 -0.0477866 0.483112 0.186677 -0.125937
 -0.0308445 0.00912732 0.577213 -0.226217
 -0.0435033 0.289318 0.365228 -0.179945
 -0.0529148 0.604523 0.0191031 -0.0760164
 -0.0523199 0.540396 0.102841 -0.106039
 -0.0558559 0.71289 -0.173868 -0.0108415
 -0.0521831 0.83651 -0.421738 0.0810199

Fourier series term #2
 -2.70897e-05 -0.00678793 -0.00270287 0.000176855
 -6.59428e-05 -0.00972586 -0.00560969 0.000393543
 2.25796e-06 0.0021963 0.00139864 -0.000146289
 -9.5067e-05 -0.00802651 -0.00504091 0.000489787
 4.32418e-05 0.00357245 0.00624639 -0.000844004
 -8.1501e-05 0.00562005 0.00438453 -0.000976871
 -0.000903953 -0.0423087 -0.0440806 0.00939489
 -0.000178364 0.0520155 0.03902 -0.0118628
 -0.000510019 0.0780602 0.044506 -0.0160079
 -0.000888297 0.0127565 -0.0019883 -0.000396476
 -0.000117229 -0.0936562 -0.0136455 0.00934828
 -0.000233884 -0.113179 0.0237446 -0.00237375
 -0.000381728 -0.0520946 -0.0345571 0.0027185
 0.000842903 0.05563 0.0546417 -0.00549456
 0.00166754 0.105786 0.105878 -0.0135285
 0.000964263 0.0518386 0.0467325 -0.00994288
 -0.000115739 -0.00853434 -0.0448789 0.00150267
 -0.0014758 -0.0553231 -0.153562 0.0246375
 -0.00133342 -0.0296213 -0.169638 0.0364767
 -0.00066165 -0.0415251 -0.173613 0.043485
 0.000632683 -0.0507725 -0.154786 0.0441822
 0.00225691 -0.0579773 -0.10635 0.034275
 0.00327862 -0.0727031 -0.0383908 0.0147648
 0.0013519 0.064847 0.0767307 -0.0107084
 0.00155905 0.0792729 0.0734319 -0.0156197
 0.00124351 0.0939856 0.0352746 -0.0173297
 -0.000690462 0.0412309 -0.112149 0.00538564
 -0.00272368 -0.0323855 -0.295307 0.0503381
 -0.003004 -0.13583 -0.453256 0.112565
 -0.0012866 -0.176007 -0.456554 0.130565
 0.00179914 -0.186684 -0.382076 0.123488
 0.00584545 -0.223519 -0.260973 0.0971134
 0.00881134 -0.273354 -0.10171 0.049515
 0.00138073 0.079434 0.0302835 -0.0164455
 -0.000370222 0.0383423 -0.105341 0.00110283
 -0.00140424 0.0562551 -0.214018 0.0211466
 -0.0029983 0.0123581 -0.399553 0.073131
 -0.00271761 -0.189492 -0.611653 0.162776
 0.000319744 -0.281019 -0.621305 0.188911
 0.0057706 -0.381805 -0.555376 0.192516
 0.0127737 -0.470933 -0.37527 0.152959
 0.0160969 -0.462025 -0.127056 0.0708351
 -0.00131905 0.0375983 -0.223204 0.0200783
 -0.00245636 0.0363095 -0.379687 0.0577704
 -0.00361642 -0.0747462 -0.603357 0.134514
 -0.000770432 -0.207089 -0.743343 0.212226
 0.00360795 -0.316996 -0.747202 0.240619
 0.0111104 -0.488574 -0.661205 0.245004
 0.0212439 -0.698067 -0.432527 0.197658
 0.0278712 -0.847863 -0.0839789 0.0878827
 -0.00424745 -0.0669939 -0.620237 0.132917
 -0.00322125 -0.157354 -0.810759 0.212993
 0.00269657 -0.323688 -0.905888 0.289878
 0.00926264 -0.466055 -0.868278 0.310664
 0.019028 -0.62303 -0.735056 0.299263
 0.0314386 -0.831456 -0.456921 0.232915
 0.0405135 -1.05983 -0.043718 0.101881
 0.000248888 -0.327002 -0.976603 0.299339
 0.00979915 -0.519266 -0.985015 0.35692
 0.01868 -0.699616 -0.9117 0.368647
 0.0310602 -0.891956 -0.712314 0.335951
 0.0434988 -1.02793 -0.375103 0.23759
 0.0550174 -1.34659 0.0946726 0.0880558
 0.0256077 -0.887678 -0.946307 0.412535
 0.0371819 -1.06758 -0.783066 0.391004
 0.0476024 -1.12914 -0.499546 0.307952
 0.065274 -1.51054 -0.0919349 0.19862
 0.0724661 -1.78207 0.453187 0.0068948
 0.0463044 -1.12729 -0.57844 0.337804
 0.0610979 -1.39917 -0.289023 0.268087
 0.0805366 -1.89515 0.210545 0.130206
 0.0796945 -1.88596 0.642453 -0.0510936
 0.0800815 -1.85665 0.0906831 0.178138
 0.0909178 -2.05548 0.519744 0.0302534
 0.0854425 -2.07546 0.947642 -0.151637
 0.0946204 -2.17465 0.89735 -0.110746
 0.0843435 -2.27328 1.32859 -0.28934
 0.0671156 -2.35091 1.68002 -0.438816

Fourier series term #3
 6.46776e-05 0.0149116 0.00608849 -0.000376151
 6.15814e-05 0.0101635 0.00551237 -0.000388239
 -7.52126e-05 -0.00976085 -0.00609145 0.000531934
 -2.93389e-05 -0.00307083 -0.00205774 0.000217677
 0.000186581 0.0161892 0.0135449 -0.00179752
 -0.000505187 -0.0364871 -0.0344853 0.00589877
 0.000205292 0.0170851 0.0171358 -0.00381845
 0.000350764 0.0532558 0.0426909 -0.0125187
 -0.000179767 -0.0383516 -0.0246451 0.00844932
 0.000303114 -0.1161 -0.0445917 0.0192541
 0.000491849 -0.076583 -0.00548833 0.00582219
 -0.000950265 0.0614771 -0.0115911 0.000554186
 -0.000111029 -0.0181409 -0.0109373 0.00106335
 -0.00077343 -0.0696919 -0.0570059 0.0055237
 9.45766e-05 0.0165452 0.0121686 -0.00118065
 0.00107671 0.0766524 0.081079 -0.0108953
 0.000416465 0.0128483 0.0322353 -0.00438923
 -0.000265932 -0.0463827 -0.0230589 0.00615291
 2.89623e-05 0.0283264 0.0175356 -0.006852
 -0.000267314 0.00554281 -0.0078501 0.000324515
 -0.000193157 -0.0279276 -0.0250331 0.007408
 -7.87938e-05 -0.0207518 -0.0181983 0.00554455
 -0.000310756 0.0209168 -0.0218667 0.00505184
 8.20343e-05 -0.000451683 0.00737361 0.000235726
 0.000659706 0.0365342 0.0545973 -0.00527247
 0.00106817 0.0507393 0.0883077 -0.0112552
 0.00181808 0.084436 0.13697 -0.0253345
 0.000922662 0.0358401 0.0803666 -0.0196355
 -0.000496139 -0.0543655 -0.0346157 0.00796783
 -0.000723733 -0.0391571 -0.058593 0.0139076
 -0.00102082 0.0215402 -0.0647703 0.0135065
 -0.00088739 0.0389968 -0.0836038 0.0206046
 0.000567212 0.000497631 -0.083089 0.0254207
 0.000820935 0.0271296 0.0708547 -0.00719144
 0.00216114 0.0908894 0.162384 -0.0263432
 0.00169349 0.0646568 0.143573 -0.0292281
 0.00092323 0.068112 0.121705 -0.0331943
 -0.000564944 0.0903888 0.0390132 -0.0227311
 -0.00141254 0.0470948 -0.0498286 0.00311501
 -0.000805927 -0.0853451 -0.129965 0.038158
 0.000163143 -0.0688748 -0.132754 0.041845
 0.00132491 0.016158 -0.146454 0.0446011
 0.00212673 0.0762835 0.172004 -0.0331386
 0.00122663 0.0383591 0.13613 -0.031818
 0.00104037 0.156401 0.166369 -0.0560306
 -0.00137316 0.128695 0.0322759 -0.0269914
 -0.00229783 0.126727 -0.0539747 -0.00310183
 -0.00188459 0.0491162 -0.145592 0.0330794
 0.000621258 -0.0350093 -0.190851 0.0587485
 0.00525915 -0.125654 -0.16715 0.0614231
 0.00138345 0.122217 0.175543 -0.0549793
 -0.000330874 0.156639 0.119619 -0.0521368
 -0.00258626 0.166858 -0.0168169 -0.0195446
 -0.00326497 0.177907 -0.105588 0.00715671
 -0.00272447 0.170784 -0.199807 0.041935
 0.000493549 0.0931838 -0.259421 0.074483
 0.00737976 -0.0533736 -0.229437 0.0811659
 -0.00260798 0.147031 0.0136258 -0.0284863
 -0.00467895 0.224802 -0.103383 0.000345548
 -0.00434245 0.168222 -0.224289 0.0468915
 -0.00405442 0.232965 -0.27449 0.0644665
 0.000220287 0.15119 -0.328347 0.0975355
 0.00881306 -0.0169677 -0.282295 0.102136
 -0.00396449 0.127954 -0.279707 0.0706021
 -0.00421079 0.201448 -0.315769 0.0816258
 -0.00249945 0.219167 -0.358335 0.102043
 0.004186 0.111605 -0.377609 0.127178
 0.0135744 0.00242116 -0.329084 0.125434
 -0.00299123 0.214744 -0.359135 0.101513
 0.000707589 0.175061 -0.390349 0.123725
 0.007657 0.109981 -0.405429 0.143064
 0.0182152 -0.114596 -0.25541 0.112401
 0.00535546 0.161272 -0.423921 0.143969
 0.0152557 -0.0439841 -0.329036 0.134815
 0.0230544 -0.188123 -0.179897 0.0938641
 0.0221697 -0.181691 -0.211089 0.107192
 0.027386 -0.132363 -0.179171 0.0914215
 0.0308618 -0.160362 -0.0896159 0.0586785

Fourier series term #4
 1.91361e-05 0.00479457 0.00174975 -0.000104852
 3.13485e-05 0.00542451 0.00281981 -0.000203342
 -2.84489e-05 -0.004073 -0.0024593 0.000219011
 6.85233e-05 0.00731353 0.00499415 -0.000529757
 -9.04806e-05 -0.00828358 -0.00710347 0.000943158
 -2.80003e-05 -0.00541413 -0.00443462 0.00076245
 0.00050874 0.0330651 0.0318175 -0.00704274
 -0.00018188 -0.0425212 -0.0340644 0.0100443
 4.69775e-05 -0.0596278 -0.0374037 0.0128472
 0.00030662 -0.00809435 -0.0031808 0.00126894
 -0.000261071 0.0709298 0.00659313 -0.00608004
 -0.000233119 0.085969 -0.0178335 0.00166612
 -2.05864e-05 -0.00556446 -0.00238122 0.00028249
 2.33682e-05 -0.00551292 -0.0014575 0.000321311
 -0.000500813 -0.0408576 -0.037109 0.00415254
 -4.36559e-05 0.00805806 0.000785802 -0.000266316
 0.000643272 0.0485401 0.0468857 -0.00836927
 -1.54011e-05 -0.0195117 -0.009763 0.0028024
 1.35096e-05 -0.0189037 -0.00627645 0.00309337
 0.000119761 -0.0138484 -0.00159973 0.00150678
 0.000130905 0.000826827 4.85795e-05 -0.000116259
 -5.56203e-05 0.0213167 -0.000791314 -0.00102167
 -0.000167932 0.0264996 -0.00417302 0.000119525
 -0.000782563 -0.0720383 -0.0640478 0.00711006
 -0.000537392 -0.0367606 -0.0401541 0.00527456
 0.000272798 0.0264354 0.0222102 -0.00354828
 0.000475904 0.0442507 0.0484955 -0.00793916
 0.00076686 0.0382523 0.0631945 -0.0126655
 0.000460898 -0.0179312 0.0215198 -0.00333404
 0.000374048 -0.0508338 0.00257505 0.00321233
 0.000242057 -0.0314912 0.0151083 -0.0017927
 -0.000116135 -0.0115058 0.0179905 -0.00466346
 -0.00018712 -0.00991219 0.00734449 -0.00177114
 0.000130806 0.00797298 0.00540697 -0.000686304
 0.000189544 0.0138431 0.018125 -0.00141667
 0.000777757 0.03447 0.0606903 -0.00946525
 0.00147917 0.0750958 0.114508 -0.0257826
 0.000928026 0.0140683 0.0959301 -0.0226099
 0.000690243 -0.0557735 0.0524935 -0.00919544
 0.000530644 -0.0402809 0.0388591 -0.00853282
 1.39338e-05 -0.0111715 0.0277031 -0.00798429
 0.000126935 -0.0539702 0.0292714 -0.00648048
 0.00043316 0.00629325 0.0364193 -0.0031509
 0.00161274 0.0680149 0.11939 -0.0237211
 0.00129725 0.0152685 0.12308 -0.0241999
 0.00107726 0.0913406 0.174717 -0.0505062
 0.000354573 0.0390367 0.146037 -0.0430244
 -0.000561116 0.0372277 0.111762 -0.0366946
 -0.00107338 0.0159805 0.0643758 -0.0223564
 -0.000162088 -0.0974044 0.0651529 -0.0161134
 0.00141556 -0.00828959 0.114112 -0.0200199
 0.00197432 0.0348285 0.191906 -0.0472737
 0.000850591 0.10435 0.232687 -0.0731439
 -0.000454211 0.104762 0.211323 -0.0724597
 -0.00207724 0.10331 0.188574 -0.0702813
 -0.00359794 0.093084 0.115565 -0.0482478
 -0.00358628 0.0690912 0.0575214 -0.0269521
 0.00145247 0.0622819 0.238284 -0.0689636
 -0.000593417 0.0504279 0.263838 -0.0861145
 -0.00234492 0.0822898 0.24512 -0.0882231
 -0.0065753 0.230337 0.220721 -0.0980653
 -0.00676421 0.117752 0.134659 -0.0612587
 -0.0108806 0.26706 0.0184841 -0.0316974
 -0.00448327 0.108229 0.281867 -0.107574
 -0.00799255 0.185399 0.255525 -0.111055
 -0.0093537 0.128135 0.199945 -0.0895451
 -0.0160378 0.303774 0.0961364 -0.0709112
 -0.0174955 0.295609 -0.00372549 -0.0311814
 -0.00878591 0.099001 0.221744 -0.0948706
 -0.0143781 0.226142 0.164703 -0.0902607
 -0.0212123 0.373526 0.0507137 -0.0640451
 -0.0196039 0.270233 -0.0144501 -0.0266539
 -0.0209139 0.354596 0.0899457 -0.0784921
 -0.0235366 0.3617 0.00259204 -0.0460493
 -0.0210402 0.260219 -0.0428512 -0.0153507
 -0.0233359 0.301008 -0.0389584 -0.0232387
 -0.0235954 0.22184 -0.0486309 -0.00954149
 -0.0239088 0.270388 -0.136903 0.0233443

Fourier series term #5
 5.91164e-07 0.000241648 4.4937e-05 -2.11786e-06
 -1.69594e-05 -0.00275688 -0.00149641 0.000103696
 2.01855e-05 0.00259633 0.00161921 -0.000139192
 4.82261e-06 0.000724678 0.000404761 -4.66553e-05
 -2.78097e-05 -0.00267303 -0.00198299 0.000268061
 0.000149323 0.0107426 0.0101795 -0.00173628
 -8.85607e-05 -0.0061728 -0.00624685 0.00140475
 -0.000111395 -0.0142695 -0.0116684 0.0033647
 4.35317e-05 0.0108026 0.0063834 -0.00228172
 -8.33423e-05 0.0349773 0.0134798 -0.00582051
 -0.000174737 0.0262424 0.00280022 -0.00227315
 0.000270632 -0.0205237 0.00483691 -0.000509155
 -3.21686e-05 -0.0060242 -0.0029605 0.000283874
 9.92348e-05 0.00838135 0.00697885 -0.000574027
 -9.54963e-05 -0.0108431 -0.00787186 0.000981673
 -0.000247234 -0.021052 -0.0192419 0.00262655
 0.00027067 0.0291854 0.0230404 -0.00432812
 -0.000206626 -0.0194858 -0.01455 0.00371035
 0.000105746 0.0185398 0.0107916 -0.00375566
 3.01813e-06 0.00830996 0.00242971 -0.00120777
 8.93921e-05 -0.0208844 -0.00562101 0.00291276
 0.000121608 -0.0205955 0.00419495 2.00933e-05
 -0.000331357 0.0128736 0.00210476 -0.00125242
 -0.000122452 -0.0230933 -0.0142564 0.00182053
 -0.000430356 -0.0435291 -0.0382152 0.00499359
 -0.00067797 -0.0460487 -0.049947 0.00794098
 0.000227934 0.0280226 0.0180444 -0.00444619
 0.000477182 0.0535522 0.0433516 -0.0112058
 8.06289e-05 -0.0176974 0.00117546 0.0014004
 0.000199766 -0.0384057 -0.0122667 0.00610032
 0.000216343 -0.00489025 0.00052574 0.000519039
 6.99946e-06 0.0174627 0.00315864 -0.0017793
 0.000190743 -0.00259527 0.00333375 -0.000640602
 -0.000910701 -0.0683022 -0.068633 0.0105302
 -0.000726037 -0.0440398 -0.0544958 0.00913567
 0.000252604 0.0320124 0.018392 -0.00517737
 0.000160292 0.0290492 0.0255555 -0.00586368
 0.000373468 0.0628431 0.0475379 -0.0150292
 0.00026388 0.0276743 0.0283037 -0.00865245
 0.000349124 -0.0105163 0.023805 -0.00542113
 0.00077062 -0.0539168 0.020493 -0.00209093
 0.00076137 -0.0492423 0.0216122 -0.00363889
 -0.000396827 -0.0226229 -0.0346918 0.00604289
 -0.000229858 -0.0076744 -0.014258 0.00372798
 0.000523006 0.0581419 0.0425386 -0.0123615
 0.000481328 0.0578903 0.061061 -0.0178812
 0.000179218 0.0941618 0.0742239 -0.026139
 -0.000158597 0.0682243 0.0589644 -0.0213378
 6.0079e-05 -0.00140856 0.0515397 -0.015235
 0.000746955 -0.0624626 0.0503293 -0.0120927
 0.000183294 0.0190854 0.00820715 -0.00236242
 0.000460699 0.0246456 0.0290188 -0.00680588
 0.000635804 0.0392168 0.0747759 -0.0212835
 0.000328007 0.0679382 0.0877885 -0.0289882
 -0.000773365 0.139264 0.086851 -0.0367623
 -0.0012358 0.107807 0.0567412 -0.0258086
 -0.00204552 0.0853705 0.0427913 -0.0201775
 0.00066941 -0.00169984 0.052072 -0.0108877
 0.000827724 0.0160682 0.058299 -0.0162825
 -0.000415082 0.107968 0.122457 -0.045769
 -0.00132099 0.0977037 0.104583 -0.041645
 -0.00272439 0.109287 0.0811876 -0.0365682
 -0.00621226 0.248109 0.000144655 -0.0193817
 -0.000923779 0.0845246 0.139316 -0.0515229
 -0.000586562 0.0273309 0.121299 -0.0421612
 -0.00233818 0.0778572 0.104051 -0.0434099
 -0.00611202 0.181269 0.069923 -0.0427448
 -0.00882181 0.234272 0.00402344 -0.0231243
 -0.00145731 0.032352 0.116111 -0.0433112
 -0.00394624 0.104796 0.0969837 -0.0455147
 -0.00768212 0.172428 0.0704581 -0.0440358
 -0.0111044 0.310741 -0.0583993 -0.00779773
 -0.00582308 0.100984 0.101998 -0.0490518
 -0.0117748 0.296326 -0.012605 -0.0264461
 -0.0124239 0.312959 -0.0876114 0.00220249
 -0.0136058 0.321227 -0.0701308 -0.00731168
 -0.0112712 0.2683 -0.0989053 0.0110294
 -0.0100534 0.182758 -0.0740158 0.0102157
