**************************************************************
***  MERIS LUT-169: Fourier series terms (s0,..,s5)[TERM]] ***
***                 of polynomial coefficients (k0,..,k3)  ***
***                 for each of 81 aerosol models [IAER],  ***
***                 & for each of 78 geometries [SVZA]     ***
***  - - - - - - - - - - - - - - - - - - - - - - - - - - - ***
***  => useful for multiplicative aer.scat.fct. retrieval  ***
**************************************************************

12 Gaussian angles (deg): SZA/VZA
------------------------         

 2.84 17.64 28.77 36.19 43.61 51.03 58.46 65.88 69.59 73.30 77.01 80.72

Coefficients: [SVZA x (k0,k1,k2,k3)]
------------                        

 Aerosol model #50
 - - - - - - -  

Fourier series term #0
 1.02486 1.54242 0.406308 -0.0883073
 1.02602 1.62073 0.434045 -0.0989851
 1.02801 1.75867 0.473923 -0.117608
 1.02988 1.89433 0.499675 -0.134871
 1.03193 2.05822 0.506866 -0.153492
 1.03384 2.2505 0.470605 -0.168456
 1.03487 2.46846 0.348599 -0.167939
 1.03363 2.70013 0.0715383 -0.125317
 1.0318 2.81258 -0.156173 -0.0726394
 1.02981 2.90992 -0.459168 0.0129335
 1.03049 2.96189 -0.828704 0.136877
 1.04216 2.88476 -1.18136 0.279424
 1.02639 1.71271 0.446931 -0.10583
 1.0285 1.85549 0.477164 -0.124366
 1.03036 1.98622 0.489142 -0.140372
 1.03255 2.15032 0.47947 -0.157274
 1.03464 2.34109 0.423079 -0.169492
 1.03582 2.54863 0.281452 -0.16532
 1.03468 2.75934 -0.00525471 -0.12
 1.03291 2.85894 -0.230092 -0.0676008
 1.03098 2.94384 -0.523534 0.0157416
 1.03165 2.98635 -0.877715 0.135292
 1.04296 2.907 -1.21465 0.272746
 1.03374 1.97259 0.525603 -0.156885
 1.03644 2.10138 0.525409 -0.175057
 1.03943 2.25149 0.496355 -0.192339
 1.04217 2.42172 0.416907 -0.202853
 1.04373 2.60354 0.254423 -0.195082
 1.04267 2.78462 -0.0424394 -0.14573
 1.04093 2.8699 -0.265167 -0.0922761
 1.03911 2.94238 -0.550401 -0.00935506
 1.03999 2.97577 -0.89034 0.107777
 1.05149 2.89308 -1.21036 0.2415
 1.03623 2.24718 0.456322 -0.16818
 1.03849 2.39823 0.388448 -0.173711
 1.0402 2.55881 0.267481 -0.169654
 1.04054 2.72701 0.0675872 -0.145933
 1.0383 2.89735 -0.256799 -0.0810565
 1.03607 2.979 -0.488454 -0.0205425
 1.03394 3.049 -0.778497 0.0683792
 1.0348 3.08067 -1.11792 0.189583
 1.04669 2.99654 -1.43117 0.324494
 1.0405 2.52494 0.300617 -0.1743
 1.04164 2.67102 0.152812 -0.160876
 1.04124 2.81921 -0.0684346 -0.126936
 1.03847 2.97235 -0.404904 -0.0524494
 1.03622 3.04808 -0.637939 0.0119536
 1.03438 3.11299 -0.924824 0.103394
 1.03595 3.13957 -1.25534 0.224958
 1.04904 3.04942 -1.5526 0.35702
 1.0421 2.79446 -0.0181295 -0.137058
 1.0411 2.93043 -0.256749 -0.0928064
 1.03791 3.07099 -0.604619 -0.00764836
 1.03573 3.14113 -0.839642 0.061565
 1.03429 3.20134 -1.12447 0.156598
 1.03679 3.22225 -1.44595 0.279096
 1.05142 3.12427 -1.72532 0.408187
 1.03961 3.0505 -0.510055 -0.036807
 1.03639 3.18819 -0.869421 0.0602562
 1.03458 3.25498 -1.10659 0.135039
 1.03407 3.30795 -1.38717 0.233858
 1.03825 3.31789 -1.69488 0.356658
 1.05545 3.20359 -1.94599 0.479768
 1.034 3.31462 -1.23505 0.170196
 1.03333 3.37778 -1.47133 0.2506
 1.03481 3.42248 -1.74141 0.351736
 1.04219 3.41271 -2.02125 0.470565
 1.06376 3.26636 -2.22141 0.580139
 1.03378 3.43181 -1.69966 0.331668
 1.03699 3.46627 -1.95643 0.431574
 1.04688 3.44153 -2.21188 0.544651
 1.0716 3.27198 -2.37235 0.642005
 1.04273 3.48147 -2.18835 0.526299
 1.05589 3.43276 -2.4057 0.628534
 1.08458 3.23222 -2.50999 0.706769
 1.07323 3.34692 -2.5635 0.711324
 1.1063 3.10518 -2.59148 0.761893
 1.14307 2.81429 -2.52146 0.774282

Fourier series term #1
 -0.000112677 -0.00659793 -0.00206887 0.000410996
 -0.000131874 -0.00551078 -0.00333313 0.000518174
 -0.000297384 -0.0133788 -0.00591379 0.00108284
 -0.000366479 -0.0153609 -0.00584641 0.00113553
 -0.000439148 -0.0167716 -0.00430953 0.000905406
 -0.000525728 -0.0174584 -0.000835365 0.000216924
 -0.000607448 -0.0161167 0.0049602 -0.00121633
 -0.000691311 -0.0106262 0.0120032 -0.00343828
 -0.000752532 -0.00557153 0.0147998 -0.00461339
 -0.000853524 0.00139894 0.0157785 -0.00542375
 -0.00100462 0.0103294 0.0135506 -0.00531405
 -0.00116565 0.0207567 0.00673776 -0.00354393
 -0.00100561 -0.0469241 -0.0219535 0.00372471
 -0.00172594 -0.0759044 -0.0298847 0.00555322
 -0.00226541 -0.0938295 -0.0284996 0.00580747
 -0.00287148 -0.103665 -0.017659 0.00415347
 -0.00331529 -0.10483 0.00577495 -0.000888349
 -0.00378985 -0.0904601 0.0400832 -0.0099804
 -0.00423648 -0.0513509 0.077057 -0.0227644
 -0.00457067 -0.0193672 0.0895146 -0.028992
 -0.0051137 0.0222847 0.0910813 -0.0328918
 -0.00595484 0.0740565 0.0740317 -0.0312195
 -0.00676587 0.132618 0.0326397 -0.0205145
 -0.00318281 -0.117783 -0.0382497 0.00847771
 -0.00396797 -0.14039 -0.0291362 0.00739963
 -0.00504639 -0.154586 -0.00747286 0.00353997
 -0.00574723 -0.150288 0.0317241 -0.00598148
 -0.00620282 -0.117342 0.0829849 -0.0217274
 -0.00648451 -0.0489427 0.12989 -0.041276
 -0.00676073 0.000938704 0.141701 -0.0498513
 -0.00733447 0.0628524 0.136153 -0.0541434
 -0.00824567 0.136533 0.104437 -0.0501037
 -0.00889719 0.216723 0.0406221 -0.0334572
 -0.00500798 -0.166995 -0.00970121 0.00323859
 -0.00607296 -0.174947 0.022982 -0.00408853
 -0.00693874 -0.160939 0.0687723 -0.0163894
 -0.00755613 -0.111952 0.119158 -0.0334215
 -0.00817177 -0.0209324 0.153697 -0.0511161
 -0.00872029 0.0417315 0.153684 -0.0567693
 -0.00961963 0.116697 0.132567 -0.0565504
 -0.0107974 0.20297 0.0819039 -0.0462517
 -0.0114336 0.293781 -0.00291413 -0.0217054
 -0.00720007 -0.174662 0.0624694 -0.0143021
 -0.00807125 -0.143845 0.110348 -0.0292469
 -0.00875024 -0.079799 0.153644 -0.0467156
 -0.00954702 0.0262747 0.171254 -0.0617232
 -0.0102224 0.0969517 0.158897 -0.0644434
 -0.0111765 0.179338 0.12353 -0.0601926
 -0.0123274 0.272277 0.0564827 -0.0444057
 -0.012493 0.365827 -0.0424274 -0.014423
 -0.00901825 -0.098842 0.150785 -0.0444982
 -0.0098278 -0.0175335 0.177814 -0.0599417
 -0.0109137 0.0994666 0.169959 -0.0689769
 -0.0117249 0.174045 0.142118 -0.0670897
 -0.0128159 0.260284 0.0894967 -0.0570247
 -0.0138048 0.354942 0.00621148 -0.035025
 -0.0132785 0.445848 -0.104856 0.000566048
 -0.0109279 0.0732506 0.180051 -0.0698634
 -0.012373 0.20042 0.139759 -0.06968
 -0.0133698 0.276861 0.0938844 -0.0615917
 -0.0143979 0.361334 0.0242788 -0.044758
 -0.015072 0.451641 -0.0743783 -0.0156174
 -0.0135069 0.532006 -0.192267 0.0246592
 -0.0141111 0.326953 0.0641469 -0.0569639
 -0.0151483 0.403251 -0.00151189 -0.0407596
 -0.0159134 0.483962 -0.0876049 -0.0163585
 -0.0157109 0.562684 -0.195505 0.0188131
 -0.0124622 0.621801 -0.310341 0.0614554
 -0.0160231 0.474642 -0.0736016 -0.0212965
 -0.0164091 0.54995 -0.165648 0.00682013
 -0.0154425 0.62013 -0.274606 0.044172
 -0.0110074 0.664732 -0.382461 0.0863498
 -0.0161163 0.614721 -0.258679 0.0373227
 -0.0141068 0.671767 -0.363478 0.0753677
 -0.00803574 0.69724 -0.456386 0.114056
 -0.0105438 0.707719 -0.453359 0.110268
 -0.00258449 0.708209 -0.522335 0.142242
 0.00730891 0.676705 -0.554656 0.162194

Fourier series term #2
 -1.41457e-05 -0.000879353 -0.000230941 5.03665e-05
 7.69973e-06 0.000442842 0.000102407 -2.30384e-05
 6.26407e-07 -8.73292e-05 -8.22124e-05 2.0423e-05
 5.11381e-07 -0.000193853 -0.000177149 4.39243e-05
 3.11898e-06 -0.000175686 -0.000272375 6.85149e-05
 5.50484e-06 -0.000246271 -0.000409799 0.000108843
 7.11094e-06 -0.000460099 -0.000544592 0.000160434
 9.49616e-06 -0.000749219 -0.000543701 0.000187279
 1.0807e-05 -0.000937417 -0.000440512 0.000173346
 1.17159e-05 -0.00113991 -0.000239025 0.00012607
 1.0532e-05 -0.00129281 5.36638e-05 3.79103e-05
 1.72319e-06 -0.00128867 0.000344275 -6.94393e-05
 4.43117e-05 0.00108825 -0.000441979 0.000114656
 7.61765e-05 -0.0004851 -0.00289525 0.000691793
 7.02152e-05 -0.00522551 -0.0066655 0.00165839
 0.000127289 -0.00807435 -0.0109493 0.00284043
 0.000194191 -0.0119409 -0.0157928 0.00439449
 0.000250674 -0.0196693 -0.0195531 0.0060988
 0.000307441 -0.0312621 -0.0181714 0.00684895
 0.000349134 -0.0376474 -0.0138703 0.00619525
 0.000388056 -0.0434537 -0.00652177 0.00440822
 0.000355273 -0.0473484 0.00340116 0.00135347
 5.94847e-05 -0.0468891 0.0132186 -0.00233134
 0.000125775 -0.00613525 -0.0109513 0.00275997
 0.000188513 -0.0108302 -0.019521 0.0051241
 0.0002168 -0.0220576 -0.0312216 0.00880364
 0.000210407 -0.0376857 -0.0429085 0.0133084
 0.00019813 -0.0584656 -0.0491099 0.0173826
 0.00023976 -0.0841716 -0.0417919 0.0184055
 0.000314323 -0.0972873 -0.0301699 0.0163986
 0.000391827 -0.108806 -0.0123479 0.0118729
 0.000311479 -0.116204 0.010529 0.00459597
 -0.000365464 -0.114372 0.0326918 -0.00402159
 0.000324397 -0.0230422 -0.0320057 0.00867531
 0.00041782 -0.0401015 -0.0464714 0.0135323
 0.000431024 -0.0683342 -0.058679 0.0190455
 0.000466789 -0.103197 -0.0603395 0.0229523
 0.000654325 -0.140143 -0.0420455 0.0216554
 0.000825261 -0.157657 -0.0226142 0.0174896
 0.000978007 -0.172577 0.00436551 0.0100446
 0.000870634 -0.181741 0.0371136 -0.000845396
 -0.000143184 -0.178099 0.0674376 -0.0130302
 0.000441887 -0.0695365 -0.0634667 0.0202069
 0.000459638 -0.107559 -0.0729161 0.0261851
 0.000501486 -0.15539 -0.0673179 0.0294031
 0.000771672 -0.20339 -0.0368258 0.0254553
 0.00100178 -0.224634 -0.00963859 0.0190329
 0.001186 -0.242142 0.0260003 0.00865463
 0.000974646 -0.252192 0.0675052 -0.00566214
 -0.000464439 -0.246197 0.104868 -0.021239
 0.00045292 -0.159372 -0.0754965 0.0316491
 0.000585226 -0.214963 -0.0588279 0.0325273
 0.000962581 -0.272577 -0.0145402 0.0248535
 0.00123973 -0.298292 0.0205146 0.0158867
 0.00140749 -0.318865 0.0642693 0.00249705
 0.00104127 -0.330073 0.113609 -0.0151861
 -0.000896602 -0.321729 0.156419 -0.0337673
 0.000806963 -0.280971 -0.0289815 0.0300006
 0.00131162 -0.343207 0.0290184 0.0175963
 0.0015804 -0.372252 0.0710929 0.00591827
 0.00165378 -0.396672 0.122011 -0.010434
 0.000969773 -0.409913 0.177264 -0.0309548
 -0.00165879 -0.399691 0.222975 -0.0517133
 0.00179273 -0.414266 0.100803 -0.000141396
 0.00192385 -0.444591 0.147977 -0.0143723
 0.00169323 -0.469263 0.202711 -0.0331215
 0.000439211 -0.482667 0.260016 -0.0554461
 -0.00319393 -0.469964 0.303723 -0.0765553
 0.00187385 -0.477246 0.197658 -0.0299124
 0.00134753 -0.501736 0.252676 -0.0493235
 -0.000362253 -0.512726 0.30776 -0.0715231
 -0.00467782 -0.496334 0.346341 -0.0912992
 0.000361813 -0.526842 0.307108 -0.068986
 -0.00198341 -0.534919 0.357606 -0.0900703
 -0.0070794 -0.51281 0.387674 -0.10724
 -0.00513745 -0.540293 0.401457 -0.109038
 -0.0111525 -0.511599 0.419369 -0.121882
 -0.0180513 -0.476856 0.422639 -0.128954

Fourier series term #3
 -1.43502e-06 -8.92226e-05 -2.33525e-05 5.1062e-06
 7.15793e-07 4.60923e-05 1.19211e-05 -2.74428e-06
 -2.86587e-08 -4.32112e-07 1.20378e-06 -2.06985e-07
 -6.23023e-08 -1.79779e-06 1.8814e-06 -3.04912e-07
 1.21913e-07 1.08364e-05 6.1693e-06 -1.56028e-06
 -3.27325e-07 -1.71153e-05 -6.31414e-08 5.0888e-07
 1.85843e-07 1.64656e-05 3.85214e-06 -1.44406e-06
 4.52648e-07 3.02917e-05 -3.04766e-06 -1.96363e-07
 2.19607e-07 7.83394e-07 -7.34902e-06 2.28517e-06
 1.65597e-07 -2.2603e-05 -7.1585e-06 3.42233e-06
 5.03966e-07 -1.71407e-05 -8.0008e-06 3.54524e-06
 1.12351e-06 6.30089e-06 -1.5365e-05 5.04466e-06
 -1.07037e-05 -0.000635265 -9.12719e-05 2.56683e-05
 3.2822e-05 0.00247801 0.000907855 -0.000222197
 -3.48069e-06 0.000283204 0.000584423 -0.000125632
 -1.35168e-05 -0.000207917 0.000645517 -0.000134971
 -8.80134e-07 0.000757276 0.000760653 -0.000197279
 2.54892e-05 0.00200796 0.000285972 -0.000131851
 6.06588e-05 0.00255326 -0.00110987 0.000236229
 8.33418e-05 0.00221823 -0.00198203 0.000530111
 0.000113844 0.00135215 -0.0026596 0.000819304
 0.000156341 -5.4384e-05 -0.00276553 0.000967704
 0.000202706 -0.00183545 -0.00198344 0.000817207
 1.41375e-05 0.00168543 0.00157493 -0.00037676
 2.70098e-05 0.00315601 0.00260262 -0.00067553
 1.91593e-05 0.00266131 0.00274522 -0.000742549
 5.59557e-05 0.00407324 0.00198391 -0.000649195
 0.000149915 0.00699627 -0.00073855 -6.34173e-05
 0.000262784 0.00758549 -0.00587002 0.00149161
 0.000331254 0.00602745 -0.00858641 0.00254488
 0.000424027 0.00291039 -0.0103814 0.00348544
 0.000551211 -0.00173529 -0.0102159 0.00390509
 0.000682044 -0.00737332 -0.00726444 0.00333908
 1.8332e-05 0.00379336 0.00334222 -0.000869912
 8.29402e-05 0.00779014 0.00365558 -0.00112629
 0.000160401 0.0098839 0.00110186 -0.000600788
 0.000300154 0.0114803 -0.00460136 0.000913865
 0.0005095 0.00993984 -0.0122758 0.00346168
 0.00065211 0.0065095 -0.0154503 0.00485044
 0.00084247 0.000866918 -0.0167212 0.00585229
 0.00108603 -0.00682685 -0.0147396 0.00589047
 0.00132061 -0.0157598 -0.00853058 0.00434238
 0.000177601 0.011612 0.00220463 -0.000944763
 0.000355908 0.0167944 -0.00268452 0.000135247
 0.000560178 0.0159059 -0.0115546 0.0028422
 0.000863395 0.00915309 -0.0209234 0.00650393
 0.00108621 0.00314397 -0.0237587 0.00812046
 0.00137376 -0.00509696 -0.0236995 0.00900713
 0.00173064 -0.0155835 -0.0191138 0.00841986
 0.00203723 -0.0270975 -0.00936059 0.00577326
 0.000591877 0.018906 -0.0107534 0.00242481
 0.000923744 0.0172507 -0.0213963 0.00602417
 0.00136735 0.00466796 -0.0300471 0.0102361
 0.00168434 -0.00500246 -0.0310487 0.0116849
 0.00209751 -0.0165113 -0.0280499 0.0119287
 0.00256789 -0.0295706 -0.0197343 0.010249
 0.00292008 -0.0427869 -0.00589876 0.00615282
 0.00138207 0.00927981 -0.0314784 0.0102848
 0.00206055 -0.00528804 -0.0366892 0.0139401
 0.00251384 -0.0173098 -0.0345807 0.0146498
 0.0030442 -0.0319308 -0.0275033 0.0137561
 0.00361529 -0.0477087 -0.0143411 0.0104504
 0.00394928 -0.0619313 0.00364768 0.00470591
 0.00298746 -0.0256509 -0.0349312 0.0159563
 0.00359623 -0.0377195 -0.0287552 0.0152022
 0.00424798 -0.0515232 -0.0178987 0.0127743
 0.00484035 -0.0671915 -0.000896552 0.00782191
 0.00503275 -0.0809743 0.0201316 0.000577786
 0.00425233 -0.051338 -0.0199681 0.0136055
 0.00492403 -0.0645586 -0.0071408 0.0102438
 0.00547144 -0.0779383 0.0105081 0.00466063
 0.00552982 -0.0893526 0.0313304 -0.0029137
 0.00555515 -0.0783088 0.00796341 0.00588668
 0.00599208 -0.0895489 0.0259184 -0.000233737
 0.00582636 -0.0965383 0.0442745 -0.00740972
 0.00618628 -0.0991693 0.0434921 -0.00653171
 0.00571183 -0.101588 0.0582949 -0.0128792
 0.00484823 -0.100113 0.0687745 -0.017931

Fourier series term #4
 -1.4988e-08 -1.49789e-06 -2.17074e-07 1.29308e-08
 9.82776e-08 5.75968e-06 1.58263e-06 -3.81433e-07
 -3.3587e-08 -2.30176e-06 -6.20613e-07 1.56479e-07
 1.64691e-07 1.04717e-05 2.75095e-06 -7.35953e-07
 -1.13962e-07 -7.87345e-06 -1.7754e-06 5.26771e-07
 -5.5897e-08 -3.93683e-06 -8.34181e-07 3.19649e-07
 1.99118e-07 1.47377e-05 2.2194e-06 -1.03017e-06
 -1.67779e-07 -1.37267e-05 -6.81101e-08 5.69507e-07
 -1.84503e-07 -1.74341e-05 1.20725e-06 3.93916e-07
 5.50533e-09 -1.9202e-06 5.10055e-07 -6.37556e-08
 2.25553e-07 1.74497e-05 -4.60241e-06 7.15294e-07
 3.13596e-07 1.88854e-05 -7.51423e-06 1.7603e-06
 -3.50742e-05 -0.00230919 -0.000586449 0.000141413
 2.19801e-05 0.00148745 0.000365831 -9.92009e-05
 7.22604e-06 0.00050934 0.000143045 -4.06886e-05
 -4.27954e-06 -0.000222778 8.74212e-06 2.86655e-06
 -7.64637e-06 -0.000306908 8.63539e-05 -1.36753e-05
 -1.00033e-05 -0.000156112 0.000269377 -6.88392e-05
 -1.25409e-05 0.000180478 0.000417268 -0.000133251
 -1.37043e-05 0.00040991 0.000395577 -0.000144056
 -1.45142e-05 0.000635534 0.000267502 -0.000120543
 -1.32836e-05 0.000790174 4.44927e-05 -5.64036e-05
 -5.7886e-06 0.000785105 -0.000182921 2.69824e-05
 1.10225e-05 0.000721133 0.000241159 -7.03867e-05
 3.06703e-05 0.00208048 0.000700849 -0.000223535
 -4.63308e-06 0.000338891 0.000601492 -0.000166537
 -4.09289e-05 -0.00110879 0.000930278 -0.00021467
 -5.31948e-05 -0.000468432 0.00186496 -0.000532183
 -5.59572e-05 0.00148275 0.00241518 -0.000865987
 -5.81977e-05 0.00263677 0.00214611 -0.000891793
 -6.01182e-05 0.00367289 0.00137727 -0.000737815
 -5.3236e-05 0.00433054 0.000199205 -0.000385791
 -1.65574e-05 0.00425197 -0.000959045 5.72188e-05
 -3.28808e-06 0.000606314 0.000702774 -0.000192566
 -1.57789e-05 0.00122289 0.00162139 -0.000467318
 -7.04116e-05 -0.000129513 0.00265166 -0.000734182
 -0.000113473 0.000504195 0.00395692 -0.00120437
 -0.000135739 0.00412314 0.004158 -0.0015783
 -0.000147061 0.00627913 0.003231 -0.00147797
 -0.000155127 0.00818327 0.00147727 -0.0010624
 -0.000143244 0.00932139 -0.000858321 -0.000330125
 -7.02682e-05 0.00902725 -0.00294197 0.000493468
 -7.07049e-05 0.000242563 0.00303433 -0.000847854
 -0.000105834 0.00268012 0.0052811 -0.00166396
 -0.000170787 0.00460331 0.00670392 -0.0023371
 -0.00022656 0.00886193 0.00588091 -0.0025412
 -0.000250509 0.011664 0.00402719 -0.00221532
 -0.000266462 0.0141858 0.00109598 -0.00145188
 -0.000246407 0.0156327 -0.00249574 -0.000275436
 -0.000128916 0.0150473 -0.00556736 0.000987576
 -0.00017758 0.00520427 0.00766243 -0.00263074
 -0.000233984 0.0119529 0.00852289 -0.00352564
 -0.000330366 0.0171308 0.00592694 -0.003319
 -0.000379638 0.0195106 0.00302998 -0.00262876
 -0.00041013 0.0216737 -0.00094567 -0.00145959
 -0.000386033 0.0228553 -0.0055394 0.000148329
 -0.000226102 0.0217599 -0.00930077 0.00178348
 -0.000341181 0.0186306 0.0078139 -0.00402812
 -0.000463135 0.0275767 0.0028486 -0.00332944
 -0.000533592 0.0301723 -0.00114207 -0.0022492
 -0.000584342 0.0312339 -0.00579088 -0.000691584
 -0.000556153 0.0309299 -0.0105685 0.00118548
 -0.000359446 0.0284591 -0.0141574 0.002965
 -0.000647879 0.0346895 -0.00347538 -0.00193902
 -0.000727147 0.038477 -0.00832695 -0.000579313
 -0.000775156 0.0408428 -0.0138608 0.00129366
 -0.000731178 0.0400131 -0.0186031 0.00331775
 -0.000493619 0.0355796 -0.0209827 0.00490517
 -0.000812358 0.0406723 -0.0126762 0.000800055
 -0.000853761 0.0430524 -0.0180715 0.00266949
 -0.000789288 0.0431653 -0.0230149 0.00473133
 -0.000515289 0.0387761 -0.0249642 0.00617682
 -0.000887242 0.0436655 -0.0222168 0.00427369
 -0.000798634 0.0437275 -0.0265357 0.00612442
 -0.000491716 0.0402767 -0.0284304 0.00747821
 -0.000706413 0.041988 -0.0288907 0.00738785
 -0.000382532 0.0385923 -0.029838 0.00833178
 -8.86738e-05 0.0335995 -0.0281917 0.00827324

Fourier series term #5
 2.70993e-08 1.45369e-06 4.49357e-07 -1.09983e-07
 -6.00713e-08 -3.94681e-06 -1.03679e-06 2.42623e-07
 6.52213e-08 4.03965e-06 1.10509e-06 -2.80028e-07
 -1.00663e-08 -1.27823e-07 -1.33196e-07 4.45473e-08
 -6.67243e-08 -4.32666e-06 -1.10855e-06 3.45462e-07
 8.61122e-08 5.98206e-06 1.2022e-06 -4.22933e-07
 -1.09579e-08 -2.2267e-06 -6.35358e-08 5.30555e-08
 -5.4788e-08 -5.48098e-06 -7.40839e-08 2.10668e-07
 3.79357e-08 3.2657e-06 -2.39061e-07 -7.4777e-08
 7.79254e-08 9.48147e-06 -1.64961e-06 1.10914e-07
 4.66475e-08 5.77414e-06 -1.5845e-06 2.64399e-07
 -5.57075e-08 -4.14186e-06 1.82505e-06 -4.50049e-07
 -3.52363e-05 -0.00232835 -0.000584225 0.000141907
 8.09809e-06 0.000553122 0.000128574 -3.56734e-05
 5.55639e-06 0.000378689 8.83512e-05 -2.64555e-05
 7.06576e-07 3.22877e-05 2.13488e-06 -9.98941e-07
 -2.60836e-07 -5.21195e-05 -2.46358e-05 7.84606e-06
 -3.08002e-07 -7.20867e-05 -2.78203e-05 1.01651e-05
 -6.66561e-07 -8.30065e-05 -2.32341e-06 4.28999e-06
 -1.2139e-06 -8.20157e-05 2.32104e-05 -3.38597e-06
 -2.00557e-06 -6.11683e-05 4.91352e-05 -1.30825e-05
 -3.04939e-06 -1.29511e-05 5.82923e-05 -1.94718e-05
 -3.99753e-06 5.06933e-05 3.65506e-05 -1.57892e-05
 -6.86511e-06 -0.000435884 -0.000122225 3.68254e-05
 2.73424e-05 0.00165359 0.000374641 -0.000132855
 1.84376e-05 0.001048 0.000167444 -7.54183e-05
 2.54139e-07 -0.000197897 -0.000164986 5.32162e-05
 -6.90147e-06 -0.000690921 -0.000192211 8.96678e-05
 -1.13225e-05 -0.000766516 8.99463e-05 1.53452e-05
 -1.41135e-05 -0.000643663 0.000298648 -5.98129e-05
 -1.84437e-05 -0.000387371 0.000466691 -0.000137687
 -2.48192e-05 -7.96921e-06 0.000498172 -0.000182296
 -3.02529e-05 0.000431659 0.000324132 -0.000155311
 1.29317e-05 0.00067508 6.44002e-05 -3.66755e-05
 3.17741e-05 0.00192962 0.000161763 -0.000105439
 1.06459e-05 0.000303978 -0.000190965 4.17335e-05
 -1.48894e-05 -0.00155169 -0.000149512 0.000117875
 -2.97053e-05 -0.00182534 0.000540249 -7.08342e-05
 -3.89886e-05 -0.00144963 0.000934611 -0.000223526
 -5.24561e-05 -0.000741953 0.00116226 -0.000355175
 -6.91824e-05 0.000211986 0.00105951 -0.000400042
 -8.25553e-05 0.00126512 0.000496271 -0.000273707
 1.40224e-05 0.000395483 -0.000234294 4.8091e-05
 1.4929e-05 0.000621138 -0.0001117 1.38776e-06
 -2.4231e-05 -0.00165491 0.000318371 -1.09488e-05
 -6.57038e-05 -0.00280582 0.00149801 -0.00032007
 -8.53767e-05 -0.00219614 0.00205655 -0.000560182
 -0.000109824 -0.000918659 0.00225356 -0.000742508
 -0.000140063 0.000818131 0.00181083 -0.000736921
 -0.000158578 0.00269555 0.000626486 -0.000446847
 -2.06511e-05 -0.00152954 0.000213241 1.35452e-05
 -4.7388e-05 -0.00112667 0.00135201 -0.00037188
 -0.000113378 -0.00188957 0.00281503 -0.000842055
 -0.000152453 -0.00148349 0.00334355 -0.00108688
 -0.000195767 -4.64048e-06 0.00327394 -0.00121663
 -0.000240591 0.00232199 0.00226741 -0.00106851
 -0.000259723 0.00494032 0.000258379 -0.000526772
 -0.000112303 -0.00203117 0.00290065 -0.000851067
 -0.000184214 0.00121544 0.00375372 -0.00146469
 -0.000240645 0.00256237 0.00366564 -0.00159857
 -0.000304242 0.00391904 0.00301709 -0.00152868
 -0.000361914 0.00598459 0.00135834 -0.00111411
 -0.000368203 0.00850289 -0.00134359 -0.000279137
 -0.00030113 0.00362041 0.00392261 -0.00183941
 -0.000367178 0.00699072 0.00254387 -0.00168664
 -0.000432167 0.0106287 0.000165692 -0.00116961
 -0.00047464 0.0132405 -0.00274485 -0.000293764
 -0.000430562 0.0147911 -0.00581918 0.00083245
 -0.000440961 0.00917882 0.0011705 -0.00142897
 -0.000499693 0.0132117 -0.00187034 -0.000677325
 -0.000513676 0.0170626 -0.00589649 0.000543911
 -0.00041386 0.018872 -0.00951439 0.00190042
 -0.000546928 0.0157768 -0.00463595 0.000137898
 -0.000521042 0.0197027 -0.00909659 0.00155975
 -0.000338306 0.0222792 -0.0134516 0.0031708
 -0.000446794 0.0216741 -0.0125113 0.00279123
 -0.000168428 0.0238196 -0.0166077 0.00437084
 0.000195612 0.0233951 -0.0182968 0.00517767


