**************************************************************
***  MERIS LUT-169: Fourier series terms (s0,..,s5)[TERM]] ***
***                 of polynomial coefficients (k0,..,k3)  ***
***                 for each of 81 aerosol models [IAER],  ***
***                 & for each of 78 geometries [SVZA]     ***
***  - - - - - - - - - - - - - - - - - - - - - - - - - - - ***
***  => useful for multiplicative aer.scat.fct. retrieval  ***
**************************************************************

12 Gaussian angles (deg): SZA/VZA
------------------------         

 2.84 17.64 28.77 36.19 43.61 51.03 58.46 65.88 69.59 73.30 77.01 80.72

Coefficients: [SVZA x (k0,k1,k2,k3)]
------------                        

 Aerosol model #18
 - - - - - - -  

Fourier series term #0
 1.01803 1.40974 0.666131 -0.0940785
 1.01935 1.48379 0.725709 -0.111118
 1.02192 1.63906 0.83389 -0.14555
 1.02426 1.79281 0.923305 -0.181059
 1.02717 2.01565 1.01552 -0.228792
 1.0299 2.30336 1.0601 -0.281855
 1.03113 2.65886 0.971875 -0.319964
 1.02873 3.08995 0.613567 -0.294612
 1.02563 3.32646 0.270043 -0.228527
 1.02228 3.55776 -0.216349 -0.103758
 1.02314 3.73482 -0.835648 0.0916118
 1.04153 3.72079 -1.45357 0.327753
 1.0211 1.57213 0.796379 -0.133519
 1.02371 1.73829 0.901285 -0.171379
 1.02609 1.90858 0.9845 -0.20952
 1.02865 2.13064 1.05095 -0.25617
 1.03086 2.41383 1.05805 -0.304244
 1.03158 2.76686 0.930935 -0.334136
 1.02879 3.18229 0.542555 -0.298517
 1.02567 3.40474 0.194482 -0.22867
 1.02248 3.6197 -0.2853 -0.103058
 1.02363 3.7806 -0.886462 0.0891248
 1.04202 3.7559 -1.48096 0.319202
 1.02537 1.92613 0.982719 -0.209249
 1.02735 2.10639 1.03947 -0.247936
 1.02921 2.33227 1.06302 -0.291198
 1.03044 2.61435 1.01521 -0.330801
 1.02986 2.94878 0.826977 -0.345717
 1.02578 3.33441 0.393345 -0.292837
 1.02218 3.541 0.0360218 -0.216095
 1.0187 3.74016 -0.4416 -0.0863294
 1.0198 3.88664 -1.02896 0.106175
 1.03826 3.85264 -1.6023 0.333165
 1.02922 2.29094 1.04256 -0.270682
 1.03067 2.52295 1.02205 -0.304796
 1.03118 2.79496 0.918721 -0.329009
 1.02975 3.1166 0.677927 -0.324591
 1.02483 3.48024 0.202192 -0.249718
 1.02098 3.67443 -0.168072 -0.162557
 1.01752 3.86172 -0.650639 -0.0242393
 1.01908 3.99861 -1.23382 0.173591
 1.03854 3.95631 -1.79409 0.401713
 1.03273 2.72532 0.979039 -0.338786
 1.03249 2.9867 0.832142 -0.350747
 1.0301 3.28328 0.549789 -0.329894
 1.02438 3.62624 0.0471152 -0.23844
 1.02036 3.80932 -0.32965 -0.143688
 1.01709 3.98373 -0.811052 0.000273498
 1.01939 4.10567 -1.38237 0.199949
 1.04028 4.04751 -1.91896 0.424571
 1.03119 3.22396 0.637434 -0.345044
 1.02774 3.50871 0.317681 -0.305848
 1.02115 3.83154 -0.21455 -0.193963
 1.01703 4.00766 -0.599187 -0.0900577
 1.01416 4.17468 -1.08183 0.061292
 1.01762 4.28423 -1.64337 0.264578
 1.04065 4.20636 -2.1549 0.486525
 1.0232 3.77105 -0.0398436 -0.24378
 1.01613 4.09077 -0.597466 -0.11065
 1.0123 4.25632 -0.989249 0.00393342
 1.01048 4.41278 -1.47009 0.16324
 1.01621 4.50708 -2.01519 0.369041
 1.04294 4.40307 -2.48867 0.584612
 1.00942 4.39017 -1.17473 0.0464715
 1.00674 4.55789 -1.57045 0.171452
 1.00735 4.69966 -2.04034 0.337298
 1.01734 4.76011 -2.54774 0.540327
 1.05037 4.60963 -2.95075 0.738904
 1.00543 4.70484 -1.95751 0.300038
 1.00829 4.83914 -2.41247 0.465909
 1.02187 4.87998 -2.88663 0.662136
 1.05966 4.68817 -3.22739 0.842644
 1.01457 4.93878 -2.83408 0.627323
 1.03308 4.95021 -3.25502 0.808994
 1.07703 4.71348 -3.51222 0.961888
 1.0581 4.89428 -3.5777 0.959805
 1.10908 4.60222 -3.72069 1.07109
 1.16574 4.22618 -3.70328 1.12096

Fourier series term #1
 -0.000224049 -0.0169714 -0.00848085 0.00118138
 -0.000176405 -0.00983332 -0.00745203 0.00107199
 -0.000256909 -0.0131174 -0.0100579 0.00172248
 -0.000359156 -0.0192082 -0.0124492 0.00251244
 -0.000466492 -0.0264507 -0.0130107 0.00323452
 -0.00049283 -0.0290806 -0.00718221 0.00270587
 -0.000499668 -0.030682 0.00398445 0.000626592
 -0.000536655 -0.0285416 0.0197881 -0.00363165
 -0.000608336 -0.0245214 0.0278617 -0.00647159
 -0.000783199 -0.0172662 0.0336462 -0.00913738
 -0.00111821 -0.00591611 0.0342187 -0.0105735
 -0.00159772 0.00963294 0.0262628 -0.00921803
 -0.00103321 -0.0501909 -0.0408095 0.00677416
 -0.00183899 -0.0935514 -0.0652608 0.0127413
 -0.00235539 -0.123927 -0.0720701 0.0164849
 -0.00279407 -0.153808 -0.0626979 0.0181435
 -0.00308287 -0.178802 -0.0277577 0.0144021
 -0.00318976 -0.185956 0.0404242 0.000342576
 -0.00342509 -0.162684 0.131926 -0.0264599
 -0.00393564 -0.133302 0.17432 -0.0426465
 -0.00501649 -0.086763 0.201917 -0.0571841
 -0.00698321 -0.0187381 0.198838 -0.0639967
 -0.00966733 0.0708752 0.148238 -0.0547998
 -0.00288821 -0.160167 -0.0890712 0.0201043
 -0.00359447 -0.20488 -0.0864042 0.023694
 -0.00420705 -0.248104 -0.0578908 0.0227579
 -0.00462149 -0.275835 0.00819182 0.0120575
 -0.00498994 -0.27705 0.111569 -0.0128562
 -0.00583512 -0.226643 0.233307 -0.0531411
 -0.00689499 -0.172392 0.283297 -0.0755748
 -0.00883967 -0.0937977 0.30736 -0.0935809
 -0.0119997 0.012662 0.284922 -0.0986594
 -0.0158855 0.14527 0.196247 -0.0801976
 -0.00443916 -0.258085 -0.0690124 0.024353
 -0.00510465 -0.300652 -0.0204095 0.0186417
 -0.00564323 -0.324511 0.0643478 0.00194033
 -0.00622967 -0.307932 0.181621 -0.0297222
 -0.00762839 -0.233376 0.300828 -0.0733064
 -0.00914324 -0.16421 0.341089 -0.0947564
 -0.011652 -0.0675044 0.348537 -0.10917
 -0.0153886 0.0603174 0.301706 -0.107286
 -0.019494 0.21456 0.182149 -0.0783686
 -0.00596921 -0.337804 0.0459476 0.00718927
 -0.00660156 -0.345513 0.147349 -0.0175827
 -0.00753431 -0.310887 0.267613 -0.0553817
 -0.00961545 -0.208913 0.373081 -0.100982
 -0.0116305 -0.126176 0.397954 -0.120266
 -0.0146712 -0.0158878 0.384321 -0.129832
 -0.0187842 0.125206 0.311982 -0.120447
 -0.0226696 0.289348 0.16691 -0.0826122
 -0.00755265 -0.334727 0.251828 -0.0486286
 -0.00916072 -0.272362 0.358627 -0.0888821
 -0.0123467 -0.145258 0.428708 -0.129229
 -0.0150059 -0.0473388 0.428005 -0.142435
 -0.0186417 0.0770035 0.384034 -0.143099
 -0.0230185 0.228469 0.279147 -0.122401
 -0.0262884 0.394679 0.106516 -0.0732016
 -0.0117083 -0.186196 0.431162 -0.12456
 -0.016249 -0.0297993 0.448389 -0.152885
 -0.0195828 0.0779075 0.413955 -0.155803
 -0.0236702 0.212069 0.333419 -0.143826
 -0.0279147 0.368708 0.193462 -0.109211
 -0.0298099 0.528695 -0.00332317 -0.048141
 -0.0221865 0.145494 0.396061 -0.15998
 -0.0260436 0.266137 0.320746 -0.148496
 -0.0301735 0.403575 0.200154 -0.120156
 -0.033479 0.551894 0.0286647 -0.0700364
 -0.0328295 0.68955 -0.180317 0.00101507
 -0.0299309 0.382972 0.225456 -0.128226
 -0.0336981 0.521751 0.0854176 -0.0910309
 -0.0359402 0.661692 -0.0971518 -0.03388
 -0.0332296 0.77625 -0.300427 0.0390224
 -0.0366353 0.645879 -0.0663577 -0.0457434
 -0.0371523 0.772982 -0.253037 0.0164351
 -0.0316757 0.860073 -0.441009 0.0877646
 -0.0349546 0.864323 -0.420714 0.0764541
 -0.0260496 0.915387 -0.578029 0.140378
 -0.0135861 0.909186 -0.675461 0.185938

Fourier series term #2
 -6.14381e-05 -0.00480536 -0.00226973 0.000320664
 -2.18755e-06 -0.000186049 -0.00010897 1.47808e-05
 2.14255e-06 0.000139652 -3.14847e-05 -1.89855e-06
 2.47461e-06 0.000152776 -0.000143051 1.2988e-05
 1.39677e-06 5.88466e-05 -0.000403844 6.20009e-05
 2.81751e-07 -9.10264e-05 -0.000763341 0.000149936
 -2.32007e-06 -0.000621773 -0.00121654 0.000302345
 1.18466e-05 -0.000185426 -0.00112272 0.000312427
 1.7725e-05 -0.000323466 -0.00105133 0.000322601
 2.10742e-05 -0.00105213 -0.000808194 0.000304912
 2.20257e-05 -0.001897 -0.000210141 0.000165071
 1.12868e-05 -0.00206381 0.00044424 -5.72306e-05
 2.05883e-05 0.000732395 -0.000797016 3.02005e-05
 7.2095e-05 0.00339721 -0.00296391 0.000213862
 9.52385e-05 0.00429699 -0.00769781 0.000956874
 7.33276e-05 0.000894608 -0.0174816 0.00300569
 6.15485e-05 -0.00571658 -0.0304678 0.00648612
 0.000163702 -0.0134207 -0.0412798 0.0105464
 0.000445591 -0.0259902 -0.0433977 0.0134881
 0.000672694 -0.0350498 -0.0381178 0.0133777
 0.000937829 -0.0450043 -0.0267558 0.0111865
 0.00111896 -0.0539273 -0.00942489 0.00638039
 0.00087125 -0.0576888 0.00977061 -0.000229555
 0.000143075 0.00568916 -0.0138218 0.00183497
 0.000176151 0.0038972 -0.0293032 0.00484229
 0.000200759 -0.00440239 -0.0529699 0.0105681
 0.000328812 -0.0182371 -0.0797468 0.018842
 0.000657129 -0.0448857 -0.101814 0.0287049
 0.00143366 -0.0830053 -0.100108 0.0345937
 0.00203933 -0.104589 -0.0832617 0.0329784
 0.00270702 -0.126439 -0.0532 0.0264293
 0.00313157 -0.145214 -0.0111008 0.0141379
 0.00249928 -0.151963 0.033586 -0.00185964
 0.000223579 -0.00212364 -0.0542948 0.0101563
 0.00033404 -0.014901 -0.0869488 0.0188624
 0.000575513 -0.0420597 -0.122085 0.0309246
 0.00119366 -0.0831663 -0.143784 0.0430181
 0.00243798 -0.142312 -0.130613 0.0482523
 0.00335206 -0.175324 -0.102109 0.0442183
 0.00432664 -0.207366 -0.0558416 0.0332138
 0.00489207 -0.232932 0.0059515 0.0143435
 0.00385127 -0.240083 0.0692414 -0.00907065
 0.000437639 -0.0382807 -0.130655 0.0324699
 0.000893512 -0.0777547 -0.168731 0.047993
 0.00185421 -0.139203 -0.186047 0.0620628
 0.0036878 -0.21524 -0.155426 0.0646501
 0.00493499 -0.258152 -0.113529 0.0572895
 0.00619654 -0.300772 -0.0502345 0.0411828
 0.00683529 -0.33526 0.0315651 0.0152961
 0.00524671 -0.344595 0.113577 -0.0159454
 0.00170763 -0.137187 -0.202676 0.0655059
 0.00326454 -0.214474 -0.204965 0.0778138
 0.00578903 -0.312113 -0.151302 0.0751845
 0.00737667 -0.363672 -0.0939439 0.0630651
 0.00886944 -0.414029 -0.0132716 0.040841
 0.00943998 -0.455245 0.0869474 0.00769744
 0.00707677 -0.466911 0.185193 -0.0309613
 0.00553809 -0.313487 -0.186024 0.0856978
 0.00877221 -0.426543 -0.104366 0.0743622
 0.0106025 -0.489565 -0.031273 0.056746
 0.0121375 -0.548189 0.0658666 0.0279426
 0.0123258 -0.593428 0.181121 -0.012138
 0.00877196 -0.602644 0.289102 -0.0566188
 0.0124921 -0.562053 0.00773956 0.0519534
 0.0143056 -0.62885 0.0952955 0.0276422
 0.0154652 -0.693146 0.204549 -0.00723142
 0.0146992 -0.743421 0.329246 -0.0526971
 0.00924535 -0.746891 0.437307 -0.0998826
 0.015903 -0.703319 0.189098 0.000588788
 0.0165653 -0.766157 0.300995 -0.036733
 0.0149023 -0.812321 0.423354 -0.0828429
 0.00818976 -0.811021 0.524875 -0.128835
 0.0164094 -0.834695 0.415345 -0.0757148
 0.0135743 -0.871206 0.52874 -0.120315
 0.00516672 -0.858319 0.614267 -0.161708
 0.0091433 -0.906478 0.632596 -0.161981
 -0.00119075 -0.876024 0.691296 -0.194321
 -0.0132945 -0.83678 0.724548 -0.216505

Fourier series term #3
 -3.33094e-06 -0.000261373 -0.000122456 1.73725e-05
 3.72938e-06 0.000283859 0.000140758 -2.15414e-05
 -3.43846e-06 -0.000253979 -0.000128293 2.25294e-05
 2.31224e-07 1.90515e-05 1.45554e-05 -2.72875e-06
 3.62415e-06 0.000273239 0.000146142 -3.26552e-05
 -5.18859e-06 -0.000384978 -0.000170587 4.53448e-05
 1.3842e-06 0.00015056 5.87521e-05 -1.97113e-05
 2.92501e-06 0.000379946 6.98352e-05 -3.56369e-05
 -2.39412e-06 -0.000217069 -3.19981e-05 1.81855e-05
 -4.74262e-06 -0.000654716 1.85434e-05 2.46326e-05
 -2.86403e-06 -0.000398336 6.52822e-05 -3.0663e-06
 3.54105e-06 0.000314596 -0.000143567 3.37237e-05
 6.43816e-06 0.000456664 0.000371503 -5.71485e-05
 -2.08475e-05 -0.00147575 -0.000217884 6.19865e-05
 1.55685e-05 0.00132636 0.00176271 -0.000337059
 3.36464e-05 0.00313289 0.00311999 -0.000709962
 -5.50112e-06 0.00126645 0.00200774 -0.000554687
 -2.75051e-05 0.00123378 0.000583284 -0.000328588
 -1.69348e-05 0.00359477 -0.0016691 0.000132117
 -2.49421e-06 0.00400491 -0.00346716 0.000663803
 3.29506e-05 0.00369747 -0.00519799 0.00129404
 0.000105734 0.00265376 -0.00620231 0.00179852
 0.000218488 0.000787058 -0.0057665 0.0018704
 2.54281e-05 0.00251966 0.00355282 -0.000672166
 4.4965e-05 0.00528013 0.00646835 -0.00140461
 1.18562e-05 0.00537543 0.00725066 -0.00184217
 -8.78824e-06 0.00883502 0.00677957 -0.00223683
 -5.73056e-05 0.0108429 0.000788861 -0.00119882
 -4.39249e-05 0.0121685 -0.0100485 0.00172472
 3.88118e-05 0.0126149 -0.0160092 0.00371357
 0.000209742 0.0114769 -0.0210616 0.00576426
 0.000506591 0.00739884 -0.023261 0.0072283
 0.000922923 0.00030538 -0.0203671 0.00708434
 3.04642e-05 0.00691047 0.00903004 -0.00217535
 2.13816e-05 0.0120323 0.0109762 -0.00319674
 -3.98758e-05 0.0158322 0.0070688 -0.00303007
 -6.94917e-05 0.0224074 -0.00335665 -0.00110039
 4.40823e-06 0.0236557 -0.0215681 0.00411911
 0.000169436 0.0208887 -0.0308859 0.00754465
 0.000493579 0.0152916 -0.037377 0.010618
 0.00103115 0.00762863 -0.0386036 0.0122546
 0.00174295 -0.00320558 -0.0321223 0.0112504
 -7.61422e-06 0.0182903 0.0104031 -0.00395828
 -5.21617e-05 0.0279562 0.00288459 -0.00315985
 -7.83156e-05 0.0345376 -0.0155651 0.00120016
 0.000123256 0.0356489 -0.0406422 0.00918149
 0.000430244 0.0308968 -0.052456 0.0139951
 0.000976062 0.0212798 -0.0597554 0.0180871
 0.00182019 0.00728794 -0.0587889 0.0198113
 0.00286405 -0.0098896 -0.0468476 0.0175244
 -9.90877e-05 0.0386537 -0.0121499 -0.000123773
 -1.35283e-05 0.047108 -0.0367781 0.0066331
 0.000453438 0.0426845 -0.0665283 0.0174588
 0.00100439 0.0361341 -0.0782328 0.0229363
 0.00187463 0.0240864 -0.0837086 0.027087
 0.00310943 0.00558277 -0.0785243 0.0280054
 0.00453881 -0.0179225 -0.0595263 0.0237333
 0.000309171 0.0500677 -0.0660058 0.0161879
 0.00126753 0.0450482 -0.0945902 0.0279884
 0.00216761 0.0330115 -0.103276 0.033413
 0.00343878 0.0175553 -0.103812 0.036498
 0.00510424 -0.00348145 -0.0922222 0.0354608
 0.00687254 -0.0290258 -0.0662218 0.0286505
 0.00290905 0.0307163 -0.116042 0.0392643
 0.00423586 0.0211193 -0.11899 0.0427684
 0.00597079 0.00292966 -0.111974 0.0433933
 0.00802542 -0.0223649 -0.0915296 0.0392631
 0.00999178 -0.0483358 -0.0578774 0.0290421
 0.00582241 0.00455723 -0.116732 0.0450679
 0.00777251 -0.0111433 -0.105847 0.0437867
 0.00990185 -0.0333622 -0.0829094 0.0381601
 0.0118192 -0.0601238 -0.0457115 0.026284
 0.00985647 -0.0325366 -0.0885206 0.0404009
 0.0119913 -0.0500514 -0.0636448 0.0330729
 0.0136846 -0.0706874 -0.0279193 0.0207283
 0.0137424 -0.0703517 -0.0350321 0.024123
 0.0150514 -0.0806984 -0.00554517 0.0128999
 0.0159109 -0.0912348 0.0236279 0.00143937

Fourier series term #4
 1.90454e-06 0.000149447 7.04626e-05 -9.89144e-06
 1.74492e-06 0.000134944 6.57105e-05 -1.0056e-05
 -1.09751e-06 -8.45448e-05 -4.25646e-05 7.39421e-06
 2.50027e-06 0.000181725 9.40662e-05 -1.84341e-05
 -1.67617e-06 -0.000129626 -6.55203e-05 1.47952e-05
 -6.86535e-07 -6.97997e-05 -3.21839e-05 8.46738e-06
 3.88222e-06 0.000292421 0.000110107 -3.60346e-05
 -1.93264e-06 -0.000291797 -5.48131e-05 2.69766e-05
 -1.8325e-06 -0.000381366 -3.05634e-05 2.59523e-05
 1.15733e-06 -5.40929e-05 2.51504e-06 1.62615e-06
 4.18667e-06 0.000375884 -8.20922e-05 8.4394e-06
 6.77148e-06 0.000412907 -0.000155638 3.43906e-05
 -7.91785e-07 -9.60552e-05 -2.38845e-05 4.48636e-06
 -8.17269e-06 -0.000632315 -0.00032989 6.33404e-05
 -1.57951e-05 -0.00118195 -0.000612365 0.000133939
 1.21595e-05 0.000868477 0.000567176 -0.000120632
 1.22826e-05 0.000842646 0.000737056 -0.000172859
 -6.17219e-06 -0.000548831 0.000396618 -6.58187e-05
 -1.29248e-05 -0.000512528 0.00074717 -0.000179583
 -1.67426e-05 -0.000191465 0.0008307 -0.00023696
 -2.16217e-05 0.000289196 0.000706978 -0.000242438
 -2.58578e-05 0.000748781 0.000350524 -0.000163312
 -2.19897e-05 0.000920517 -8.22409e-05 -2.38699e-05
 -1.21632e-05 -0.000996218 -0.000476213 0.000113097
 1.45343e-05 0.000971076 0.000806569 -0.000146881
 1.08109e-05 0.000417637 0.00130661 -0.000236918
 1.80716e-05 0.00146225 0.00312201 -0.000712154
 -1.75766e-05 0.000203481 0.00414803 -0.00104026
 -7.89918e-05 -0.000806192 0.00464294 -0.00131927
 -0.000114058 0.000119334 0.00455937 -0.00145076
 -0.000153128 0.00180521 0.00370526 -0.00137477
 -0.000183142 0.00340117 0.00189309 -0.000922987
 -0.000163722 0.00419311 -0.000293334 -0.000198243
 1.88017e-05 0.000941347 0.00164101 -0.000290633
 2.96461e-05 0.00193228 0.00388613 -0.000804619
 -5.98094e-06 0.000197369 0.00593685 -0.0013234
 -5.2105e-05 0.00163374 0.00924089 -0.00247595
 -0.000177129 0.0024339 0.010118 -0.00318272
 -0.000262008 0.00304477 0.00900005 -0.00309712
 -0.000344334 0.00507343 0.00658354 -0.00261716
 -0.000403465 0.00753056 0.00287819 -0.00160286
 -0.000372577 0.00831893 -0.000973698 -0.000260224
 9.90559e-06 0.000457649 0.00686308 -0.00151666
 -1.69933e-05 0.00222397 0.0121858 -0.00314248
 -0.000140633 0.00256293 0.0162188 -0.00474516
 -0.00034333 0.00864794 0.0170518 -0.00603479
 -0.000495533 0.0109752 0.0145336 -0.00573595
 -0.000648809 0.0131983 0.00988443 -0.00460198
 -0.00075153 0.014566 0.00380231 -0.0026856
 -0.0007065 0.0140176 -0.00187157 -0.000515948
 -0.000123447 0.00274126 0.0184633 -0.00526877
 -0.00031243 0.00950865 0.0238988 -0.00794615
 -0.000677954 0.0161177 0.0222923 -0.00882291
 -0.000914319 0.0210167 0.0179936 -0.00818417
 -0.00115616 0.0249437 0.0110121 -0.00637646
 -0.00131523 0.0268966 0.00221455 -0.00345708
 -0.00124197 0.0251561 -0.00559475 -0.000254859
 -0.00063879 0.0162159 0.0273282 -0.010345
 -0.00119853 0.0289193 0.0232753 -0.0109837
 -0.00151779 0.0323083 0.0172048 -0.00961017
 -0.00185808 0.0371996 0.00812575 -0.00703976
 -0.00206608 0.0399292 -0.00254546 -0.00333523
 -0.00199147 0.0386382 -0.0121179 0.000705376
 -0.00199082 0.0391232 0.0161601 -0.0102868
 -0.00244745 0.0482623 0.00789688 -0.00843877
 -0.00285983 0.052193 -0.00171401 -0.00544266
 -0.00313357 0.0526338 -0.0124041 -0.00121485
 -0.00304249 0.0496505 -0.0210738 0.00281626
 -0.00292653 0.0504331 0.00121687 -0.00643927
 -0.00338053 0.0584074 -0.00966125 -0.00318603
 -0.00366604 0.0602568 -0.0204042 0.00101299
 -0.00357163 0.0545903 -0.0271949 0.00471874
 -0.00382499 0.0589865 -0.0170964 -0.000364245
 -0.00411382 0.0637166 -0.0281819 0.00375581
 -0.00396388 0.0601761 -0.0350112 0.00733301
 -0.00452612 0.0612102 -0.0340892 0.00668004
 -0.0043172 0.0603151 -0.0404439 0.00973324
 -0.00412037 0.0518516 -0.0393257 0.0105343

Fourier series term #5
 5.23158e-07 4.11677e-05 1.93279e-05 -2.7101e-06
 -6.33806e-07 -4.75908e-05 -2.37159e-05 3.66626e-06
 8.60286e-07 6.42998e-05 3.29982e-05 -5.75115e-06
 -5.50921e-08 -2.25433e-06 -1.67936e-06 4.02321e-07
 -1.03492e-06 -7.60773e-05 -3.87462e-05 8.7296e-06
 1.49559e-06 0.000113629 5.26244e-05 -1.39926e-05
 -4.69114e-07 -4.21783e-05 -1.41136e-05 4.7886e-06
 -9.74305e-07 -0.000112223 -2.46915e-05 1.13258e-05
 6.60701e-07 7.04498e-05 3.15903e-06 -4.11755e-06
 1.41488e-06 0.000205458 -1.23278e-05 -6.01549e-06
 8.67983e-07 0.000128595 -2.61553e-05 2.40508e-06
 -9.32953e-07 -9.15881e-05 3.76731e-05 -8.61931e-06
 -2.34755e-05 -0.00180279 -0.000879866 0.000147808
 1.00585e-05 0.000728816 0.000386785 -7.33915e-05
 -1.15854e-05 -0.000867448 -0.0004619 9.66071e-05
 -3.11379e-06 -0.000220219 -0.000147083 3.39235e-05
 7.82532e-06 0.000621734 0.000275423 -7.70936e-05
 6.18851e-08 -5.20183e-05 -3.47992e-05 1.20675e-05
 1.18151e-06 -4.29064e-05 -3.0233e-05 1.29044e-05
 3.10362e-07 -0.000167255 1.88246e-06 1.08573e-05
 -1.20861e-06 -0.000276646 8.98451e-05 -1.0324e-05
 -3.01825e-06 -0.000191532 0.000160793 -4.01697e-05
 -4.28458e-06 4.84563e-05 0.0001023 -3.57776e-05
 -5.28384e-06 -0.000422305 -0.000250144 5.04171e-05
 1.84427e-06 0.000208537 -4.61339e-05 3.94984e-06
 -1.37435e-05 -0.00120859 -0.000768703 0.000195517
 1.66844e-05 0.00119564 0.000315208 -0.000106594
 2.05884e-05 0.00134704 0.000401501 -0.000143227
 4.56348e-06 -0.000882122 0.000122865 3.69e-05
 1.5299e-06 -0.00136191 0.000413343 -2.29517e-05
 -3.19723e-06 -0.00114619 0.000818116 -0.000173
 -1.6515e-05 -0.000725164 0.00105062 -0.000296137
 -3.73364e-05 -0.000225475 0.000965206 -0.00031802
 -1.06317e-05 -0.000910959 -0.000683737 0.000161127
 1.49776e-05 0.00100114 2.69772e-05 -2.54881e-05
 1.64764e-05 0.000465818 -0.000238675 6.7043e-05
 3.01732e-05 0.00117426 0.000496829 -0.000126533
 2.10018e-05 -0.000121395 0.0011104 -0.000248482
 5.73476e-06 -0.00154314 0.00160015 -0.000339512
 -1.64783e-05 -0.0021886 0.00229493 -0.000558311
 -5.17277e-05 -0.00176725 0.00268701 -0.000763619
 -9.63436e-05 -0.000518043 0.00225072 -0.000731518
 1.58773e-05 0.000328458 -0.000461182 0.00012782
 4.07857e-05 0.00146825 0.000291393 -6.42815e-05
 3.87873e-05 -0.000510178 0.000811078 -8.77014e-05
 2.943e-05 -0.000418665 0.00308929 -0.00080277
 3.57048e-06 -0.000533398 0.00404382 -0.00116315
 -4.40247e-05 -0.000891795 0.00473575 -0.00145525
 -0.000112682 -0.00107439 0.00493387 -0.00160293
 -0.00018521 -0.000114857 0.00404039 -0.001419
 4.45985e-05 -0.000733127 0.000545171 1.51483e-05
 5.8435e-05 -0.000307853 0.00313395 -0.000741168
 1.28341e-05 -0.00210659 0.00607178 -0.0016609
 -3.72488e-05 -0.000626621 0.00737834 -0.00231193
 -0.000117176 0.00147427 0.00756856 -0.00267571
 -0.000226595 0.00318508 0.00655678 -0.00257686
 -0.00032393 0.00455759 0.00438755 -0.00195584
 2.16932e-05 -0.0030837 0.00607004 -0.0015086
 -3.39944e-05 0.000722628 0.00972338 -0.00320897
 -0.00014469 0.000963866 0.0105204 -0.00367384
 -0.000242828 0.00334405 0.0102139 -0.00396108
 -0.000418866 0.0079396 0.00713784 -0.00335484
 -0.000476637 0.0115377 0.00274209 -0.00205805
 -0.000205041 0.0017356 0.0123501 -0.0045307
 -0.000346748 0.00766716 0.0112432 -0.00484109
 -0.000506863 0.0120785 0.00855211 -0.0044455
 -0.000649603 0.0147829 0.00453249 -0.00326359
 -0.000676393 0.0187431 -0.00165584 -0.00121436
 -0.000479235 0.00827884 0.0106435 -0.00488601
 -0.00065913 0.0167936 0.00557826 -0.00391421
 -0.000770005 0.0218132 -0.000240156 -0.00222735
 -0.000714088 0.0238441 -0.0062238 1.81543e-05
 -0.000780774 0.0179452 0.00278375 -0.00307441
 -0.000839024 0.0272546 -0.00612616 -0.000506987
 -0.000653571 0.0311174 -0.01365 0.00226227
 -0.000784644 0.0278987 -0.0102691 0.00110918
 -0.000393462 0.0348071 -0.0198513 0.00442956
 2.4517e-05 0.0328937 -0.0226239 0.00595434


