**************************************************************
***  MERIS LUT-169: Fourier series terms (s0,..,s5)[TERM]] ***
***                 of polynomial coefficients (k0,..,k3)  ***
***                 for each of 81 aerosol models [IAER],  ***
***                 & for each of 78 geometries [SVZA]     ***
***  - - - - - - - - - - - - - - - - - - - - - - - - - - - ***
***  => useful for multiplicative aer.scat.fct. retrieval  ***
**************************************************************

12 Gaussian angles (deg): SZA/VZA
------------------------         

 2.84 17.64 28.77 36.19 43.61 51.03 58.46 65.88 69.59 73.30 77.01 80.72

Coefficients: [SVZA x (k0,k1,k2,k3)]
------------                        

 Aerosol model #25
 - - - - - - -  

Fourier series term #0
 1.02423 1.59027 0.368254 -0.0774719
 1.02483 1.64687 0.393236 -0.0867509
 1.02587 1.75139 0.430831 -0.103404
 1.02678 1.85422 0.456108 -0.119107
 1.02779 1.98939 0.468614 -0.137344
 1.02869 2.15967 0.4449 -0.153979
 1.02895 2.36708 0.34251 -0.15808
 1.02751 2.60743 0.0880117 -0.123255
 1.02586 2.73374 -0.130686 -0.0750861
 1.02417 2.85212 -0.429547 0.00658661
 1.0251 2.93256 -0.803736 0.128836
 1.03681 2.89058 -1.17438 0.274272
 1.02615 1.70437 0.425527 -0.100607
 1.02754 1.81421 0.459266 -0.118542
 1.02881 1.9224 0.478496 -0.134967
 1.03029 2.06192 0.47998 -0.153102
 1.03172 2.23401 0.439432 -0.168045
 1.03252 2.43748 0.315868 -0.168211
 1.03153 2.66416 0.0424073 -0.127685
 1.03011 2.77997 -0.180947 -0.0769723
 1.02867 2.88633 -0.478603 0.00600728
 1.02992 2.95464 -0.844497 0.127457
 1.04189 2.90308 -1.2013 0.269921
 1.03175 1.91666 0.508924 -0.148152
 1.03326 2.03415 0.511519 -0.163816
 1.03485 2.18022 0.486973 -0.178852
 1.0362 2.35458 0.411614 -0.187426
 1.03652 2.55176 0.248347 -0.177358
 1.03476 2.76361 -0.0593253 -0.124302
 1.03294 2.86984 -0.293297 -0.0677653
 1.03124 2.96587 -0.594539 0.0195333
 1.03248 3.02365 -0.955124 0.142583
 1.04472 2.96289 -1.29844 0.283475
 1.03291 2.16803 0.471756 -0.166798
 1.03445 2.31798 0.419381 -0.17632
 1.03558 2.48823 0.312147 -0.176838
 1.0356 2.67604 0.118456 -0.156767
 1.03349 2.87505 -0.213327 -0.0924167
 1.03153 2.97495 -0.455741 -0.0301011
 1.02979 3.06525 -0.762192 0.0626268
 1.03112 3.11846 -1.12463 0.190427
 1.04368 3.0537 -1.46523 0.334447
 1.03693 2.45034 0.355035 -0.185061
 1.03776 2.61235 0.218744 -0.176851
 1.03731 2.78659 -0.000571477 -0.146403
 1.03484 2.97254 -0.350195 -0.0713124
 1.03293 3.06579 -0.596839 -0.00419249
 1.03157 3.14859 -0.902542 0.0920958
 1.03388 3.19162 -1.25602 0.220667
 1.04818 3.11301 -1.57745 0.361384
 1.03795 2.76284 0.052322 -0.157132
 1.03691 2.92812 -0.191494 -0.11466
 1.03401 3.10478 -0.559557 -0.0268031
 1.03214 3.19411 -0.811773 0.0463633
 1.03122 3.27183 -1.11825 0.147472
 1.03453 3.30699 -1.46501 0.278325
 1.05058 3.21544 -1.76826 0.41671
 1.03539 3.08343 -0.456891 -0.0585855
 1.03239 3.25663 -0.842245 0.0434261
 1.03088 3.34197 -1.09901 0.123308
 1.03088 3.41332 -1.40397 0.229438
 1.03597 3.43698 -1.73832 0.361431
 1.05485 3.32588 -2.01306 0.494452
 1.03014 3.42227 -1.23964 0.160585
 1.0298 3.50297 -1.49638 0.246704
 1.03183 3.56317 -1.79153 0.356154
 1.04023 3.56461 -2.09765 0.484722
 1.06379 3.41904 -2.31933 0.603903
 1.03059 3.57528 -1.74676 0.334405
 1.03442 3.62498 -2.02815 0.442593
 1.04547 3.60909 -2.30817 0.56517
 1.0724 3.43675 -2.4864 0.671055
 1.04081 3.65514 -2.28381 0.545446
 1.05535 3.61426 -2.5239 0.656707
 1.08639 3.40838 -2.6431 0.742786
 1.07432 3.53536 -2.70227 0.747916
 1.11009 3.286 -2.7399 0.804278
 1.14973 2.98671 -2.6753 0.820641

Fourier series term #1
 -6.4231e-05 -0.00395625 -0.00128058 0.000218868
 -9.25592e-05 -0.004355 -0.00319842 0.000390256
 -0.000155537 -0.00703392 -0.00478274 0.00064037
 -0.000209491 -0.00921153 -0.00529294 0.000773849
 -0.000273272 -0.0114005 -0.00474536 0.000753958
 -0.000345848 -0.0130051 -0.00237021 0.000357598
 -0.000438906 -0.0133895 0.00238296 -0.000693896
 -0.000553258 -0.0107499 0.00923986 -0.00265764
 -0.000638589 -0.00740923 0.0125708 -0.00386741
 -0.000767079 -0.00215326 0.0146458 -0.00491176
 -0.00096421 0.0054138 0.0139063 -0.00522756
 -0.00120753 0.015223 0.00863774 -0.00401835
 -0.000603377 -0.0263683 -0.0191445 0.00255563
 -0.00107443 -0.0452733 -0.0279733 0.00414773
 -0.00144996 -0.058448 -0.0291815 0.0047037
 -0.00188184 -0.0707391 -0.0230809 0.00402118
 -0.00235548 -0.0793358 -0.00593978 0.000822769
 -0.00290102 -0.0774018 0.0242602 -0.00644083
 -0.00350322 -0.0554179 0.0629526 -0.0184829
 -0.00394685 -0.03284 0.0795463 -0.0252473
 -0.00460669 -6.91126e-05 0.0875915 -0.0305452
 -0.00562537 0.0446317 0.0788453 -0.0312212
 -0.00677075 0.099903 0.0455251 -0.0233411
 -0.00211636 -0.0748586 -0.039029 0.0068922
 -0.00279022 -0.0951668 -0.0353818 0.00677887
 -0.00349458 -0.112656 -0.0188703 0.00399752
 -0.00438145 -0.118706 0.0135783 -0.00314823
 -0.0049721 -0.105488 0.0616976 -0.0164267
 -0.0057637 -0.0594816 0.111743 -0.0344991
 -0.00638268 -0.0199375 0.128009 -0.0431417
 -0.00734353 0.0331028 0.129076 -0.0484241
 -0.00867842 0.100386 0.105562 -0.0463807
 -0.0100505 0.179774 0.047717 -0.0316379
 -0.00350844 -0.119668 -0.0227364 0.00436934
 -0.00440744 -0.134735 0.00366194 -0.00101202
 -0.00531358 -0.133784 0.045751 -0.0114261
 -0.00618142 -0.105281 0.0979848 -0.0274938
 -0.00727127 -0.0388922 0.142081 -0.0462013
 -0.00812584 0.0124204 0.14989 -0.0534817
 -0.00927404 0.0773815 0.139032 -0.0560609
 -0.010903 0.157867 0.0976481 -0.0486832
 -0.0122297 0.248151 0.0200452 -0.0270899
 -0.0055445 -0.14204 0.0381659 -0.00914533
 -0.00649702 -0.127631 0.0862758 -0.0229856
 -0.007467 -0.0827024 0.136216 -0.0409806
 -0.00874858 0.00263512 0.166898 -0.0585561
 -0.00971728 0.063264 0.163331 -0.0634998
 -0.0110359 0.137566 0.137291 -0.0619675
 -0.0125317 0.224884 0.0801223 -0.0495906
 -0.0133531 0.318815 -0.0130877 -0.0221072
 -0.00759659 -0.0968297 0.131801 -0.0386339
 -0.00878225 -0.0328921 0.168878 -0.0558662
 -0.0104328 0.0695326 0.175285 -0.0685338
 -0.0116239 0.138444 0.155146 -0.0689743
 -0.0130415 0.219534 0.110806 -0.0616693
 -0.0144898 0.311769 0.034033 -0.0421415
 -0.0146095 0.404592 -0.0741451 -0.00813855
 -0.0103205 0.0474097 0.182813 -0.068845
 -0.0124282 0.16516 0.155911 -0.0727304
 -0.0138136 0.239354 0.116076 -0.06679
 -0.0152855 0.324095 0.0510403 -0.0519136
 -0.0163968 0.416251 -0.0445069 -0.0244894
 -0.0153998 0.501496 -0.164048 0.0158411
 -0.0150125 0.292591 0.0880738 -0.0631185
 -0.0163908 0.369483 0.0269441 -0.0490885
 -0.0176258 0.453383 -0.0588479 -0.0251749
 -0.0178671 0.537627 -0.168584 0.00997011
 -0.015018 0.604843 -0.289241 0.0540458
 -0.0176625 0.444607 -0.0445272 -0.030313
 -0.0184941 0.525003 -0.137881 -0.00238908
 -0.0179184 0.601431 -0.250586 0.0356834
 -0.0137207 0.653821 -0.364896 0.0795953
 -0.0186228 0.596933 -0.234739 0.0287547
 -0.0168837 0.661368 -0.345152 0.0681994
 -0.0110127 0.694941 -0.446774 0.109754
 -0.013516 0.706147 -0.443352 0.105646
 -0.00546833 0.71377 -0.520445 0.140306
 0.00475 0.688512 -0.560599 0.162991

Fourier series term #2
 -1.38459e-05 -0.000909248 -0.000210069 4.4334e-05
 7.99845e-07 2.71028e-05 -2.39146e-06 1.11281e-06
 1.09578e-06 -9.31692e-06 -4.43505e-05 1.06302e-05
 2.21511e-06 -9.30706e-06 -9.53253e-05 2.19738e-05
 3.69619e-06 -3.90191e-05 -0.000189266 4.41537e-05
 5.95528e-06 -9.87111e-05 -0.000326642 8.05552e-05
 8.75806e-06 -0.000255118 -0.000485707 0.000132673
 1.31284e-05 -0.000485069 -0.000559383 0.000175839
 1.56954e-05 -0.000667382 -0.000509223 0.000177745
 1.81205e-05 -0.000894955 -0.000357755 0.000149009
 1.88638e-05 -0.00110839 -9.21708e-05 7.57474e-05
 1.25658e-05 -0.00119532 0.00021733 -3.06043e-05
 1.62723e-05 -1.80963e-05 -0.000509502 0.000128364
 4.94318e-05 -0.000227838 -0.00208698 0.000488334
 8.6094e-05 -0.000787413 -0.00440182 0.00102528
 0.000139034 -0.00204653 -0.00815487 0.00196347
 0.000204224 -0.00512212 -0.0133348 0.00344943
 0.000285743 -0.0111929 -0.0185359 0.00534534
 0.000392504 -0.0214634 -0.0199821 0.00676892
 0.000465609 -0.0280028 -0.0173488 0.00663572
 0.000543479 -0.0348096 -0.0114014 0.00539369
 0.000563886 -0.0406717 -0.00208099 0.00272718
 0.000338505 -0.0430892 0.00850102 -0.000981699
 0.000131754 -0.00119441 -0.00761051 0.0017986
 0.000218163 -0.00316424 -0.0145963 0.00354354
 0.000308114 -0.00880141 -0.0249552 0.00642668
 0.000426034 -0.0193291 -0.0370711 0.0104033
 0.000549113 -0.0376883 -0.0465739 0.0147838
 0.000772828 -0.0638628 -0.0444184 0.0170058
 0.000947454 -0.0787721 -0.0353255 0.0158414
 0.00113194 -0.093461 -0.0192495 0.012128
 0.00117611 -0.105542 0.00347183 0.00533777
 0.000618558 -0.109605 0.0276783 -0.0034412
 0.000369732 -0.00898122 -0.025885 0.00649936
 0.000520735 -0.0199955 -0.0407269 0.0109647
 0.000670022 -0.0403798 -0.0558315 0.0166228
 0.000870687 -0.0704351 -0.063746 0.0218301
 0.00122791 -0.109181 -0.0532533 0.0229773
 0.00149555 -0.130033 -0.036951 0.0201284
 0.00177736 -0.150017 -0.0114836 0.0136872
 0.00182606 -0.165858 0.0220775 0.00317796
 0.00100168 -0.170475 0.056641 -0.00982797
 0.000627492 -0.0400569 -0.0600049 0.0176024
 0.000779455 -0.0711967 -0.075205 0.0246224
 0.00101256 -0.114095 -0.0779009 0.0299316
 0.00148578 -0.164067 -0.0559428 0.0289374
 0.00182477 -0.189914 -0.0316172 0.0239545
 0.00213235 -0.214128 0.00314043 0.0145981
 0.00208858 -0.232798 0.0468287 0.000381925
 0.000797773 -0.236533 0.0897177 -0.0163231
 0.000977726 -0.115661 -0.0851603 0.0317275
 0.00133509 -0.169889 -0.0773375 0.0353113
 0.00198124 -0.230961 -0.0403497 0.0305541
 0.00239775 -0.261309 -0.00711288 0.0227804
 0.00273087 -0.289304 0.0372843 0.00999289
 0.00253086 -0.310245 0.0904207 -0.00805307
 0.00071247 -0.313002 0.140661 -0.0283862
 0.00185038 -0.23543 -0.0552654 0.0354967
 0.00267252 -0.305043 -0.00166846 0.0255446
 0.00311528 -0.3399 0.0405254 0.0145445
 0.00336227 -0.371345 0.09374 -0.00181178
 0.00284646 -0.393769 0.154524 -0.0234429
 0.000277623 -0.39423 0.208885 -0.0464981
 0.00350422 -0.383599 0.0688852 0.00932581
 0.00384127 -0.421059 0.118841 -0.00513066
 0.0037718 -0.454457 0.178414 -0.0246868
 0.00262476 -0.477135 0.243213 -0.0489364
 -0.00106729 -0.473172 0.296211 -0.0729167
 0.00399449 -0.460479 0.172015 -0.021171
 0.00361053 -0.493493 0.232998 -0.0419319
 0.00195371 -0.514176 0.2967 -0.0665253
 -0.00251124 -0.506396 0.345273 -0.0895615
 0.00273792 -0.526345 0.293903 -0.0632811
 0.000375825 -0.543272 0.353364 -0.0870754
 -0.0050359 -0.529031 0.393082 -0.107476
 -0.00293983 -0.55574 0.405369 -0.10866
 -0.00938298 -0.533127 0.431868 -0.124576
 -0.0168245 -0.502027 0.441589 -0.134142

Fourier series term #3
 -1.61197e-06 -0.000106007 -2.42758e-05 5.1218e-06
 5.22598e-07 3.43905e-05 8.48592e-06 -1.88041e-06
 -2.82413e-07 -1.88688e-05 -3.52952e-06 8.92372e-07
 1.48275e-08 3.13708e-06 2.79598e-06 -5.88444e-07
 1.9025e-07 1.72471e-05 7.56917e-06 -1.90951e-06
 -3.46804e-07 -1.92197e-05 6.08758e-07 3.80033e-07
 7.63358e-08 1.56334e-05 6.32568e-06 -1.99586e-06
 2.75288e-07 3.25501e-05 1.13326e-06 -1.43899e-06
 4.66334e-08 1.7044e-06 -3.31384e-06 1.00498e-06
 2.93518e-09 -2.22038e-05 -3.64689e-06 2.22731e-06
 3.422e-07 -1.27872e-05 -6.69451e-06 2.8967e-06
 1.07029e-06 1.71673e-05 -1.84658e-05 5.64114e-06
 -5.98549e-07 6.01858e-06 5.55603e-05 -9.7168e-06
 -2.56928e-06 5.71361e-05 0.000252108 -4.81683e-05
 -4.73479e-06 0.000150908 0.000514841 -0.000104371
 -4.33918e-06 0.000535363 0.000887413 -0.000200185
 -3.96276e-06 0.000958455 0.00112231 -0.000283127
 7.16355e-06 0.00187683 0.000921845 -0.000291326
 3.10076e-05 0.00283942 -0.000244566 -3.24733e-05
 4.96775e-05 0.00293722 -0.00119725 0.000247176
 7.77341e-05 0.00256278 -0.00216684 0.000587674
 0.000122766 0.00158261 -0.00276469 0.00086969
 0.000184314 -1.41969e-05 -0.00251919 0.000902801
 -4.14746e-06 0.000493926 0.0011836 -0.000251962
 -6.72054e-07 0.00145942 0.00229206 -0.000530283
 -4.05384e-07 0.00244543 0.00330629 -0.000827391
 3.30862e-05 0.00510295 0.00370344 -0.00108764
 8.20658e-05 0.00823395 0.0018818 -0.000826911
 0.000165313 0.0100903 -0.00299589 0.00044682
 0.000231503 0.00968574 -0.00615522 0.00148093
 0.000332424 0.00780985 -0.00893566 0.00258424
 0.000483963 0.0041554 -0.0102232 0.0033847
 0.000687412 -0.00127218 -0.00865258 0.00328703
 -6.12201e-06 0.00289778 0.00382632 -0.000927698
 2.28498e-05 0.00642865 0.00516994 -0.00142552
 7.78549e-05 0.0106619 0.00444497 -0.00151661
 0.000180367 0.0153443 4.66192e-05 -0.000648649
 0.000339691 0.0166345 -0.00827864 0.00174475
 0.000466468 0.014825 -0.0128074 0.00337835
 0.00064638 0.0108627 -0.0162482 0.00494622
 0.000921185 0.00439405 -0.0168353 0.00579064
 0.00126111 -0.0043641 -0.0130111 0.00516203
 9.43659e-05 0.0115426 0.00576378 -0.00188351
 0.000211202 0.0182774 0.00279619 -0.00152471
 0.00037282 0.0226652 -0.00518498 0.00044049
 0.000626519 0.0220258 -0.0166574 0.00413929
 0.000823422 0.0183795 -0.0219462 0.00630789
 0.00110561 0.0119414 -0.0251058 0.00812266
 0.0014908 0.00261943 -0.0242863 0.00883062
 0.00194443 -0.00919325 -0.0176482 0.0074717
 0.000388396 0.0249237 -0.00369547 -0.000109873
 0.000644441 0.0284504 -0.0148555 0.00308053
 0.00103677 0.0238686 -0.0275263 0.00780483
 0.0013428 0.0180494 -0.0321243 0.0101121
 0.00175202 0.00931844 -0.033636 0.0117194
 0.00228977 -0.00257035 -0.0299665 0.0117203
 0.00285786 -0.0167771 -0.0197218 0.00923503
 0.00101742 0.0282426 -0.0274538 0.00738352
 0.00162755 0.0206396 -0.0384975 0.0122894
 0.0020745 0.0124185 -0.0407952 0.0142069
 0.00264496 0.00163147 -0.0391428 0.0150008
 0.00333578 -0.0117823 -0.0317558 0.0138082
 0.00398968 -0.0267938 -0.0178097 0.00991276
 0.00253703 0.00872397 -0.0443139 0.0161752
 0.00315128 0.000147184 -0.0433284 0.0170791
 0.00389221 -0.0112916 -0.0376212 0.01644
 0.0046951 -0.0251183 -0.0261598 0.013644
 0.00534152 -0.0390223 -0.00942495 0.00838033
 0.00386844 -0.00972068 -0.0396697 0.0170838
 0.00467235 -0.0203936 -0.0322323 0.015671
 0.00548644 -0.0328778 -0.0194976 0.0121353
 0.00606123 -0.0453396 -0.00217372 0.00635592
 0.00549818 -0.0312824 -0.0225793 0.0133061
 0.00627407 -0.0416467 -0.0092732 0.00917181
 0.00673036 -0.0510753 0.00718658 0.00326653
 0.00692259 -0.0505241 0.0043681 0.00457917
 0.00715419 -0.0556213 0.0180041 -0.00075634
 0.00709478 -0.0572214 0.0286473 -0.00538208

Fourier series term #4
 -4.28797e-09 2.03492e-07 -5.71222e-09 2.24261e-08
 1.87248e-07 1.21602e-05 2.97367e-06 -6.88439e-07
 -7.98651e-08 -5.89186e-06 -1.37471e-06 3.24544e-07
 1.71308e-07 1.14495e-05 2.82562e-06 -7.36224e-07
 -1.05218e-07 -7.92486e-06 -1.8786e-06 5.53319e-07
 -5.225e-08 -4.13873e-06 -8.67101e-07 3.17422e-07
 1.97509e-07 1.61567e-05 2.32488e-06 -1.04447e-06
 -1.3188e-07 -1.56563e-05 -4.31163e-08 5.76344e-07
 -1.60474e-07 -1.99494e-05 1.28028e-06 4.65186e-07
 2.85091e-08 -2.4225e-06 6.66541e-07 -8.47415e-08
 2.23689e-07 2.02053e-05 -5.1764e-06 7.69152e-07
 3.44056e-07 2.23124e-05 -8.65615e-06 1.9791e-06
 -4.06341e-06 -0.000269769 -6.36912e-05 1.56794e-05
 1.36911e-06 8.85033e-05 1.54735e-05 -4.86442e-06
 -1.76435e-06 -0.000120434 -3.43402e-05 9.01005e-06
 -1.8086e-07 1.08239e-05 1.71499e-05 -5.02676e-06
 -2.5532e-06 -7.0339e-05 7.00049e-05 -1.59047e-05
 -7.10335e-06 -0.000165807 0.000205239 -4.91952e-05
 -1.17015e-05 2.8571e-06 0.000408957 -0.000119542
 -1.43807e-05 0.000193105 0.000454 -0.000148009
 -1.72472e-05 0.000431326 0.000395258 -0.000147966
 -1.88908e-05 0.000658261 0.000208442 -0.000101955
 -1.46141e-05 0.000771679 -4.88089e-05 -1.69113e-05
 -1.16041e-06 -6.66357e-05 -3.02693e-05 6.42734e-06
 2.33441e-06 0.000222972 8.47999e-05 -2.82066e-05
 -1.04457e-05 -0.000397596 0.000165356 -3.172e-05
 -2.25331e-05 -0.000510397 0.000693129 -0.000165084
 -4.05345e-05 -0.000339519 0.00161791 -0.000442095
 -6.38869e-05 0.000775332 0.00245614 -0.000794587
 -7.81024e-05 0.00178552 0.00245411 -0.000889079
 -9.32982e-05 0.00294053 0.00192271 -0.000822093
 -0.00010162 0.00396237 0.00082038 -0.000529893
 -7.83817e-05 0.00440991 -0.000520299 -7.02154e-05
 -9.80369e-06 -0.000329954 0.000183975 -3.90131e-05
 -2.30567e-05 -0.000410037 0.000814307 -0.000197064
 -5.63361e-05 -0.000883479 0.00201959 -0.000511001
 -9.19104e-05 0.000321131 0.00381848 -0.00112202
 -0.000141704 0.00311836 0.00483132 -0.0016972
 -0.000173955 0.00503494 0.00438087 -0.00174701
 -0.000207507 0.00710888 0.00295924 -0.00147306
 -0.000225459 0.00885585 0.000611892 -0.000801619
 -0.000182341 0.0094762 -0.00198665 0.000131239
 -5.8984e-05 -0.000983138 0.00217404 -0.000544851
 -9.92279e-05 0.000119992 0.0045958 -0.00130952
 -0.000161252 0.00249731 0.00707508 -0.00228629
 -0.000240556 0.00769883 0.00760427 -0.00299223
 -0.000293775 0.0107221 0.00628484 -0.00289045
 -0.00034764 0.0136163 0.00361432 -0.00228385
 -0.000373756 0.0157985 -0.000214674 -0.00111437
 -0.000296423 0.0162381 -0.00410611 0.000353078
 -0.000167915 0.00231395 0.00778599 -0.00245665
 -0.000253329 0.00788864 0.0101451 -0.00373416
 -0.00038868 0.0149019 0.00908792 -0.00420104
 -0.000472978 0.0189123 0.00647253 -0.00377748
 -0.00055675 0.0225275 0.00227496 -0.00269885
 -0.000594699 0.0249596 -0.00309378 -0.000954298
 -0.000485517 0.0249352 -0.00814926 0.00106564
 -0.000397672 0.0151662 0.0111124 -0.00484881
 -0.000601859 0.0248308 0.00755733 -0.00477507
 -0.000727905 0.0289922 0.00361212 -0.00390161
 -0.000844862 0.0326765 -0.00189782 -0.00231644
 -0.000893938 0.0349827 -0.00840491 -5.83356e-05
 -0.000750462 0.0343051 -0.0140852 0.00236267
 -0.000896402 0.0344851 0.00161605 -0.00385554
 -0.00106054 0.0395354 -0.00364902 -0.00251515
 -0.00120242 0.0431418 -0.00998307 -0.000522285
 -0.00125332 0.0444193 -0.0165773 0.00198376
 -0.00107096 0.0425542 -0.0217866 0.00445493
 -0.00123202 0.0433795 -0.00875873 -0.00106935
 -0.00137663 0.0471457 -0.0153023 0.00105706
 -0.00141636 0.0484383 -0.0218159 0.00359582
 -0.00120863 0.0456966 -0.0261711 0.00586647
 -0.00151624 0.0494033 -0.02096 0.00305323
 -0.00153263 0.050622 -0.0270223 0.00547574
 -0.0012835 0.0476578 -0.0305505 0.00746763
 -0.00152784 0.0500412 -0.0311629 0.00734089
 -0.00124414 0.0469271 -0.0336177 0.00891832
 -0.00095162 0.0419924 -0.0330894 0.00933518

Fourier series term #5
 2.57177e-08 2.22855e-06 4.60452e-07 -9.32917e-08
 -5.56043e-08 -2.98145e-06 -8.37421e-07 1.96526e-07
 6.41818e-08 4.35183e-06 1.01846e-06 -2.28781e-07
 -2.35028e-09 -1.7033e-07 -5.65431e-08 1.08615e-08
 -6.52848e-08 -4.70934e-06 -1.12182e-06 3.3865e-07
 9.5289e-08 6.46172e-06 1.43063e-06 -5.02432e-07
 -2.42446e-08 -2.30247e-06 -2.76581e-07 1.2396e-07
 -6.68111e-08 -5.93734e-06 -3.65544e-07 3.55187e-07
 3.97262e-08 3.75339e-06 -2.83349e-07 -6.52212e-08
 1.02127e-07 1.07055e-05 -1.54923e-06 -7.40023e-09
 5.75209e-08 6.63548e-06 -1.75939e-06 2.75711e-07
 -6.24874e-08 -4.93216e-06 2.08293e-06 -4.95051e-07
 -8.89878e-06 -0.000587682 -0.000138956 3.40444e-05
 2.72087e-06 0.000181314 4.33455e-05 -1.16319e-05
 -1.08152e-06 -7.68268e-05 -2.055e-05 5.84567e-06
 7.14538e-08 -3.70396e-06 -8.34135e-06 1.91506e-06
 8.71693e-07 4.00097e-05 -8.41654e-06 8.58913e-07
 3.55606e-07 -2.54974e-05 -3.09401e-05 9.04087e-06
 1.60945e-07 -6.45215e-05 -2.44854e-05 9.7882e-06
 -2.05966e-07 -8.34444e-05 -2.73406e-06 4.57664e-06
 -9.15443e-07 -8.67249e-05 2.88653e-05 -5.17576e-06
 -2.05953e-06 -5.82197e-05 5.41678e-05 -1.5569e-05
 -3.52843e-06 1.428e-06 5.04151e-05 -1.80723e-05
 -8.67189e-07 -6.41513e-05 -2.31066e-05 6.43452e-06
 5.56439e-06 0.000333965 4.39864e-05 -1.91096e-05
 4.43383e-07 -6.62188e-05 -9.9568e-05 2.59466e-05
 3.28922e-06 6.05101e-06 -0.000168611 4.3047e-05
 2.53097e-06 -0.000211245 -0.000239256 7.55178e-05
 -2.11844e-06 -0.00062014 -9.22121e-05 5.97334e-05
 -5.21652e-06 -0.000695427 0.000105768 4.46581e-06
 -1.02298e-05 -0.00060869 0.000327276 -7.43136e-05
 -1.86732e-05 -0.000348002 0.000467884 -0.000143904
 -2.98954e-05 7.03938e-05 0.000401818 -0.000152285
 2.25996e-06 -6.7981e-06 -9.48647e-05 1.99439e-05
 8.79263e-06 0.000313878 -0.000190832 3.65474e-05
 4.38433e-06 -0.000342939 -0.000463326 0.000138058
 2.25239e-06 -0.000849835 -0.000451657 0.00016876
 -6.84527e-06 -0.0014142 7.52049e-05 5.30101e-05
 -1.62427e-05 -0.0014993 0.000518973 -8.04948e-05
 -3.0194e-05 -0.00124343 0.000940659 -0.00024161
 -5.06199e-05 -0.000590567 0.00112375 -0.000363751
 -7.51372e-05 0.000402541 0.000814673 -0.000329599
 5.98853e-06 -0.000298988 -0.00054777 0.000155566
 7.174e-06 -0.000673733 -0.000727718 0.000233792
 -7.04646e-06 -0.00205297 -0.000457745 0.000248752
 -2.58994e-05 -0.00251646 0.000682613 -6.2915e-05
 -4.24187e-05 -0.00227692 0.0013947 -0.000318488
 -6.79281e-05 -0.00159257 0.00193531 -0.000569461
 -0.000103391 -0.000382772 0.00198464 -0.000700711
 -0.000139275 0.00130675 0.00122463 -0.000561677
 -6.10963e-06 -0.00221791 -0.000694687 0.000323729
 -2.20394e-05 -0.0029852 0.000242182 0.000107525
 -6.0472e-05 -0.0034521 0.00196937 -0.000422362
 -8.89382e-05 -0.00263784 0.00274662 -0.000766871
 -0.000128345 -0.00113564 0.00306412 -0.00102927
 -0.000179824 0.000962919 0.00255702 -0.00104857
 -0.000220426 0.00342832 0.00100336 -0.000678081
 -5.75931e-05 -0.00415086 0.00182138 -0.000317698
 -0.000111685 -0.00259865 0.00350123 -0.00104025
 -0.000157498 -0.00141384 0.00398262 -0.0013474
 -0.000213876 0.000734619 0.00368582 -0.00147075
 -0.000274217 0.00374003 0.00220036 -0.00121542
 -0.000297984 0.00700533 -0.000494327 -0.000464216
 -0.000202663 -0.000540961 0.00444721 -0.00162675
 -0.000258191 0.00231251 0.0037867 -0.00169158
 -0.000320476 0.00547349 0.00219945 -0.00143123
 -0.000367246 0.00868054 -0.000383237 -0.000757286
 -0.000334475 0.0120159 -0.00404767 0.000406749
 -0.000319836 0.00452574 0.002841 -0.00158974
 -0.00037295 0.00842268 0.000376757 -0.00105518
 -0.00039142 0.0122353 -0.00309335 -6.82011e-05
 -0.000304982 0.0151545 -0.00696477 0.00125216
 -0.000405491 0.0113577 -0.00217561 -0.0003696
 -0.000376888 0.0155648 -0.00641068 0.000916351
 -0.000208116 0.0185846 -0.0107388 0.00245007
 -0.000288863 0.0182902 -0.0100922 0.00216839
 -4.96671e-06 0.021044 -0.0144191 0.00376148
 0.000395428 0.0214184 -0.0165587 0.0046351


