**************************************************************
***  MERIS LUT-169: Fourier series terms (s0,..,s5)[TERM]] ***
***                 of polynomial coefficients (k0,..,k3)  ***
***                 for each of 81 aerosol models [IAER],  ***
***                 & for each of 78 geometries [SVZA]     ***
***  - - - - - - - - - - - - - - - - - - - - - - - - - - - ***
***  => useful for multiplicative aer.scat.fct. retrieval  ***
**************************************************************

12 Gaussian angles (deg): SZA/VZA
------------------------         

 2.84 17.64 28.77 36.19 43.61 51.03 58.46 65.88 69.59 73.30 77.01 80.72

Coefficients: [SVZA x (k0,k1,k2,k3)]
------------                        

 Aerosol model #46
 - - - - - - -  

Fourier series term #0
 1.02061 1.4425 0.55592 -0.0965588
 1.02207 1.53143 0.601236 -0.112453
 1.02505 1.72038 0.68308 -0.143952
 1.02793 1.91078 0.747598 -0.1754
 1.031 2.13353 0.789455 -0.211402
 1.03383 2.38989 0.773758 -0.245234
 1.03544 2.67865 0.642927 -0.260707
 1.03402 2.98678 0.305012 -0.221669
 1.03173 3.1375 0.018622 -0.161037
 1.02925 3.26969 -0.36519 -0.057509
 1.03017 3.34527 -0.833468 0.0956616
 1.04487 3.25976 -1.27869 0.273005
 1.02382 1.65048 0.656822 -0.135786
 1.02695 1.83996 0.722199 -0.165898
 1.02968 2.01043 0.758711 -0.192455
 1.0329 2.22853 0.771129 -0.222226
 1.03599 2.48292 0.722753 -0.247245
 1.03784 2.7602 0.559539 -0.251046
 1.03667 3.04491 0.202533 -0.200503
 1.03457 3.18168 -0.0831097 -0.136241
 1.03233 3.30084 -0.457459 -0.0318725
 1.03343 3.36702 -0.908775 0.118813
 1.04791 3.28043 -1.3362 0.291748
 1.02921 2.02556 0.75223 -0.193286
 1.03175 2.1981 0.756511 -0.216022
 1.03437 2.39731 0.721232 -0.237094
 1.03663 2.6291 0.622201 -0.250185
 1.03741 2.88404 0.416247 -0.240505
 1.03497 3.1441 0.0344329 -0.177305
 1.03224 3.26961 -0.253698 -0.108426
 1.02944 3.37995 -0.622507 -0.00175691
 1.03007 3.4418 -1.06126 0.148476
 1.04409 3.35796 -1.47303 0.318801
 1.03376 2.36398 0.700964 -0.217644
 1.03617 2.5571 0.628962 -0.229265
 1.03791 2.76292 0.490157 -0.229471
 1.03809 2.98788 0.253161 -0.206201
 1.03525 3.22573 -0.142907 -0.1316
 1.0325 3.34285 -0.430837 -0.0585585
 1.02989 3.4465 -0.79436 0.0508048
 1.03098 3.50352 -1.22234 0.201527
 1.04568 3.41771 -1.61984 0.370256
 1.03866 2.70397 0.548126 -0.241819
 1.03955 2.89207 0.379268 -0.231396
 1.03866 3.08626 0.117358 -0.195603
 1.03502 3.29782 -0.290579 -0.109668
 1.0322 3.40709 -0.577758 -0.0325637
 1.02988 3.50514 -0.93479 0.0789238
 1.03181 3.55685 -1.34895 0.228803
 1.04795 3.46512 -1.7247 0.392809
 1.03956 3.04702 0.181782 -0.207766
 1.03795 3.22713 -0.0986377 -0.160052
 1.03375 3.41677 -0.518399 -0.0612568
 1.03094 3.51586 -0.806345 0.0214009
 1.02905 3.60637 -1.15868 0.1366
 1.03198 3.65163 -1.56013 0.286843
 1.04972 3.55324 -1.91453 0.447037
 1.03565 3.38169 -0.396187 -0.0978323
 1.03134 3.56941 -0.8275 0.0146019
 1.02893 3.66201 -1.11675 0.103752
 1.02803 3.74022 -1.4626 0.223321
 1.03284 3.76964 -1.84562 0.373405
 1.05343 3.65185 -2.16581 0.526265
 1.0277 3.73842 -1.26642 0.143133
 1.02652 3.82887 -1.55422 0.238681
 1.02782 3.89997 -1.88871 0.361427
 1.0362 3.90556 -2.23942 0.507399
 1.06174 3.74781 -2.49899 0.644487
 1.02662 3.90566 -1.83312 0.335794
 1.0299 3.96547 -2.15205 0.457178
 1.04118 3.95627 -2.47546 0.596831
 1.07044 3.77154 -2.68811 0.719527
 1.03603 3.99903 -2.43994 0.572242
 1.05117 3.96232 -2.71841 0.699165
 1.08509 3.74466 -2.86741 0.800265
 1.07135 3.87829 -2.92455 0.802917
 1.11047 3.6131 -2.9832 0.87119
 1.1537 3.28718 -2.92338 0.8937

Fourier series term #1
 -0.000192462 -0.012879 -0.00527287 0.000897079
 -0.000158744 -0.0070673 -0.00434692 0.0007016
 -0.000433151 -0.0226213 -0.0104404 0.00204578
 -0.000505642 -0.0246912 -0.0097191 0.00216024
 -0.000571813 -0.0258238 -0.00650732 0.00179752
 -0.000640751 -0.0263185 -0.000381675 0.000696682
 -0.000704085 -0.0243842 0.00904111 -0.00158297
 -0.000772161 -0.0174426 0.0201347 -0.00516678
 -0.000858516 -0.0110178 0.024339 -0.00701167
 -0.000991376 -0.00234874 0.0261409 -0.00845305
 -0.00121433 0.00883022 0.0233593 -0.00858489
 -0.00145617 0.0217466 0.0144839 -0.00649945
 -0.00141137 -0.0714869 -0.0359018 0.00677404
 -0.00244211 -0.119419 -0.0503297 0.010831
 -0.00313442 -0.147414 -0.0483514 0.0120286
 -0.00366176 -0.159986 -0.0278018 0.00928558
 -0.00407676 -0.159104 0.011713 0.00132161
 -0.00439644 -0.13994 0.0672835 -0.0131588
 -0.00474761 -0.0908867 0.125597 -0.0332873
 -0.00512709 -0.0511444 0.145709 -0.0431709
 -0.00585807 0.000835394 0.150096 -0.0497043
 -0.00704583 0.0655681 0.128748 -0.0485475
 -0.00827732 0.13901 0.0740695 -0.0349574
 -0.00384487 -0.18432 -0.0570375 0.0143569
 -0.00481979 -0.217444 -0.0414384 0.0131617
 -0.00578857 -0.242368 -0.00577819 0.00731993
 -0.00652204 -0.238499 0.0551282 -0.00659511
 -0.00702638 -0.195119 0.133106 -0.0295848
 -0.00770959 -0.105969 0.202294 -0.057467
 -0.00849716 -0.0404915 0.218468 -0.0690889
 -0.00973739 0.0400615 0.21112 -0.0751142
 -0.011633 0.136869 0.166191 -0.0690686
 -0.0133731 0.243027 0.0765107 -0.0454939
 -0.00624909 -0.254646 -0.0168635 0.0101305
 -0.00729608 -0.270041 0.0336956 -0.000237485
 -0.00818617 -0.259582 0.102816 -0.0177543
 -0.00884397 -0.201886 0.181321 -0.0431604
 -0.00973291 -0.0876759 0.240321 -0.0709896
 -0.0106378 -0.00795006 0.246316 -0.0809269
 -0.0121217 0.0881031 0.223227 -0.0829512
 -0.0141821 0.200068 0.158611 -0.0709717
 -0.0157469 0.31941 0.0463152 -0.0393381
 -0.00852379 -0.277435 0.0917198 -0.0140199
 -0.00944555 -0.246732 0.165144 -0.0358276
 -0.0103369 -0.176273 0.235061 -0.0622856
 -0.0116204 -0.0476171 0.274269 -0.0875371
 -0.0127591 0.0417145 0.266197 -0.0944683
 -0.0144424 0.148189 0.226189 -0.0920015
 -0.0165068 0.26967 0.14274 -0.0740131
 -0.0175324 0.394313 0.0134982 -0.036078
 -0.0105421 -0.202395 0.22989 -0.0588688
 -0.0117342 -0.109837 0.279568 -0.0833123
 -0.0135782 0.0286395 0.285864 -0.100876
 -0.0150201 0.121571 0.257941 -0.101898
 -0.0169146 0.232309 0.19678 -0.0923323
 -0.018874 0.357331 0.0929743 -0.0667239
 -0.0191983 0.481659 -0.0525686 -0.0215699
 -0.0134138 -0.00767842 0.29725 -0.100924
 -0.0158661 0.146092 0.261748 -0.107027
 -0.0175733 0.240319 0.210607 -0.100055
 -0.0195407 0.347641 0.12709 -0.0815538
 -0.0211608 0.465956 0.0042927 -0.0470294
 -0.0202748 0.577791 -0.150334 0.00420035
 -0.0189498 0.299357 0.178426 -0.0963074
 -0.0207443 0.395347 0.101826 -0.0793263
 -0.0224392 0.499974 -0.00492793 -0.050388
 -0.0231019 0.604003 -0.141907 -0.00708752
 -0.0201993 0.687915 -0.293382 0.0476291
 -0.0223808 0.484854 0.0146424 -0.056924
 -0.0236343 0.583773 -0.10061 -0.0230487
 -0.0233875 0.678971 -0.240861 0.0236802
 -0.0189524 0.744487 -0.383749 0.0779448
 -0.0240664 0.668192 -0.217585 0.0142385
 -0.0225127 0.747621 -0.35347 0.0621484
 -0.0160638 0.791586 -0.480729 0.113331
 -0.0189877 0.799679 -0.471615 0.106861
 -0.0101499 0.81303 -0.570004 0.150112
 0.00109507 0.784671 -0.621869 0.178423

Fourier series term #2
 -2.83528e-05 -0.00198819 -0.000765457 0.000133118
 1.6486e-05 0.00110287 0.000405544 -7.62313e-05
 -2.89911e-07 -0.000168145 -0.000173662 3.45981e-05
 -3.1808e-06 -0.000451461 -0.000404138 8.70719e-05
 1.30965e-06 -0.000281918 -0.000496975 0.000112967
 3.88134e-06 -0.0003351 -0.000687498 0.000172399
 4.6853e-06 -0.00065971 -0.000881519 0.000256278
 1.05808e-05 -0.000823882 -0.000810822 0.000277539
 1.32008e-05 -0.00101061 -0.000657272 0.000257336
 1.45541e-05 -0.00131611 -0.00037279 0.000196115
 1.28994e-05 -0.0015742 4.42848e-05 7.57102e-05
 1.76991e-06 -0.00154061 0.000432779 -6.94057e-05
 0.000113767 0.00586064 0.00100961 -0.00023254
 9.33314e-05 0.000763091 -0.00467866 0.000914755
 1.62751e-06 -0.00975566 -0.0131149 0.00290825
 2.89133e-05 -0.0137577 -0.0201935 0.00485138
 0.000110698 -0.0168718 -0.0265787 0.00701829
 0.000192353 -0.0247274 -0.0308634 0.0092892
 0.0003093 -0.0374145 -0.027552 0.0100642
 0.000398171 -0.0444176 -0.0209654 0.00898441
 0.000484416 -0.0506607 -0.0105051 0.00639178
 0.000471767 -0.0545385 0.00294356 0.00220439
 0.00011354 -0.0530865 0.0156534 -0.00261934
 0.000122005 -0.00818247 -0.0187671 0.00410226
 0.000188137 -0.0157517 -0.0324922 0.00761047
 0.000196047 -0.0337423 -0.0509802 0.0131751
 0.000282726 -0.0540443 -0.0664139 0.0192012
 0.00049002 -0.0772436 -0.0712775 0.023764
 0.000860293 -0.105863 -0.0565882 0.0236452
 0.00111489 -0.120564 -0.0387695 0.0201649
 0.00135954 -0.133403 -0.0131246 0.013372
 0.00135003 -0.14102 0.0181045 0.00326018
 0.000508196 -0.136921 0.0468695 -0.00805767
 0.000287247 -0.032362 -0.0523479 0.0128412
 0.000392293 -0.0539271 -0.0739525 0.0199259
 0.000459614 -0.0908239 -0.09209 0.0280762
 0.000696008 -0.132207 -0.0933173 0.0334373
 0.00124252 -0.173082 -0.065806 0.0310487
 0.0016243 -0.192184 -0.0383039 0.0250093
 0.00196301 -0.208295 -0.00119741 0.0146462
 0.00191605 -0.217335 0.0426305 -5.08496e-05
 0.000653777 -0.210371 0.0821185 -0.0160547
 0.000441683 -0.0895058 -0.100857 0.0302071
 0.000635929 -0.134802 -0.115246 0.0390031
 0.000978968 -0.194443 -0.108778 0.0441551
 0.00174006 -0.251657 -0.0664412 0.0387784
 0.0022522 -0.275816 -0.0287293 0.0297684
 0.00266735 -0.295018 0.0199712 0.0154393
 0.00251842 -0.304867 0.0757915 -0.00399003
 0.000711677 -0.294301 0.124854 -0.0246287
 0.000927677 -0.197545 -0.121837 0.0474794
 0.00152789 -0.264473 -0.101318 0.0495409
 0.00251547 -0.337681 -0.0423654 0.0398485
 0.00312156 -0.369868 0.0053608 0.027692
 0.00356152 -0.394557 0.0649835 0.00936514
 0.0032427 -0.40636 0.131624 -0.0147122
 0.000786093 -0.392308 0.188283 -0.039548
 0.00235169 -0.346357 -0.0652418 0.0476549
 0.00359411 -0.424156 0.0106747 0.0318389
 0.00422977 -0.462549 0.0672305 0.0163074
 0.00456405 -0.495175 0.136274 -0.00576652
 0.00386747 -0.512315 0.211533 -0.0337542
 0.000520231 -0.497173 0.272997 -0.0617874
 0.00488385 -0.516254 0.103576 0.00942102
 0.00538578 -0.555465 0.166413 -0.00954146
 0.00536115 -0.588121 0.239723 -0.0345755
 0.00394188 -0.607559 0.317768 -0.0648174
 -0.00069381 -0.592446 0.378083 -0.0936572
 0.00564932 -0.599348 0.232233 -0.0299412
 0.00525986 -0.631684 0.305663 -0.05582
 0.00324851 -0.646937 0.379941 -0.0856904
 -0.00223951 -0.627793 0.433917 -0.112903
 0.00430823 -0.666642 0.378583 -0.0819711
 0.00148542 -0.677977 0.446599 -0.11035
 -0.00502336 -0.650403 0.488286 -0.133756
 -0.00241347 -0.687888 0.506686 -0.136046
 -0.0101061 -0.651766 0.532145 -0.153664
 -0.0189253 -0.610041 0.540071 -0.164173

Fourier series term #3
 -2.14952e-06 -0.00015081 -5.78484e-05 1.00951e-05
 2.23835e-06 0.00015906 6.1591e-05 -1.15254e-05
 -2.9713e-07 -2.01619e-05 -5.37703e-06 1.22103e-06
 -4.79553e-08 -1.44648e-06 3.00183e-06 -5.36863e-07
 8.35455e-07 5.97849e-05 2.64784e-05 -6.92938e-06
 -1.6e-06 -0.000104827 -3.15505e-05 1.01565e-05
 5.38851e-07 4.74649e-05 9.44933e-06 -4.28263e-06
 1.2077e-06 0.000106543 3.51075e-07 -5.01165e-06
 -3.25423e-07 -4.74025e-05 -1.54016e-05 6.88193e-06
 -1.04902e-06 -0.000156831 -1.79951e-06 8.88939e-06
 -1.78459e-07 -9.8882e-05 4.11599e-06 4.01473e-06
 1.97357e-06 6.30116e-05 -4.35521e-05 1.18213e-05
 4.02558e-06 0.00034525 0.000266214 -5.16387e-05
 8.63608e-05 0.00629542 0.00294646 -0.000661646
 8.8529e-07 0.000422671 0.000902677 -0.000195505
 -3.05469e-05 -0.00149125 0.00022202 -2.46666e-05
 -1.47618e-05 -0.000134549 0.000265861 -8.27337e-05
 1.53609e-05 0.00168372 -0.000498828 3.68229e-05
 5.2986e-05 0.00247714 -0.0024851 0.000582981
 7.87157e-05 0.00207077 -0.0036102 0.000984791
 0.000117105 0.00107009 -0.00436824 0.00134391
 0.000172572 -0.000456011 -0.00432104 0.00148648
 0.000232506 -0.00229387 -0.00317007 0.00123878
 5.88218e-05 0.0053431 0.00358338 -0.000848561
 6.06509e-05 0.00659551 0.0045018 -0.00116524
 -1.12234e-05 0.00193594 0.00229971 -0.000651236
 -1.07394e-05 0.00134828 -0.000506749 -1.00024e-05
 8.26075e-05 0.00499685 -0.00479677 0.00100623
 0.000235014 0.00625899 -0.0114026 0.0030651
 0.000353616 0.00460791 -0.0144201 0.00429536
 0.000514599 0.00113366 -0.0160007 0.00528643
 0.000734392 -0.00416034 -0.0147526 0.00545761
 0.00095877 -0.0104755 -0.00993743 0.00431252
 3.87701e-05 0.00574056 0.00439451 -0.00123801
 8.15375e-05 0.00945432 0.00350317 -0.00129692
 9.73569e-05 0.00747967 -0.00264978 0.000195915
 0.000218258 0.00712101 -0.0117924 0.00279396
 0.000491536 0.00608373 -0.0218149 0.00626829
 0.000704325 0.00274934 -0.0254672 0.00799257
 0.000995043 -0.00324084 -0.0263246 0.00908279
 0.00137131 -0.0115415 -0.0227408 0.00878226
 0.00173411 -0.0211378 -0.0138334 0.00640863
 0.000141849 0.0120139 -0.000504486 -0.000558062
 0.000289491 0.0166436 -0.00899233 0.00146907
 0.000477685 0.0114177 -0.0232067 0.00606616
 0.000890604 0.00184928 -0.0360379 0.0114023
 0.00123708 -0.00462885 -0.0391948 0.0134657
 0.00169857 -0.0133266 -0.0381066 0.0143459
 0.00225639 -0.0244715 -0.0309667 0.0131603
 0.00274099 -0.0366062 -0.0172479 0.0092401
 0.000503199 0.0172849 -0.0222969 0.0053969
 0.000896369 0.0142938 -0.0381295 0.0109314
 0.0015388 -0.00461792 -0.0504786 0.0173446
 0.00205273 -0.0172918 -0.0512195 0.0193188
 0.00272054 -0.03104 -0.046044 0.0193563
 0.00347672 -0.04569 -0.0335408 0.016586
 0.0040663 -0.0597043 -0.0139328 0.0105079
 0.00150179 0.00317133 -0.053658 0.0176008
 0.00253984 -0.0149552 -0.0613982 0.0231218
 0.00326768 -0.0315415 -0.0581059 0.0242208
 0.00415193 -0.0516903 -0.04709 0.0227731
 0.00508656 -0.0720692 -0.0274323 0.0177383
 0.00568188 -0.088787 -0.00126433 0.00912898
 0.00403714 -0.0420377 -0.0596607 0.026488
 0.00500958 -0.0570009 -0.0513507 0.0256679
 0.00609218 -0.0752632 -0.0353872 0.0220773
 0.00710919 -0.0972923 -0.00978386 0.014618
 0.00753818 -0.116429 0.0220066 0.0036011
 0.0060455 -0.0755877 -0.0389633 0.0235651
 0.007189 -0.0929041 -0.0203321 0.0186755
 0.00814251 -0.110692 0.00561864 0.0104118
 0.00838105 -0.127068 0.0371698 -0.00104143
 0.00826501 -0.11231 0.00188037 0.0123318
 0.00906449 -0.126978 0.0279578 0.00340337
 0.00900627 -0.136427 0.0556235 -0.00744813
 0.00953816 -0.14147 0.0548463 -0.00617051
 0.00904259 -0.144212 0.0771517 -0.0157704
 0.00793921 -0.143059 0.0941445 -0.0236954

Fourier series term #4
 3.56657e-07 2.45728e-05 9.5944e-06 -1.68705e-06
 4.87164e-07 3.37875e-05 1.31453e-05 -2.47504e-06
 -1.79073e-07 -1.25014e-05 -4.89604e-06 1.01531e-06
 7.65361e-07 5.12845e-05 2.02646e-05 -4.74342e-06
 -5.65637e-07 -3.95167e-05 -1.44732e-05 3.86536e-06
 -2.18689e-07 -2.00198e-05 -6.2766e-06 1.96912e-06
 1.12241e-06 7.84632e-05 1.97634e-05 -7.91323e-06
 -7.12961e-07 -7.41875e-05 -6.5567e-06 5.21559e-06
 -7.64037e-07 -9.50239e-05 -1.35278e-07 4.71036e-06
 1.4649e-07 -1.28404e-05 1.31085e-06 2.45598e-07
 1.12597e-06 8.97489e-05 -2.20823e-05 2.46655e-06
 1.64157e-06 9.63603e-05 -3.68677e-05 7.72949e-06
 -6.18445e-05 -0.00436021 -0.00172039 0.000357353
 5.4051e-05 0.00387373 0.00152571 -0.000352582
 2.00005e-05 0.00140205 0.000618408 -0.000151943
 -7.37783e-06 -0.000509775 -3.10464e-05 2.0692e-05
 -1.09153e-05 -0.000614135 8.22647e-05 -1.13997e-07
 -1.13823e-05 -0.00032302 0.000379311 -8.87119e-05
 -1.35931e-05 8.94066e-05 0.000559338 -0.000171331
 -1.48229e-05 0.00035518 0.000503432 -0.000177734
 -1.5664e-05 0.000606207 0.000314216 -0.000139401
 -1.41773e-05 0.000757756 2.82783e-05 -5.52639e-05
 -5.69308e-06 0.000710021 -0.000226477 4.07392e-05
 4.74026e-05 0.00350821 0.00153635 -0.000382963
 8.03075e-05 0.00626821 0.00279046 -0.000754529
 1.10593e-05 0.00157452 0.00162763 -0.000421856
 -5.28914e-05 -0.00227159 0.00125577 -0.000237784
 -7.21258e-05 -0.00165601 0.00234214 -0.00059018
 -8.41122e-05 0.000950365 0.00287046 -0.000955414
 -9.34608e-05 0.00232251 0.00239513 -0.000936363
 -0.000101778 0.00346089 0.0013296 -0.000695339
 -9.52689e-05 0.00408999 -0.000118705 -0.000248762
 -4.95498e-05 0.0038618 -0.00138323 0.000244395
 3.78062e-05 0.0038971 0.00254792 -0.00066301
 2.48305e-05 0.00478965 0.00401526 -0.00110724
 -7.15774e-05 -0.000111516 0.00422098 -0.00110462
 -0.000144845 -0.00165087 0.0051384 -0.00142227
 -0.000183467 0.00225066 0.00524392 -0.00182259
 -0.000202745 0.00474346 0.0040546 -0.00167963
 -0.000215245 0.00701405 0.00188168 -0.00116237
 -0.000200598 0.00829242 -0.000867516 -0.000298831
 -0.000114439 0.0077642 -0.00309255 0.000595586
 -4.24795e-05 0.0026612 0.00573351 -0.00159116
 -9.19175e-05 0.00520889 0.00864207 -0.0026674
 -0.000219345 0.00328217 0.00926741 -0.00304039
 -0.000324196 0.00542341 0.00772208 -0.00298653
 -0.000364415 0.00816762 0.00551418 -0.00256617
 -0.000387235 0.0110768 0.00211138 -0.00168117
 -0.000363125 0.012839 -0.00196102 -0.000354897
 -0.000227725 0.0122655 -0.00523453 0.00099054
 -0.000204181 0.00658524 0.0113662 -0.00378429
 -0.000316899 0.0133302 0.0122746 -0.00483671
 -0.000499364 0.0142902 0.00851027 -0.00411231
 -0.000577196 0.0148905 0.00516446 -0.00317253
 -0.000621332 0.0161517 0.000880362 -0.00183364
 -0.000594325 0.0172 -0.0039663 -0.000110846
 -0.000415428 0.016333 -0.00780974 0.00154621
 -0.000508839 0.0188063 0.0113421 -0.00533864
 -0.000725671 0.0274705 0.00547681 -0.00443839
 -0.000836708 0.0277836 0.00103771 -0.0030493
 -0.000905184 0.0258688 -0.00354164 -0.00126824
 -0.000878212 0.0233213 -0.00782202 0.000638999
 -0.000678197 0.0197827 -0.010679 0.00224051
 -0.00101498 0.0328917 -0.00126029 -0.0028483
 -0.00113897 0.0368043 -0.00668682 -0.00128861
 -0.00121917 0.0383126 -0.0124492 0.000755579
 -0.0011831 0.0345267 -0.0161943 0.00270057
 -0.000963517 0.02662 -0.0165058 0.003826
 -0.00127781 0.0374584 -0.0108667 0.000167495
 -0.00134992 0.0398226 -0.0164897 0.00214256
 -0.00130911 0.0389227 -0.0210576 0.0041745
 -0.00107138 0.0315793 -0.0211902 0.00522984
 -0.00143394 0.0386764 -0.0197228 0.00356752
 -0.0013972 0.0387683 -0.0240735 0.00546199
 -0.00112069 0.0343887 -0.0250245 0.00655018
 -0.00136007 0.0352168 -0.0248076 0.00626535
 -0.00113428 0.0321735 -0.025627 0.00713342
 -0.00101761 0.0260673 -0.022512 0.00659949

Fourier series term #5
 1.36249e-07 9.4564e-06 3.64454e-06 -6.28429e-07
 -2.21523e-07 -1.49731e-05 -5.9974e-06 1.13781e-06
 2.73341e-07 1.88036e-05 7.45426e-06 -1.55161e-06
 -1.12892e-08 -1.37427e-06 -4.46566e-07 9.48685e-08
 -3.47388e-07 -2.18471e-05 -8.5703e-06 2.33732e-06
 4.52076e-07 3.13454e-05 1.0234e-05 -3.24908e-06
 -1.38922e-07 -1.12077e-05 -2.13218e-06 9.02028e-07
 -3.17532e-07 -2.89765e-05 -3.52592e-06 2.33283e-06
 2.00558e-07 1.7291e-05 -5.04311e-07 -6.90508e-07
 4.73663e-07 4.98999e-05 -5.52599e-06 -8.96545e-07
 2.67011e-07 3.07074e-05 -7.11832e-06 7.04866e-07
 -2.95499e-07 -2.1097e-05 8.72057e-06 -1.91667e-06
 -6.77103e-05 -0.00481757 -0.00188381 0.000392623
 1.97754e-05 0.0014485 0.000544657 -0.000127489
 1.38593e-05 0.000993642 0.000381469 -9.70546e-05
 1.38009e-06 7.02131e-05 2.47018e-05 -6.87442e-06
 -1.23625e-06 -0.00013005 -5.40575e-05 1.72887e-05
 -9.92339e-07 -0.000123336 -3.72136e-05 1.51452e-05
 -6.75569e-07 -9.18149e-05 1.29367e-05 1.30913e-06
 -1.3585e-06 -9.9937e-05 4.81623e-05 -9.01308e-06
 -2.37354e-06 -8.16082e-05 8.31681e-05 -2.19404e-05
 -3.5281e-06 -1.34856e-05 9.0048e-05 -2.94724e-05
 -4.14421e-06 7.22026e-05 5.06522e-05 -2.14774e-05
 2.44046e-06 0.00018058 5.81229e-05 -1.58828e-05
 6.28299e-05 0.00474172 0.00169829 -0.000483989
 3.75067e-05 0.00277214 0.00091045 -0.000292216
 1.20723e-06 -0.000245134 -0.000126561 4.47896e-05
 -8.97434e-06 -0.00118184 -0.000202514 0.000114109
 -1.17573e-05 -0.00107701 0.000279593 -2.15605e-05
 -1.5099e-05 -0.00080268 0.000548153 -0.000123613
 -2.15399e-05 -0.000412294 0.000714178 -0.000210836
 -3.16505e-05 4.21255e-05 0.000681055 -0.000239987
 -4.05881e-05 0.000485709 0.000417443 -0.000181856
 4.1491e-05 0.00313334 0.000985871 -0.000298836
 7.39248e-05 0.00580666 0.00165025 -0.000568131
 2.71467e-05 0.00179566 0.000472959 -0.00017723
 -1.88689e-05 -0.00225338 3.9839e-05 0.000107916
 -3.44989e-05 -0.0026407 0.000988791 -0.000145227
 -4.45545e-05 -0.00205084 0.00152708 -0.000359849
 -6.12735e-05 -0.00105351 0.0018014 -0.000534621
 -8.48087e-05 0.000117365 0.00159593 -0.000565218
 -0.000103079 0.00124465 0.00086101 -0.000388225
 4.90452e-05 0.0034636 0.000960339 -0.000362522
 5.3829e-05 0.00448979 0.00148083 -0.000582386
 -1.39564e-05 -0.000726766 0.00134089 -0.000332494
 -7.50575e-05 -0.00406856 0.00256632 -0.00055443
 -0.000100458 -0.00356531 0.00331006 -0.000860514
 -0.000133923 -0.00197908 0.0035885 -0.00110918
 -0.000176495 0.000114043 0.00304 -0.00111118
 -0.000204651 0.00230722 0.0015542 -0.000747659
 1.13013e-05 0.00159612 0.00180806 -0.000579332
 -2.18197e-05 0.00271463 0.00343486 -0.00120639
 -0.000127889 -0.00145832 0.00482787 -0.00150915
 -0.000186349 -0.00253224 0.00548635 -0.00172458
 -0.000247642 -0.00170461 0.00553552 -0.00187688
 -0.000313916 0.000632771 0.0044682 -0.0017362
 -0.000354379 0.00369393 0.00208313 -0.00111038
 -0.000108536 0.00109171 0.00532452 -0.00182206
 -0.000221883 0.00530135 0.0062379 -0.00262694
 -0.000312258 0.00507561 0.00612107 -0.00268085
 -0.000410072 0.00419277 0.00565041 -0.00253294
 -0.000497989 0.00466418 0.00419279 -0.0020896
 -0.000534936 0.00653629 0.00143379 -0.00119795
 -0.000410856 0.00724737 0.00644936 -0.00309245
 -0.000514783 0.0115002 0.00451562 -0.00286318
 -0.000626969 0.0154919 0.00139871 -0.00214401
 -0.000709126 0.0163408 -0.0015932 -0.00109699
 -0.000680757 0.0152594 -0.00407444 5.73866e-05
 -0.00063044 0.0131306 0.00298994 -0.00254535
 -0.000735986 0.0183468 -0.00111865 -0.00154113
 -0.000789847 0.0224256 -0.00624483 8.15885e-05
 -0.000685349 0.0221818 -0.00960799 0.00155621
 -0.000834249 0.0202672 -0.004184 -0.000576696
 -0.000834089 0.0253967 -0.0102131 0.00135059
 -0.000626763 0.0279041 -0.0155538 0.00338827
 -0.000783028 0.0266402 -0.0139152 0.00276921
 -0.000462791 0.0297059 -0.0196823 0.00497813
 -6.62162e-05 0.0283896 -0.0214684 0.00596785


