**************************************************************
***  MERIS LUT-169: Fourier series terms (s0,..,s5)[TERM]] ***
***                 of polynomial coefficients (k0,..,k3)  ***
***                 for each of 81 aerosol models [IAER],  ***
***                 & for each of 78 geometries [SVZA]     ***
***  - - - - - - - - - - - - - - - - - - - - - - - - - - - ***
***  => useful for multiplicative aer.scat.fct. retrieval  ***
**************************************************************

12 Gaussian angles (deg): SZA/VZA
------------------------         

 2.84 17.64 28.77 36.19 43.61 51.03 58.46 65.88 69.59 73.30 77.01 80.72

Coefficients: [SVZA x (k0,k1,k2,k3)]
------------                        

 Aerosol model #69
 - - - - - - -  

Fourier series term #0
 1.01514 1.07607 0.480424 -0.0874405
 1.02129 1.4877 0.667273 -0.129319
 1.02565 1.76422 0.774036 -0.166742
 1.02915 1.99652 0.835803 -0.198753
 1.03283 2.26584 0.863249 -0.232867
 1.03597 2.56283 0.81681 -0.260456
 1.0373 2.87542 0.638808 -0.263792
 1.0349 3.1818 0.244621 -0.206667
 1.03201 3.32034 -0.0685308 -0.135579
 1.02907 3.43265 -0.473957 -0.0219187
 1.03 3.4807 -0.954026 0.139166
 1.04553 3.35979 -1.39515 0.319223
 1.02281 1.59106 0.700479 -0.14549
 1.02768 1.87447 0.793777 -0.184637
 1.03161 2.10125 0.838805 -0.216805
 1.03574 2.35111 0.844166 -0.249643
 1.03954 2.62356 0.780562 -0.276237
 1.04173 2.90287 0.598317 -0.28027
 1.04047 3.16966 0.223234 -0.228529
 1.03825 3.29037 -0.069443 -0.163118
 1.03596 3.38952 -0.448534 -0.0572665
 1.03728 3.43221 -0.901136 0.0950063
 1.05245 3.31877 -1.32417 0.268856
 1.02961 2.06105 0.789049 -0.205185
 1.033 2.27039 0.786295 -0.227563
 1.03649 2.51135 0.743312 -0.248409
 1.0391 2.75553 0.626955 -0.258149
 1.03968 3.00315 0.402182 -0.243557
 1.03652 3.24689 0.00553707 -0.175326
 1.03333 3.36193 -0.288234 -0.103938
 1.03012 3.46081 -0.661746 0.00537744
 1.03059 3.50982 -1.10317 0.15799
 1.04498 3.4107 -1.51336 0.329563
 1.03818 2.40301 0.73087 -0.231246
 1.04133 2.60741 0.649835 -0.241337
 1.04365 2.82994 0.507793 -0.241551
 1.04375 3.04796 0.265668 -0.216876
 1.04028 3.26717 -0.133128 -0.140692
 1.03714 3.37489 -0.421101 -0.0670839
 1.03422 3.46939 -0.783926 0.0427059
 1.03531 3.51704 -1.20994 0.193545
 1.05061 3.41995 -1.60189 0.361178
 1.04063 2.74345 0.519647 -0.236253
 1.04157 2.92672 0.347624 -0.223971
 1.0406 3.12912 0.0911863 -0.189565
 1.03637 3.33221 -0.311525 -0.104531
 1.03316 3.43445 -0.595907 -0.0278232
 1.0305 3.52611 -0.950199 0.0832495
 1.03223 3.5734 -1.36224 0.232817
 1.04848 3.47894 -1.73649 0.396614
 1.04122 3.03709 0.145273 -0.195807
 1.03937 3.20799 -0.125548 -0.149474
 1.03479 3.40934 -0.53218 -0.0550998
 1.03168 3.50968 -0.814777 0.0257348
 1.0295 3.59876 -1.16243 0.139395
 1.03223 3.64305 -1.56052 0.288513
 1.05 3.54563 -1.91295 0.447799
 1.03661 3.31537 -0.411984 -0.0869018
 1.03193 3.49828 -0.82529 0.0205358
 1.02931 3.60269 -1.10755 0.106428
 1.02821 3.69328 -1.44893 0.223316
 1.03286 3.73184 -1.8293 0.37146
 1.05342 3.62177 -2.14888 0.523157
 1.028 3.6207 -1.23825 0.144168
 1.02663 3.70662 -1.51374 0.235693
 1.02777 3.78823 -1.84062 0.354516
 1.03597 3.81589 -2.19123 0.498058
 1.06135 3.68325 -2.45734 0.634887
 1.02644 3.76767 -1.77676 0.32832
 1.02946 3.82613 -2.08311 0.44483
 1.04057 3.83388 -2.4034 0.581192
 1.06952 3.67957 -2.6251 0.70393
 1.03529 3.84819 -2.35505 0.554675
 1.05006 3.81599 -2.62398 0.676832
 1.08336 3.62412 -2.7796 0.777362
 1.06973 3.72379 -2.81279 0.773814
 1.10787 3.47336 -2.87161 0.839929
 1.14983 3.15153 -2.80574 0.85879

Fourier series term #1
 -0.000382032 -0.0261807 -0.0120123 0.00217627
 -0.000486932 -0.0276453 -0.0133148 0.00253637
 -0.000579014 -0.0290369 -0.0119655 0.00257369
 -0.000685823 -0.0323838 -0.0100701 0.00250871
 -0.000767757 -0.0333249 -0.00486077 0.00172471
 -0.000829186 -0.0318252 0.00356696 -2.12437e-08
 -0.000863208 -0.0260483 0.0145439 -0.00290038
 -0.00090926 -0.0141322 0.0248704 -0.00659568
 -0.000977182 -0.00537156 0.0276783 -0.00820735
 -0.00111014 0.00535821 0.0270995 -0.00900871
 -0.00131256 0.0179157 0.0214907 -0.00822187
 -0.00147108 0.030907 0.0101838 -0.00517908
 -0.00293875 -0.166525 -0.07433 0.0153332
 -0.00369879 -0.18228 -0.0662495 0.0157552
 -0.00426772 -0.192419 -0.0482156 0.0138422
 -0.0048204 -0.198093 -0.0160535 0.00856038
 -0.00515445 -0.184954 0.0343896 -0.00266673
 -0.00522286 -0.145174 0.0970403 -0.0207014
 -0.00525179 -0.0720228 0.152921 -0.0428412
 -0.00548237 -0.0211755 0.167059 -0.0524117
 -0.00605387 0.0397868 0.16239 -0.0573805
 -0.00699852 0.109943 0.130018 -0.0533918
 -0.00768923 0.182662 0.0658261 -0.0365434
 -0.00587422 -0.288049 -0.0758334 0.021436
 -0.00682047 -0.304369 -0.0422729 0.0164623
 -0.00751056 -0.2948 0.0153896 0.00467831
 -0.00799337 -0.263085 0.0888749 -0.0137957
 -0.00820177 -0.191851 0.168926 -0.039442
 -0.00858934 -0.0726875 0.228048 -0.0670586
 -0.00921749 0.00625219 0.234443 -0.0769833
 -0.0103992 0.0985779 0.212888 -0.0793319
 -0.0121074 0.2028 0.152293 -0.0683945
 -0.0132823 0.309156 0.0491202 -0.0395965
 -0.0085892 -0.350433 -0.00950774 0.0111886
 -0.00935673 -0.338254 0.0569134 -0.00370578
 -0.00962496 -0.283587 0.139703 -0.0267243
 -0.00967121 -0.192114 0.218884 -0.0547495
 -0.0100016 -0.0514731 0.266701 -0.0817817
 -0.0106622 0.0397466 0.263012 -0.0898203
 -0.0118993 0.145152 0.227724 -0.0887032
 -0.0135826 0.262628 0.149645 -0.0723869
 -0.0143336 0.380411 0.0269562 -0.0365911
 -0.010465 -0.344224 0.118008 -0.0186824
 -0.0109804 -0.27927 0.195619 -0.0432037
 -0.0112942 -0.162447 0.263654 -0.0718197
 -0.0121786 -0.00328357 0.288924 -0.09514
 -0.0131797 0.0963113 0.270406 -0.0995588
 -0.0147223 0.210775 0.218162 -0.0935576
 -0.0165391 0.337428 0.121605 -0.0711259
 -0.0169569 0.461628 -0.0183339 -0.0287703
 -0.0119786 -0.231188 0.251254 -0.0637207
 -0.0126739 -0.108682 0.294782 -0.0880875
 -0.0139868 0.0691471 0.2893 -0.104614
 -0.0152334 0.174731 0.252445 -0.103639
 -0.0169402 0.293004 0.181182 -0.0911207
 -0.0186508 0.421706 0.0666375 -0.0616353
 -0.018373 0.544168 -0.0864603 -0.0131207
 -0.0141055 -0.0123922 0.302399 -0.102028
 -0.0160637 0.162222 0.25792 -0.106505
 -0.0175282 0.273661 0.199735 -0.0983756
 -0.0192658 0.395044 0.107501 -0.0778148
 -0.0205837 0.520581 -0.0238266 -0.0405529
 -0.0191425 0.632057 -0.18395 0.0131265
 -0.0187009 0.297135 0.173074 -0.0935641
 -0.0202587 0.395147 0.095268 -0.076211
 -0.0217221 0.51038 -0.0158208 -0.0465224
 -0.0220967 0.628671 -0.160385 -0.00155638
 -0.0187158 0.722258 -0.319133 0.0552548
 -0.0217214 0.476203 0.0112903 -0.0541675
 -0.0227801 0.57572 -0.103169 -0.0206046
 -0.0222758 0.680809 -0.24742 0.026735
 -0.0174581 0.759759 -0.398169 0.0828508
 -0.0230466 0.650589 -0.213901 0.0152054
 -0.0213233 0.730463 -0.347731 0.0621887
 -0.0146962 0.784817 -0.479927 0.114265
 -0.0177166 0.772723 -0.456339 0.103926
 -0.00894313 0.78848 -0.553611 0.146293
 0.00200389 0.754585 -0.598058 0.171879

Fourier series term #2
 -1.96003e-05 -0.00141034 -0.000627792 0.000114365
 -2.91639e-05 -0.00211785 -0.00102551 0.000197429
 -3.42561e-07 -0.000216944 -0.000290954 5.77577e-05
 -4.11431e-06 -0.000595747 -0.000582783 0.00012745
 9.27404e-07 -0.000418128 -0.000653076 0.000152603
 1.76046e-06 -0.00060903 -0.000832969 0.000217891
 -6.88524e-07 -0.00116853 -0.000953353 0.000295431
 6.86216e-06 -0.00110193 -0.000679802 0.000252779
 9.25298e-06 -0.0011999 -0.00045938 0.000205586
 8.5512e-06 -0.00154092 -0.000126145 0.000126423
 4.24406e-06 -0.00181481 0.00032044 -7.55803e-06
 -8.94204e-06 -0.00166023 0.000657784 -0.000144636
 -0.000547203 -0.0429144 -0.0216703 0.0044386
 -0.000185897 -0.0212691 -0.0170728 0.00370571
 -5.48766e-05 -0.0164435 -0.019639 0.00450395
 -3.31797e-05 -0.0210378 -0.0263426 0.00662327
 -1.4778e-05 -0.0279108 -0.0318363 0.00898328
 7.27547e-06 -0.0378189 -0.0327948 0.0107805
 8.00952e-05 -0.0493941 -0.0246903 0.0103352
 0.000148995 -0.054331 -0.0160366 0.00851795
 0.00020927 -0.057526 -0.00443829 0.00531619
 0.000160539 -0.0576482 0.00867908 0.000891265
 -0.00022003 -0.0522833 0.0193976 -0.0036
 -0.000448147 -0.0594588 -0.0453388 0.0107564
 -0.000254834 -0.0589802 -0.0552109 0.0138632
 -5.78273e-05 -0.0619302 -0.0647619 0.017584
 3.59219e-06 -0.0814903 -0.073394 0.0223876
 0.000111963 -0.107322 -0.0700379 0.0251816
 0.000415631 -0.132312 -0.045949 0.0221884
 0.000643153 -0.142334 -0.024559 0.0172019
 0.000834494 -0.148659 0.00251989 0.00934652
 0.000747284 -0.148406 0.0322446 -0.000989638
 -0.00015918 -0.135993 0.0561464 -0.0112825
 -0.000589712 -0.0944036 -0.0820202 0.0218405
 -0.000504204 -0.112249 -0.0967162 0.0280539
 -0.000370556 -0.134445 -0.10141 0.0330235
 -0.000206824 -0.169848 -0.0907126 0.035258
 0.000262828 -0.20421 -0.0530166 0.029496
 0.000619663 -0.21703 -0.0221762 0.0218675
 0.000919844 -0.22486 0.0158255 0.0104435
 0.000808673 -0.2241 0.0570864 -0.00426069
 -0.000495636 -0.206807 0.0901586 -0.0188148
 -0.000515772 -0.170909 -0.120555 0.0388717
 -0.000325628 -0.210252 -0.121343 0.0445078
 0.000114118 -0.247898 -0.0982137 0.0442054
 0.00085593 -0.288738 -0.045355 0.0345468
 0.00133114 -0.304957 -0.00527845 0.0240525
 0.00169173 -0.314949 0.0431488 0.00892578
 0.00147281 -0.313986 0.0951563 -0.0101841
 -0.000353523 -0.291984 0.13652 -0.0289806
 -0.000309288 -0.289918 -0.120276 0.0521408
 0.000294577 -0.341803 -0.0859205 0.0496046
 0.00135339 -0.3816 -0.017467 0.0346888
 0.00194451 -0.399762 0.031013 0.0210872
 0.00234497 -0.412322 0.0885209 0.00234454
 0.00197738 -0.412437 0.149692 -0.0208612
 -0.000437089 -0.387145 0.197748 -0.0434687
 0.000914661 -0.433872 -0.0417646 0.0459855
 0.00215765 -0.487841 0.0405852 0.026308
 0.00280758 -0.504401 0.0958305 0.00939105
 0.00313567 -0.515756 0.159685 -0.012751
 0.00244917 -0.515493 0.226579 -0.0392679
 -0.00076208 -0.487171 0.277639 -0.0644837
 0.00330737 -0.586395 0.139089 0.00234718
 0.00383397 -0.6157 0.201787 -0.0175122
 0.00380314 -0.627925 0.269145 -0.0422853
 0.00243525 -0.62205 0.335235 -0.0704198
 -0.00192531 -0.584954 0.380648 -0.0954842
 0.0041116 -0.658236 0.269151 -0.038702
 0.00374601 -0.67943 0.339522 -0.0645893
 0.00177363 -0.673728 0.403504 -0.0925848
 -0.00343023 -0.629396 0.440773 -0.115622
 0.00282087 -0.713414 0.413464 -0.0913764
 6.4759e-05 -0.713021 0.475562 -0.118672
 -0.00622357 -0.664713 0.503286 -0.138604
 -0.00382235 -0.721371 0.535296 -0.144467
 -0.0114261 -0.674096 0.55293 -0.160133
 -0.0203288 -0.631309 0.560327 -0.170556

Fourier series term #3
 1.03305e-07 5.94345e-06 3.0654e-06 -5.53762e-07
 -1.96201e-06 -0.000144325 -6.41174e-05 1.23989e-05
 -1.9483e-06 -0.000132816 -5.72251e-05 1.23178e-05
 2.93313e-07 2.07892e-05 1.06082e-05 -2.55831e-06
 2.0559e-06 0.000144404 5.59775e-05 -1.51436e-05
 -3.2436e-06 -0.000225789 -7.51916e-05 2.35415e-05
 1.15976e-06 8.84539e-05 1.02111e-05 -5.87908e-06
 2.39569e-06 0.000203199 -1.18076e-06 -8.53369e-06
 -8.59079e-07 -0.000123782 -1.76173e-05 1.10279e-05
 -2.27779e-06 -0.000334979 2.40401e-05 9.1047e-06
 -9.7498e-07 -0.000211581 3.67474e-05 -1.47117e-06
 2.80669e-06 0.000124028 -6.8625e-05 1.75741e-05
 -0.000342767 -0.02515 -0.0109873 0.0022847
 -0.000118963 -0.00851061 -0.00346602 0.00080258
 -2.21748e-05 -0.0013776 -0.000314868 7.54796e-05
 -1.21451e-05 -0.000708313 -0.00033509 6.53628e-05
 3.962e-06 4.42862e-05 -0.000950908 0.000197176
 3.59454e-05 0.00107009 -0.0022243 0.000526531
 7.45347e-05 0.000790027 -0.00408841 0.0011715
 9.99053e-05 -0.000149927 -0.00476556 0.00151185
 0.000135539 -0.00151195 -0.00483487 0.00170798
 0.000181223 -0.00306029 -0.00402593 0.00161235
 0.000214085 -0.00448692 -0.00234588 0.00114693
 -0.000370483 -0.0290115 -0.0113628 0.00290088
 -0.000223029 -0.0175613 -0.00683457 0.00185223
 -3.79061e-05 -0.00379956 -0.00315677 0.000750042
 6.17031e-05 0.000705995 -0.00535977 0.00122408
 0.000168283 0.00149891 -0.0105337 0.00277418
 0.000332461 -0.00111483 -0.0157817 0.00486079
 0.000456562 -0.00429424 -0.0170032 0.00572239
 0.000622107 -0.00880329 -0.0161138 0.00602194
 0.000817878 -0.0142653 -0.0122751 0.00531139
 0.00095551 -0.0194297 -0.00562679 0.00336848
 -0.000373967 -0.0283992 -0.0121542 0.00341011
 -0.000162253 -0.0156068 -0.0110724 0.00302739
 0.000101029 -0.0019453 -0.0132261 0.00337547
 0.000295729 -0.000602993 -0.0211774 0.0059515
 0.000571589 -0.00686152 -0.0283274 0.00920467
 0.000785314 -0.012549 -0.0290446 0.0102834
 0.00106658 -0.0199794 -0.0261808 0.0103108
 0.00139318 -0.0281803 -0.0188379 0.00868269
 0.00160455 -0.0356634 -0.00747104 0.00517868
 -0.000153596 -0.0267871 -0.0210889 0.00624422
 0.000157556 -0.017255 -0.0274584 0.00816555
 0.000579976 -0.0099085 -0.0357145 0.0110801
 0.00108804 -0.019626 -0.042232 0.0149413
 0.00145825 -0.028439 -0.0411111 0.0159069
 0.00192504 -0.0389885 -0.0349353 0.0152435
 0.00243214 -0.0502335 -0.0226794 0.0121932
 0.00272812 -0.0598079 -0.00547682 0.00663162
 0.00033743 -0.0360246 -0.0426721 0.0142106
 0.000906554 -0.0370421 -0.0517193 0.0184302
 0.00176879 -0.0426893 -0.05396 0.0213746
 0.00233704 -0.0526452 -0.0494754 0.0215495
 0.00301422 -0.0658658 -0.0386108 0.0195954
 0.00370396 -0.0800037 -0.0203075 0.0145674
 0.00404171 -0.0912495 0.00332099 0.00653568
 0.00154768 -0.0715751 -0.0606762 0.0252245
 0.00277838 -0.0864067 -0.0558511 0.0269608
 0.00359348 -0.0931654 -0.0467107 0.0253984
 0.00448968 -0.103962 -0.0306767 0.0213582
 0.00532406 -0.117883 -0.00642804 0.0138944
 0.00559675 -0.128813 0.0227674 0.00333037
 0.00434538 -0.138216 -0.0371259 0.0267722
 0.00536681 -0.153892 -0.0198467 0.0228265
 0.00641075 -0.163391 0.00241229 0.0159871
 0.00721489 -0.17001 0.0297272 0.0061815
 0.00722885 -0.172853 0.0596646 -0.00605718
 0.0064346 -0.181034 0.00394679 0.0172636
 0.0074786 -0.197345 0.0317739 0.00859318
 0.00812817 -0.202915 0.0608959 -0.00239568
 0.0077978 -0.198734 0.0878937 -0.0145092
 0.00835924 -0.223802 0.0662536 -0.00201624
 0.00873211 -0.234043 0.0992894 -0.0145221
 0.00790547 -0.225157 0.12309 -0.0262065
 0.00853216 -0.251339 0.13609 -0.0281875
 0.0069834 -0.24235 0.157358 -0.0390536
 0.00452602 -0.236174 0.176289 -0.0486915

Fourier series term #4
 6.63427e-07 4.81119e-05 2.13042e-05 -3.85204e-06
 4.4058e-07 3.08834e-05 1.3858e-05 -2.65482e-06
 -6.8142e-07 -4.87539e-05 -2.12544e-05 4.52062e-06
 1.63127e-06 0.000111539 4.69364e-05 -1.11569e-05
 -1.23766e-06 -8.53797e-05 -3.23782e-05 8.78277e-06
 -5.05731e-07 -4.29668e-05 -1.42169e-05 4.47274e-06
 2.35974e-06 0.000169949 3.92357e-05 -1.60232e-05
 -1.47368e-06 -0.000155391 -1.03359e-05 9.609e-06
 -1.54529e-06 -0.000197601 3.92849e-06 8.08015e-06
 2.58217e-07 -2.74693e-05 2.87159e-06 4.37908e-07
 2.07826e-06 0.000177201 -4.84984e-05 7.02752e-06
 3.11122e-06 0.000188667 -7.6788e-05 1.73788e-05
 -0.000185351 -0.0137318 -0.00600108 0.00124915
 -7.94541e-05 -0.00577973 -0.00249279 0.000578296
 -6.78843e-06 -0.000446663 -0.000112964 3.24274e-05
 -6.51921e-06 -0.000332023 5.82369e-05 -5.52086e-06
 -1.00582e-05 -0.000420402 0.000164006 -2.94481e-05
 -9.34192e-06 -7.06091e-05 0.000384406 -0.000106859
 -1.03015e-05 0.000241435 0.000385286 -0.00013614
 -9.71812e-06 0.000415579 0.000252832 -0.000111714
 -7.51791e-06 0.000589254 3.48965e-05 -5.47814e-05
 -3.03884e-06 0.000640209 -0.000204518 2.53027e-05
 6.32045e-06 0.000502161 -0.000349049 9.21637e-05
 -0.00027832 -0.0220722 -0.00881004 0.00227087
 -0.000177572 -0.0138393 -0.00485588 0.00139686
 -6.16593e-05 -0.00368684 -0.000182561 0.000140117
 -5.14923e-05 -0.00145506 0.00137326 -0.000321936
 -6.00672e-05 -0.000339357 0.00198994 -0.000579679
 -6.0046e-05 0.00179313 0.00165691 -0.000654493
 -5.92926e-05 0.00269455 0.000906756 -0.000499545
 -5.28727e-05 0.003199 -0.000149511 -0.000194937
 -3.01121e-05 0.00311186 -0.00121893 0.000192633
 2.22234e-05 0.00226464 -0.00178191 0.000485065
 -0.000340462 -0.0244842 -0.0077093 0.00240257
 -0.000242393 -0.0157711 -0.00279904 0.00115137
 -0.00012551 -0.00417235 0.00242215 -0.000539254
 -0.000111122 0.000421605 0.00384324 -0.0012125
 -0.000119464 0.00355583 0.00269359 -0.0011537
 -0.000118867 0.00488679 0.00119584 -0.000798306
 -0.000103192 0.00598441 -0.000778822 -0.00021993
 -6.08369e-05 0.00596943 -0.00267643 0.000475171
 2.96949e-05 0.00419874 -0.00347833 0.000952203
 -0.000382155 -0.0265753 -0.00372445 0.00187738
 -0.000299955 -0.0151009 0.00168757 6.65475e-05
 -0.000218017 -0.00023256 0.00508883 -0.00168401
 -0.000218047 0.0064865 0.00300956 -0.00157481
 -0.000220491 0.00790022 0.000703969 -0.000957107
 -0.000197694 0.0086692 -0.00202007 -7.5729e-05
 -0.000127059 0.0082351 -0.00446794 0.000889857
 1.88395e-05 0.00590864 -0.00543162 0.00152142
 -0.000451086 -0.0244401 0.00178473 0.000500718
 -0.000394389 -0.010008 0.0042552 -0.00102147
 -0.000345547 0.00675296 0.00204538 -0.00145369
 -0.00034012 0.0101238 -0.000843254 -0.000737939
 -0.000309885 0.0107761 -0.00392601 0.000329299
 -0.000214317 0.00959969 -0.00639594 0.00142144
 -2.25101e-05 0.00649259 -0.00703322 0.00204954
 -0.000533789 -0.0198339 0.00347499 -0.000166932
 -0.00051923 -0.00587001 0.00125946 -0.000363002
 -0.000484942 0.00314484 -0.0018595 6.92623e-05
 -0.000438024 0.00844993 -0.00544334 0.00100453
 -0.000320178 0.00876806 -0.00780395 0.00199073
 -0.000112064 0.00547807 -0.00767413 0.00237967
 -0.000598075 -0.0210494 0.0031362 0.000300881
 -0.000585293 -0.0182079 0.00254621 0.00036925
 -0.000524308 -0.0107433 0.000242113 0.00062137
 -0.000441024 -0.00329809 -0.00331854 0.00143954
 -0.000266269 -0.00124223 -0.00418651 0.00166092
 -0.000577732 -0.0259374 0.00611248 -0.000182777
 -0.00055021 -0.0243119 0.00691133 -0.000574511
 -0.00050903 -0.0170837 0.00475088 -0.000364971
 -0.00042643 -0.0105455 0.00221632 3.98882e-05
 -0.000596643 -0.0332031 0.013438 -0.00219974
 -0.000654605 -0.0320933 0.0156919 -0.00321578
 -0.00072265 -0.0242904 0.0133047 -0.00309221
 -0.000930404 -0.0408549 0.0247016 -0.0059998
 -0.00127834 -0.0379596 0.0264594 -0.00717849
 -0.00211474 -0.0428625 0.0339832 -0.00992531

Fourier series term #5
 1.59767e-07 1.10382e-05 4.97254e-06 -9.17511e-07
 -5.04949e-07 -3.43857e-05 -1.55774e-05 3.03538e-06
 5.5309e-07 3.72814e-05 1.65768e-05 -3.61323e-06
 -5.51823e-08 -3.36915e-06 -1.15595e-06 2.51273e-07
 -6.80932e-07 -4.77228e-05 -1.85681e-05 4.99368e-06
 9.68355e-07 6.84223e-05 2.18255e-05 -6.96872e-06
 -3.04055e-07 -2.33612e-05 -4.12315e-06 1.85156e-06
 -6.29794e-07 -6.18867e-05 -5.9441e-06 4.37259e-06
 4.04659e-07 3.51042e-05 -1.95202e-06 -1.05872e-06
 8.87235e-07 0.00010115 -1.40387e-05 -6.06894e-07
 5.07487e-07 6.23552e-05 -1.6045e-05 2.16275e-06
 -5.80327e-07 -4.03979e-05 1.76268e-05 -4.12417e-06
 -8.5461e-05 -0.00639928 -0.00277209 0.000577761
 -5.10977e-05 -0.00374491 -0.00162863 0.000377401
 -5.41226e-06 -0.000379281 -0.000166604 4.23529e-05
 1.92251e-06 0.000113136 3.64254e-05 -1.08499e-05
 -1.47926e-06 -0.000127733 -4.34711e-05 1.52162e-05
 -1.63573e-06 -0.000117675 -3.22317e-06 6.21908e-06
 -9.1043e-07 -3.0229e-05 4.59136e-05 -1.18589e-05
 -2.00621e-06 -6.19655e-05 6.61166e-05 -1.72911e-05
 -3.36888e-06 -7.20438e-05 9.12856e-05 -2.61453e-05
 -4.00422e-06 8.02913e-06 8.22987e-05 -2.95405e-05
 -3.29517e-06 0.000115054 2.21231e-05 -1.55499e-05
 -0.000202107 -0.0162307 -0.00663928 0.00170378
 -0.000125201 -0.0102584 -0.00405988 0.00113975
 -2.47997e-05 -0.0021436 -0.000799636 0.000252873
 -4.50751e-06 -0.000471864 -7.11173e-05 3.86276e-05
 -1.19682e-05 -0.000905734 9.00112e-05 1.85099e-05
 -1.82739e-05 -0.000733579 0.00051279 -0.000116274
 -2.17414e-05 -0.000369876 0.000663375 -0.000191894
 -2.71201e-05 5.61541e-05 0.000663046 -0.000228867
 -3.34924e-05 0.00043976 0.000481643 -0.000200841
 -3.49774e-05 0.000718841 0.000165026 -0.000108597
 -0.000249881 -0.0190961 -0.00710992 0.0021361
 -0.000153387 -0.0121565 -0.00408113 0.00138602
 -4.11936e-05 -0.00333467 -0.000604211 0.000294005
 -3.3146e-05 -0.00192292 0.000582314 -7.01004e-05
 -4.67976e-05 -0.00155345 0.0013994 -0.000349423
 -5.69008e-05 -0.000971537 0.00166357 -0.000487755
 -6.92282e-05 7.67901e-05 0.00160677 -0.000559928
 -8.24718e-05 0.00111629 0.00110738 -0.000475425
 -8.22561e-05 0.00183423 0.000299659 -0.000235321
 -0.00024865 -0.0224884 -0.00638027 0.00249346
 -0.00016496 -0.0152217 -0.00261684 0.00139844
 -8.51075e-05 -0.00527184 0.00130218 -0.000109344
 -0.000102722 -0.00219946 0.00296281 -0.000831315
 -0.000124404 -0.00105243 0.00318031 -0.0010179
 -0.000152309 0.000398809 0.00288592 -0.00106183
 -0.000179572 0.00201567 0.00192613 -0.000870247
 -0.000178407 0.003483 0.000378915 -0.00041096
 -0.000275766 -0.0268979 -0.00260944 0.00212769
 -0.000220412 -0.0179039 0.00205917 0.000400333
 -0.000198266 -0.00466694 0.0049321 -0.00137222
 -0.000229462 -0.000958818 0.00493238 -0.00169598
 -0.000272888 0.00166797 0.00407138 -0.00165462
 -0.000314831 0.00381818 0.00243765 -0.00126962
 -0.000315727 0.00561631 0.000193576 -0.00056532
 -0.000345963 -0.0297408 0.0051876 0.000250406
 -0.000351057 -0.0168953 0.0082415 -0.00166706
 -0.000393756 -0.00681266 0.0075244 -0.00226272
 -0.000442174 0.000847134 0.00543697 -0.00220625
 -0.000508254 0.0059962 0.00228733 -0.00151132
 -0.000482756 0.00859881 -0.000925492 -0.000478126
 -0.000505172 -0.0283404 0.0137285 -0.00273258
 -0.000579731 -0.0230029 0.0139861 -0.00333063
 -0.000657915 -0.0114772 0.0107532 -0.0032327
 -0.000726182 0.000811231 0.00464535 -0.00206041
 -0.000688453 0.00921773 -0.00181436 -0.000285265
 -0.000671301 -0.0263545 0.0167671 -0.004125
 -0.00077776 -0.0199164 0.0152573 -0.00421234
 -0.000860056 -0.00743519 0.00909466 -0.00306849
 -0.000813167 0.0050311 0.000288117 -0.000757782
 -0.000911565 -0.0231559 0.0180465 -0.00505684
 -0.00102562 -0.0159126 0.014499 -0.00443184
 -0.00100294 -0.00289847 0.00533598 -0.0020408
 -0.00120762 -0.0186198 0.0168982 -0.00518461
 -0.00124502 -0.0107898 0.0112649 -0.00372402
 -0.00147314 -0.0121926 0.0124296 -0.00407965


