**************************************************************
***  MERIS LUT-169: Fourier series terms (s0,..,s5)[TERM]] ***
***                 of polynomial coefficients (k0,..,k3)  ***
***                 for each of 81 aerosol models [IAER],  ***
***                 & for each of 78 geometries [SVZA]     ***
***  - - - - - - - - - - - - - - - - - - - - - - - - - - - ***
***  => useful for multiplicative aer.scat.fct. retrieval  ***
**************************************************************

12 Gaussian angles (deg): SZA/VZA
------------------------         

 2.84 17.64 28.77 36.19 43.61 51.03 58.46 65.88 69.59 73.30 77.01 80.72

Coefficients: [SVZA x (k0,k1,k2,k3)]
------------                        

 Aerosol model #9
 - - - - - - -  

Fourier series term #0
 1.00827 1.02638 0.56266 -0.036024
 1.01022 1.14748 0.683207 -0.0526795
 1.01311 1.29082 0.855644 -0.0865764
 1.01549 1.3925 0.991325 -0.124393
 1.02062 1.72541 1.29954 -0.204735
 1.02637 2.1986 1.64915 -0.327813
 1.02799 2.72362 1.80212 -0.457089
 1.02037 3.44061 1.55417 -0.527046
 1.0107 3.86648 1.12925 -0.479581
 0.997867 4.31679 0.414739 -0.325665
 0.988854 4.74034 -0.603115 -0.0311329
 1.00687 4.9415 -1.74068 0.374388
 1.01204 1.20104 0.773601 -0.0722177
 1.01593 1.39383 0.994637 -0.118803
 1.02019 1.62473 1.2327 -0.178895
 1.0247 1.90289 1.48023 -0.263869
 1.02876 2.27861 1.70189 -0.375467
 1.02971 2.80622 1.79447 -0.496854
 1.02175 3.50368 1.49897 -0.551338
 1.01239 3.91266 1.06809 -0.497331
 1.00033 4.35791 0.368137 -0.342542
 0.992354 4.78049 -0.621986 -0.0521834
 1.01126 4.96989 -1.72499 0.345752
 1.01777 1.65617 1.21089 -0.163971
 1.02033 1.90063 1.40623 -0.226232
 1.02218 2.21136 1.5853 -0.307144
 1.02198 2.60423 1.68509 -0.397793
 1.01696 3.10092 1.59538 -0.471401
 1.00239 3.75775 1.12405 -0.459256
 0.98994 4.17158 0.641372 -0.375444
 0.974998 4.63086 -0.0885192 -0.195902
 0.964715 5.05967 -1.08892 0.112143
 0.982121 5.25502 -2.18003 0.516122
 1.02687 2.10453 1.60992 -0.317329
 1.02908 2.41068 1.74788 -0.404003
 1.02926 2.78103 1.78859 -0.492854
 1.02506 3.26056 1.65057 -0.560657
 1.01213 3.84938 1.13492 -0.534881
 1.00141 4.20694 0.644801 -0.444826
 0.989189 4.59615 -0.0669096 -0.264681
 0.982235 4.99482 -1.02105 0.0330667
 1.0027 5.19696 -2.06651 0.424784
 1.03079 2.67925 1.82337 -0.489118
 1.02936 3.04495 1.7905 -0.563411
 1.0233 3.49879 1.57266 -0.606831
 1.00886 4.07216 0.99798 -0.553227
 0.99778 4.41809 0.483287 -0.44788
 0.985839 4.77563 -0.240532 -0.25372
 0.980265 5.11322 -1.17851 0.0503741
 1.00305 5.25412 -2.17491 0.434475
 1.02566 3.38053 1.66041 -0.609261
 1.01742 3.82678 1.36135 -0.621221
 1.00111 4.38157 0.714858 -0.530275
 0.98955 4.71917 0.176527 -0.407088
 0.977919 5.08507 -0.563807 -0.197619
 0.973989 5.40697 -1.5041 0.11851
 1.00029 5.48991 -2.46662 0.502757
 1.00656 4.22784 0.967955 -0.58944
 0.988327 4.79599 0.252827 -0.457729
 0.976551 5.11886 -0.312294 -0.312211
 0.965997 5.47015 -1.06508 -0.0844571
 0.964931 5.78592 -2.00148 0.243231
 0.996627 5.8541 -2.93438 0.628286
 0.96952 5.3219 -0.520874 -0.278929
 0.958484 5.66547 -1.11571 -0.110082
 0.951099 5.96414 -1.86864 0.138176
 0.955383 6.24743 -2.76668 0.468714
 0.996113 6.27252 -3.6221 0.838543
 0.950155 5.92783 -1.69649 0.0692346
 0.944847 6.25866 -2.44029 0.319776
 0.953878 6.52916 -3.31429 0.650155
 1.00244 6.45239 -4.06665 0.994889
 0.943244 6.55474 -3.16124 0.573353
 0.960181 6.76073 -3.95711 0.88692
 1.01866 6.60152 -4.57956 1.19183
 0.989069 6.81167 -4.58384 1.15317
 1.05963 6.59329 -5.05256 1.40243
 1.14131 6.1826 -5.22264 1.54382

Fourier series term #1
 -0.00045189 -0.0526545 -0.0307712 0.00199225
 -0.000287686 -0.0180513 -0.0173429 0.00138976
 -0.000251784 -0.00446428 -0.0125241 0.00152136
 -0.000408183 -0.0127495 -0.0210626 0.00318689
 -0.00112454 -0.0656729 -0.0637605 0.0111315
 -0.000922483 -0.0525205 -0.0462851 0.0112038
 -0.000660663 -0.051446 -0.0241966 0.00948665
 -0.00032244 -0.0514111 0.00873405 0.0030665
 -0.00022635 -0.0500654 0.027381 -0.00219965
 -0.000320256 -0.0431962 0.0445947 -0.00843712
 -0.000813409 -0.0273853 0.0541236 -0.0136503
 -0.00183266 -0.00176113 0.0474719 -0.0141709
 -0.00126548 -0.0496663 -0.0692261 0.00705552
 -0.00268427 -0.114497 -0.145056 0.0195523
 -0.00398093 -0.180162 -0.210646 0.0349796
 -0.00500698 -0.251376 -0.255927 0.0532339
 -0.00535663 -0.325814 -0.254466 0.068528
 -0.00403278 -0.346548 -0.14026 0.0594027
 -0.00177465 -0.315085 0.0686149 0.0132785
 -0.00120862 -0.291759 0.178721 -0.0202304
 -0.00182331 -0.243725 0.27591 -0.0573903
 -0.00470871 -0.152289 0.327499 -0.0873665
 -0.0104711 -0.00946255 0.287318 -0.0900817
 -0.00466299 -0.240305 -0.264779 0.042351
 -0.00575304 -0.317845 -0.317875 0.0618985
 -0.0062784 -0.398716 -0.329535 0.0805672
 -0.00586055 -0.466341 -0.266866 0.0878546
 -0.00465777 -0.526096 -0.119402 0.0725999
 -0.00342489 -0.515642 0.129007 0.0156032
 -0.00399497 -0.446632 0.272585 -0.0303901
 -0.00682173 -0.32933 0.386252 -0.0774425
 -0.0131799 -0.16711 0.421409 -0.107483
 -0.0233892 0.0526055 0.327645 -0.0969543
 -0.00744661 -0.40603 -0.363448 0.0868259
 -0.00760362 -0.48587 -0.339512 0.101025
 -0.00671722 -0.557409 -0.237941 0.0987787
 -0.00485342 -0.59489 -0.0393736 0.0650131
 -0.00321908 -0.581735 0.232883 -0.00883303
 -0.00355745 -0.525845 0.379774 -0.0613569
 -0.00606357 -0.417369 0.49765 -0.115263
 -0.0123064 -0.23648 0.537044 -0.152692
 -0.0227248 0.034296 0.427488 -0.142921
 -0.00750185 -0.574153 -0.284604 0.108255
 -0.00614189 -0.631101 -0.139392 0.0903411
 -0.00431973 -0.652427 0.0852857 0.0405099
 -0.00349049 -0.593467 0.368204 -0.048809
 -0.00470617 -0.530571 0.49975 -0.10192
 -0.00822585 -0.415811 0.591173 -0.151596
 -0.0153654 -0.229186 0.597599 -0.180682
 -0.0261944 0.0388159 0.461984 -0.162421
 -0.00477057 -0.681625 0.0270981 0.0573692
 -0.00363519 -0.672302 0.259288 -0.0068546
 -0.00451357 -0.573136 0.512024 -0.10042
 -0.00696445 -0.476215 0.612165 -0.149976
 -0.011898 -0.334859 0.661488 -0.190075
 -0.0201462 -0.130335 0.614841 -0.202739
 -0.030711 0.133511 0.431024 -0.165677
 -0.00411101 -0.632557 0.458073 -0.0747667
 -0.00782095 -0.492628 0.644032 -0.159858
 -0.0117764 -0.37195 0.694802 -0.197962
 -0.0181093 -0.203896 0.682108 -0.219797
 -0.0275448 0.0259086 0.570655 -0.210073
 -0.0370668 0.298149 0.331133 -0.150045
 -0.0148012 -0.31 0.717776 -0.216994
 -0.0206716 -0.169689 0.700468 -0.234041
 -0.0283368 0.00150254 0.615953 -0.22941
 -0.0377401 0.244451 0.430161 -0.190261
 -0.0451364 0.516376 0.138863 -0.105759
 -0.0260119 -0.0441131 0.657242 -0.240759
 -0.0342129 0.156974 0.524802 -0.219028
 -0.0429 0.379683 0.311453 -0.164523
 -0.0482334 0.632136 0.00405543 -0.0686454
 -0.0434023 0.340572 0.353422 -0.177911
 -0.0504846 0.566432 0.108445 -0.107938
 -0.0517758 0.773724 -0.191878 -0.00682452
 -0.0532603 0.734331 -0.126176 -0.0328772
 -0.0496329 0.887502 -0.396015 0.0648181
 -0.0399838 0.945873 -0.586105 0.141339

Fourier series term #2
 -9.57955e-05 -0.011881 -0.00656442 0.000422841
 -3.07398e-05 -0.00337249 -0.0020585 0.000152797
 6.96253e-06 0.000981998 0.000626644 -8.69795e-05
 -1.42398e-05 -0.000726701 -0.000582059 3.09799e-05
 2.04234e-06 0.000985306 0.000574532 -0.000191704
 -3.00359e-05 0.000582751 -0.000851324 1.66654e-05
 -0.000156693 -0.00865354 -0.00796541 0.00182525
 -3.77755e-05 0.00835073 0.0016661 -0.000808059
 -6.26239e-05 0.0115681 0.00121513 -0.000888888
 -9.9074e-05 0.00072286 -0.00214578 0.000575999
 -6.84615e-05 -0.0147046 5.85513e-05 0.000669496
 -0.000151226 -0.0164303 0.00483138 -0.000919082
 -0.000157441 -0.0175966 -0.0119776 0.000817728
 0.000364997 0.0230591 0.0177173 -0.00319328
 0.00059623 0.0433951 0.0275268 -0.00593303
 0.000165734 0.0213595 -0.00641913 -0.0021186
 -0.000517256 -0.0142482 -0.0608183 0.00810362
 -0.000814241 -0.0322877 -0.098995 0.0198146
 -0.00029873 -0.0324944 -0.100895 0.0262426
 0.000242169 -0.0413812 -0.0932051 0.0276104
 0.00100989 -0.0529171 -0.0741186 0.0252105
 0.00180373 -0.0647162 -0.0423647 0.0174687
 0.00197975 -0.0723925 -0.00445327 0.0054043
 0.000484813 0.0343751 0.0148418 -0.00544868
 0.00034059 0.033633 -0.0101966 -0.00423877
 1.82178e-05 0.0243506 -0.0580898 0.00212979
 -0.000360872 -0.00380337 -0.129997 0.017635
 -0.000227942 -0.0590708 -0.207292 0.0421651
 0.00147099 -0.13007 -0.236464 0.0637951
 0.00314673 -0.157655 -0.209153 0.0644039
 0.00519177 -0.180464 -0.152124 0.0544217
 0.00713043 -0.207523 -0.070983 0.0332769
 0.00738844 -0.223068 0.019837 0.00345231
 -0.000128502 0.0264575 -0.0607798 0.00230041
 -0.000794393 0.00868316 -0.137946 0.0173663
 -0.00121771 -0.0149284 -0.226102 0.0412494
 -0.000935775 -0.0657148 -0.312506 0.0747166
 0.001215 -0.176579 -0.352895 0.107798
 0.00359061 -0.238498 -0.321497 0.111341
 0.00678007 -0.300603 -0.244238 0.0987418
 0.00983214 -0.346203 -0.119651 0.0647703
 0.0101752 -0.354152 0.018895 0.0165566
 -0.00147538 -0.0109984 -0.235915 0.0415022
 -0.0015812 -0.0456518 -0.341776 0.0756744
 -0.000540448 -0.124249 -0.435322 0.118804
 0.00323153 -0.236895 -0.450093 0.150379
 0.00661437 -0.317362 -0.403524 0.151903
 0.0109806 -0.415366 -0.301396 0.134135
 0.0152148 -0.510338 -0.136021 0.0887774
 0.0157277 -0.558304 0.0578136 0.0212071
 -0.000987833 -0.118612 -0.460057 0.120612
 0.0016137 -0.21298 -0.536854 0.165657
 0.0075084 -0.359415 -0.516837 0.192302
 0.0121549 -0.455088 -0.440738 0.185915
 0.0177562 -0.561486 -0.304331 0.156585
 0.0229111 -0.674115 -0.101764 0.0975471
 0.0233579 -0.754836 0.13674 0.0129839
 0.00624153 -0.353788 -0.589474 0.210344
 0.0145172 -0.530017 -0.516955 0.223228
 0.0207189 -0.656377 -0.406749 0.205824
 0.0273195 -0.778539 -0.231649 0.162115
 0.0324898 -0.887579 0.00436663 0.0874734
 0.032245 -0.980673 0.27983 -0.0145588
 0.0255571 -0.779246 -0.385621 0.218512
 0.0324963 -0.907721 -0.238199 0.185424
 0.0390413 -1.03403 -0.0302278 0.124953
 0.0438155 -1.18967 0.246239 0.0337157
 0.0403578 -1.26347 0.533864 -0.0796223
 0.0397063 -1.04929 -0.0689408 0.141779
 0.0463436 -1.19948 0.15565 0.0743832
 0.0503287 -1.36896 0.450079 -0.0255366
 0.0438757 -1.40344 0.713726 -0.136219
 0.0519127 -1.39008 0.401704 -0.000675096
 0.0532075 -1.50123 0.668363 -0.0987424
 0.0434287 -1.52338 0.910319 -0.204246
 0.0507773 -1.61126 0.920482 -0.193905
 0.0368099 -1.60735 1.119 -0.28558
 0.0178517 -1.59077 1.26576 -0.357185

Fourier series term #3
 3.52691e-05 0.00435024 0.00239557 -0.00015328
 2.5747e-05 0.00279303 0.0017354 -0.000134912
 -3.26808e-05 -0.0031164 -0.00213945 0.000217325
 -5.70609e-06 -0.000450788 -0.000322625 4.13372e-05
 5.50657e-05 0.00451471 0.00355721 -0.000558481
 -9.57208e-05 -0.00761465 -0.00584844 0.00115898
 2.82363e-05 0.00321967 0.00223972 -0.000572193
 4.15996e-05 0.00872103 0.00407646 -0.00137695
 -3.16601e-05 -0.00587049 -0.00183843 0.000758361
 -1.16979e-05 -0.0173119 -0.00191906 0.00137364
 -1.8014e-06 -0.0109765 0.00131304 7.96369e-05
 -3.18753e-05 0.00838344 -0.00272932 0.000533764
 -3.77621e-05 -0.00472032 -0.00262963 0.000258026
 -0.000296856 -0.0247802 -0.0182284 0.00227948
 0.00011707 0.008431 0.0090301 -0.00105537
 0.000440548 0.0295147 0.0298097 -0.00492891
 0.000143059 0.00650608 0.0122148 -0.00256682
 -0.000160343 -0.0120063 -0.00591782 0.00103561
 -0.000131713 0.00424487 -0.00332372 -0.000184506
 -0.000179437 0.00263636 -0.00754425 0.00113979
 -0.000170404 -0.000714016 -0.0104641 0.00243293
 -8.68651e-05 0.000465226 -0.0110988 0.00291439
 8.53554e-05 0.00443274 -0.011792 0.00328242
 8.55691e-05 0.00260117 0.00848624 -0.000763089
 0.000322917 0.0207009 0.0287871 -0.00396347
 0.000397979 0.0282669 0.040157 -0.00704385
 0.000343766 0.0370247 0.0435964 -0.0102359
 -6.26841e-05 0.0175034 0.0159246 -0.00665402
 -0.000310076 -0.0115862 -0.0215321 0.00237649
 -0.000215908 -0.00780706 -0.0307813 0.00520807
 -1.4043e-05 0.0045481 -0.0365061 0.00728699
 0.000466441 0.0060106 -0.03981 0.00941885
 0.00129222 -0.00407584 -0.0337367 0.00896969
 0.000484216 0.0224786 0.0411282 -0.0071849
 0.000634788 0.0386399 0.0582618 -0.0128839
 0.000322707 0.0378893 0.0496936 -0.014368
 -0.000226683 0.0434062 0.0256786 -0.0121941
 -0.000881697 0.0345048 -0.0281655 0.000918161
 -0.00093941 0.0166805 -0.0585577 0.0114619
 -0.000508515 -0.0124074 -0.0765305 0.0205905
 0.000353179 -0.0134929 -0.0777167 0.0232882
 0.00164114 -0.00744165 -0.0709271 0.0225123
 0.000483482 0.0399549 0.0603679 -0.0165894
 -6.99025e-06 0.04497 0.0464942 -0.0172212
 -0.00066406 0.0704836 0.0155375 -0.0140277
 -0.00141975 0.069417 -0.0504098 0.00402742
 -0.00139473 0.0590274 -0.0889838 0.0177116
 -0.000688921 0.0291556 -0.118587 0.0317226
 0.000938658 -0.00707211 -0.125024 0.0394909
 0.00323974 -0.042723 -0.102418 0.0365263
 -0.000626701 0.0678443 0.0266194 -0.0169983
 -0.00150202 0.0873352 -0.0216645 -0.00716966
 -0.00204141 0.0919477 -0.0981738 0.0164454
 -0.00165374 0.0896996 -0.137995 0.0316261
 -0.000451468 0.0735084 -0.169642 0.0468383
 0.00197897 0.033194 -0.177241 0.0565327
 0.0054883 -0.028298 -0.144232 0.052467
 -0.00232357 0.0943595 -0.0870815 0.0110846
 -0.00218331 0.11227 -0.164376 0.0377142
 -0.00110131 0.0922696 -0.203402 0.0556342
 0.000659421 0.090414 -0.22586 0.0680222
 0.00403864 0.0489321 -0.225506 0.0760337
 0.00863446 -0.014318 -0.180268 0.0677912
 -0.00072973 0.0885739 -0.237818 0.0696438
 0.000816287 0.0975101 -0.263129 0.0820736
 0.00358077 0.0811596 -0.273203 0.0919443
 0.00821023 0.0280714 -0.25108 0.0930189
 0.0138198 -0.0298368 -0.192763 0.0789889
 0.00299652 0.0787345 -0.280041 0.0941718
 0.00647483 0.0605382 -0.279371 0.100115
 0.011466 0.0149754 -0.249515 0.0970824
 0.0169272 -0.0628294 -0.168841 0.0754866
 0.0114523 0.0170622 -0.25832 0.100193
 0.0165285 -0.0326659 -0.21141 0.0902364
 0.0213235 -0.0922396 -0.130761 0.0655651
 0.0203936 -0.0894209 -0.151275 0.0746921
 0.0245373 -0.101687 -0.0972308 0.0543923
 0.0274114 -0.139091 -0.0229196 0.0279609

Fourier series term #4
 1.72009e-05 0.00215335 0.00116686 -7.44515e-05
 1.3207e-05 0.00148054 0.000890067 -6.89125e-05
 -1.11927e-05 -0.00113755 -0.000755606 7.61455e-05
 3.0123e-05 0.00258415 0.00189617 -0.000238341
 -2.48874e-05 -0.00215047 -0.00169323 0.00026879
 -9.2621e-06 -0.00126657 -0.000934176 0.000180164
 7.91358e-05 0.00639415 0.00438959 -0.00110541
 -1.89082e-05 -0.00699353 -0.00319883 0.00108829
 4.7889e-06 -0.00945344 -0.00288694 0.00120322
 4.31863e-05 -0.00140516 -0.000171818 0.00010462
 3.15273e-05 0.00994457 -0.00109142 -0.000130374
 8.54775e-05 0.0112871 -0.00370005 0.000762428
 7.19238e-06 1.93369e-05 0.000421664 -3.85574e-05
 -6.66502e-05 -0.00709619 -0.00473638 0.000522561
 -0.000189409 -0.0140917 -0.0120038 0.00170735
 5.83824e-05 0.00572628 0.0041166 -0.000573495
 0.00020879 0.014714 0.0131616 -0.00260863
 -9.93848e-06 -0.00463453 -0.00113761 0.000430483
 -6.47321e-06 -0.00504691 -7.66801e-05 0.000317902
 2.70455e-06 -0.00369641 0.000560555 4.17352e-05
 5.66787e-06 -0.000559812 0.000634242 -0.000195697
 -6.43647e-06 0.00320025 -4.14676e-05 -0.000193043
 -7.43688e-06 0.00413238 -0.0009227 9.06732e-05
 -0.000265437 -0.0240468 -0.01917 0.00253451
 -0.000126963 -0.0110043 -0.00920967 0.00160772
 0.000105335 0.0082303 0.00861168 -0.00109962
 0.000239237 0.0227557 0.023531 -0.00411588
 0.000162034 0.016428 0.0220632 -0.00466368
 2.37014e-05 -0.00947997 0.00721512 -0.00137124
 1.44053e-06 -0.0153368 0.00534278 -0.000872255
 -8.53603e-05 -0.00937048 0.00666827 -0.00166677
 -0.000190241 -0.00403998 0.00522155 -0.0016483
 -0.000203305 -0.00165288 0.00212469 -0.000861609
 5.92024e-05 0.00103682 0.00337538 -0.000172071
 0.000237036 0.00982758 0.0165607 -0.00241539
 0.000406834 0.016853 0.0309817 -0.00594795
 0.00047196 0.0275228 0.0432504 -0.0106717
 0.000106302 0.00910017 0.0337096 -0.00947273
 -9.38059e-05 -0.0112874 0.0221867 -0.00602108
 -0.000216142 -0.0152138 0.0147577 -0.00420502
 -0.00036406 -0.00881236 0.00985791 -0.00328528
 -0.000458123 -0.0110719 0.00777272 -0.0025117
 0.000365626 0.00771979 0.0267754 -0.00455154
 0.000606856 0.0215738 0.0487638 -0.0109061
 0.000477778 0.0164031 0.0592866 -0.0151801
 5.67069e-05 0.0336925 0.0625003 -0.0202313
 -0.000362934 0.0223615 0.0511371 -0.0176681
 -0.000754543 0.0145167 0.0354374 -0.0133947
 -0.000956323 0.000754698 0.0204869 -0.00808328
 -0.000961106 -0.0238895 0.0175604 -0.00560056
 0.000542136 0.00875675 0.0611572 -0.0146837
 0.000367201 0.0221866 0.0812152 -0.0234658
 -0.00045773 0.0395551 0.0824604 -0.0288167
 -0.00109211 0.0461155 0.0721736 -0.027887
 -0.00188562 0.0467288 0.0546697 -0.0235783
 -0.0023336 0.0397218 0.0305583 -0.0154986
 -0.00233667 0.0226911 0.0119386 -0.00739905
 -0.000278562 0.0284302 0.0953247 -0.0314204
 -0.00161518 0.038936 0.0958094 -0.0363827
 -0.00260065 0.0484676 0.0828947 -0.0345943
 -0.00387231 0.0793066 0.0607471 -0.0309687
 -0.00443633 0.064696 0.0335287 -0.0205593
 -0.0049166 0.0802582 -0.00232131 -0.00802382
 -0.00364734 0.0528632 0.0900057 -0.0394067
 -0.00512115 0.0811408 0.073744 -0.0377304
 -0.00630443 0.0823421 0.0523854 -0.0310795
 -0.00759099 0.103674 0.0173904 -0.0202672
 -0.0079731 0.0975371 -0.012171 -0.00748467
 -0.00652166 0.0692495 0.0623586 -0.0337556
 -0.00849986 0.106467 0.0333922 -0.0274645
 -0.0100566 0.128337 -0.00380526 -0.0153799
 -0.00983639 0.104146 -0.0249306 -0.00340069
 -0.00962042 0.113886 0.0141819 -0.0214919
 -0.0108378 0.129613 -0.0184547 -0.0101189
 -0.0107217 0.112444 -0.0379126 0.000598982
 -0.0115549 0.112786 -0.0308086 -0.00258203
 -0.0123043 0.112856 -0.0536932 0.0069241
 -0.0123543 0.100447 -0.0635056 0.014021

Fourier series term #5
 1.90403e-06 0.000245471 0.000129464 -8.20682e-06
 -6.30201e-06 -0.000680429 -0.000421759 3.27498e-05
 8.86413e-06 0.000837355 0.000578301 -5.88869e-05
 -2.59962e-07 1.36685e-05 -1.12752e-05 2.3321e-06
 -1.32331e-05 -0.00111092 -0.000845423 0.00013179
 2.81195e-05 0.00226087 0.0017487 -0.000347361
 -1.01788e-05 -0.000991968 -0.000667549 0.000175492
 -1.45941e-05 -0.00263067 -0.00128561 0.000422641
 7.5841e-06 0.00173849 0.000462437 -0.00020975
 1.78966e-06 0.00527474 0.000573911 -0.000418317
 -2.85899e-06 0.00348524 -0.000333461 -5.11857e-05
 5.15161e-06 -0.002494 0.000897239 -0.000186843
 -3.08769e-05 -0.00352118 -0.00204127 0.000190936
 5.1997e-05 0.00357847 0.00318462 -0.000379872
 -7.39997e-05 -0.00633372 -0.00483317 0.000661704
 -8.34358e-05 -0.00584723 -0.00534797 0.000882751
 9.88868e-05 0.00862256 0.00650635 -0.00132201
 -2.24249e-05 -0.00257589 -0.00117758 0.000367979
 1.41275e-05 0.00196888 0.00049663 -0.000241395
 1.86723e-06 -0.000139967 -0.000372724 0.000100904
 -4.84077e-07 -0.00359584 -0.000175442 0.000256827
 -7.24873e-06 -0.00278675 0.00106687 -0.000168728
 -2.21322e-05 0.00182288 0.000111967 -0.000105548
 -7.15639e-05 -0.00835625 -0.00572454 0.000675703
 -0.000167443 -0.0157112 -0.0131345 0.00187896
 -0.000172199 -0.0160545 -0.0136965 0.0024329
 6.3173e-05 0.00999619 0.00571828 -0.00117871
 0.000106254 0.0197201 0.0127975 -0.0031334
 2.25916e-05 -0.00281604 0.00181844 -0.000145169
 6.13154e-05 -0.00926617 -0.000285308 0.000612231
 5.65921e-05 -0.00370146 0.00105555 -8.81532e-06
 2.57357e-05 -0.000547568 0.00118173 -0.000218783
 1.05768e-05 -0.00260569 0.00200485 -0.000451189
 -0.000296926 -0.0219449 -0.0195854 0.00352302
 -0.000176614 -0.0119299 -0.0125014 0.00260089
 7.18512e-05 0.00686902 0.00368456 -0.000851822
 0.00019222 0.0178638 0.0148424 -0.00374851
 0.000164368 0.0208515 0.0150662 -0.00472315
 9.8205e-05 0.0068507 0.00870975 -0.0025486
 8.01925e-05 -0.0064717 0.00650765 -0.00136137
 9.11053e-05 -0.0139142 0.00753702 -0.00142129
 3.28035e-05 -0.0118731 0.00779384 -0.00183556
 -0.00010262 -0.00791721 -0.00870698 0.00211536
 6.31447e-05 0.00234571 0.00253848 -0.00020781
 0.0002534 0.0171452 0.0158953 -0.00426552
 0.000248866 0.0266805 0.0254268 -0.00805152
 0.000131449 0.0297547 0.0236045 -0.0084166
 -6.7821e-06 0.0208392 0.0185069 -0.00681753
 -5.17608e-05 0.000273326 0.0157744 -0.00497525
 -7.24718e-06 -0.0180331 0.016174 -0.00431003
 0.00017639 0.00454918 0.00756966 -0.0014887
 0.000262309 0.0126178 0.0191133 -0.00497688
 0.000323782 0.0181438 0.0319352 -0.00995916
 6.98794e-05 0.0302731 0.034054 -0.0121724
 -0.000210764 0.043358 0.0276308 -0.0117544
 -0.000391999 0.0367495 0.0197202 -0.00925461
 -0.000630665 0.0244936 0.0121481 -0.00576874
 0.000312761 0.00537678 0.0291345 -0.00784912
 0.000211529 0.0162444 0.0358178 -0.0118041
 -0.000208454 0.0334249 0.0416357 -0.015884
 -0.000639465 0.0395303 0.0369292 -0.0156567
 -0.00112543 0.047648 0.0250564 -0.0127825
 -0.00154377 0.0693755 0.000667199 -0.00565037
 -0.000319302 0.0234203 0.0474771 -0.0177891
 -0.000629571 0.0302929 0.0458809 -0.0186093
 -0.00119329 0.0451352 0.0369586 -0.0176136
 -0.00198298 0.0622406 0.0209167 -0.0138311
 -0.00250276 0.0742748 -0.00194453 -0.00621177
 -0.00108216 0.0267746 0.0436957 -0.0184005
 -0.00200806 0.0573487 0.0290183 -0.0165815
 -0.00295782 0.0765424 0.00997187 -0.0116286
 -0.00302826 0.0899801 -0.0179053 -0.00184599
 -0.00255151 0.0522395 0.0270552 -0.0162792
 -0.00349195 0.0974977 -0.00735504 -0.00794396
 -0.003411 0.103553 -0.031733 0.00156948
 -0.00257895 0.0858002 -0.00949997 -0.00590683
 -0.00220584 0.0980354 -0.0375872 0.00437986
 -0.0025144 0.0814081 -0.0421907 0.00837352


