**************************************************************
***  MERIS LUT-169: Fourier series terms (s0,..,s5)[TERM]] ***
***                 of polynomial coefficients (k0,..,k3)  ***
***                 for each of 81 aerosol models [IAER],  ***
***                 & for each of 78 geometries [SVZA]     ***
***  - - - - - - - - - - - - - - - - - - - - - - - - - - - ***
***  => useful for multiplicative aer.scat.fct. retrieval  ***
**************************************************************

12 Gaussian angles (deg): SZA/VZA
------------------------         

 2.84 17.64 28.77 36.19 43.61 51.03 58.46 65.88 69.59 73.30 77.01 80.72

Coefficients: [SVZA x (k0,k1,k2,k3)]
------------   

 Aerosol model #6
 - - - - - - -  

Fourier series term #0
 1.00521 0.919294 0.447631 -0.0234887
 1.00718 1.08135 0.591182 -0.0380958
 1.00956 1.19127 0.744149 -0.0649157
 1.01125 1.21968 0.837311 -0.0930441
 1.01672 1.56905 1.20341 -0.172572
 1.02419 2.10512 1.70841 -0.316016
 1.02702 2.63287 2.00149 -0.479538
 1.01911 3.4291 1.93316 -0.616689
 1.00711 3.91172 1.55119 -0.600194
 0.989726 4.42762 0.810097 -0.459161
 0.974262 4.94758 -0.322491 -0.146526
 0.987598 5.28657 -1.67446 0.320782
 1.00885 1.09305 0.660595 -0.0537287
 1.01238 1.27552 0.88499 -0.0928346
 1.01678 1.51781 1.16125 -0.150117
 1.02146 1.79088 1.45423 -0.23503
 1.02603 2.17437 1.75633 -0.35748
 1.02718 2.73453 1.96575 -0.507942
 1.01735 3.51111 1.79724 -0.612336
 1.00508 3.97913 1.39139 -0.580728
 0.987983 4.51616 0.660723 -0.434706
 0.972961 5.07106 -0.451118 -0.122075
 0.986781 5.40984 -1.77952 0.34377
 1.01814 1.52046 1.188 -0.154234
 1.02252 1.76555 1.45105 -0.226711
 1.02677 2.08003 1.72387 -0.328021
 1.02935 2.4608 1.9269 -0.449674
 1.0273 2.94959 1.96511 -0.572362
 1.01478 3.6212 1.63255 -0.628729
 1.00228 4.07072 1.20969 -0.583458
 0.985667 4.60348 0.501277 -0.434513
 0.971759 5.13615 -0.567724 -0.12584
 0.986442 5.45941 -1.84101 0.328853
 1.02446 2.01597 1.65986 -0.302203
 1.02729 2.33322 1.86484 -0.403061
 1.02804 2.71464 1.9767 -0.513495
 1.02373 3.22137 1.91968 -0.614028
 1.00831 3.85125 1.46106 -0.625134
 0.994665 4.25052 0.971688 -0.549068
 0.977862 4.69896 0.219836 -0.370599
 0.964427 5.22526 -0.843856 -0.0517969
 0.979755 5.61065 -2.09954 0.402256
 1.03161 2.60344 2.00058 -0.503457
 1.03117 2.98035 2.02947 -0.600058
 1.02545 3.46708 1.88538 -0.676421
 1.00893 4.08379 1.35155 -0.655163
 0.995209 4.48126 0.827583 -0.560925
 0.979151 4.89296 0.0514668 -0.362997
 0.968236 5.31909 -0.999307 -0.0324306
 0.987655 5.59101 -2.18916 0.412866
 1.0265 3.33696 1.94961 -0.668086
 1.0172 3.81613 1.69942 -0.707527
 0.997286 4.42948 1.07636 -0.64393
 0.98231 4.81553 0.518187 -0.52713
 0.965774 5.26015 -0.286941 -0.310202
 0.956048 5.68107 -1.35663 0.0390237
 0.979297 5.87145 -2.51549 0.488766
 1.00499 4.23804 1.33842 -0.698663
 0.982449 4.87236 0.629542 -0.589552
 0.966789 5.25296 0.0387682 -0.448303
 0.950873 5.68567 -0.797956 -0.204599
 0.944144 6.10883 -1.87718 0.162049
 0.972946 6.31413 -3.01918 0.615866
 0.958014 5.47655 -0.160002 -0.423843
 0.942819 5.88029 -0.804594 -0.249497
 0.931109 6.21257 -1.64545 0.022659
 0.929026 6.64084 -2.69359 0.393817
 0.968104 6.82233 -3.77782 0.841209
 0.929416 6.17403 -1.45228 -0.053844
 0.918827 6.57788 -2.28169 0.217704
 0.921592 7.00799 -3.32365 0.595681
 0.970336 7.03211 -4.27951 1.01521
 0.91344 6.98656 -3.10459 0.497266
 0.926285 7.28963 -4.05093 0.859947
 0.986462 7.2004 -4.85182 1.23387
 0.953979 7.39867 -4.80024 1.16945
 1.02863 7.2628 -5.44473 1.4865
 1.11705 6.90091 -5.75019 1.68342

Fourier series term #1
 -0.000389569 -0.0620186 -0.0335511 0.00179722
 -0.000261013 -0.0191628 -0.017927 0.00101214
 -0.000177457 0.00406185 -0.00691355 0.000505208
 -0.000255999 0.00370098 -0.0108918 0.00132473
 -0.00144364 -0.0900134 -0.0933583 0.0139374
 -0.00115467 -0.0570666 -0.0652172 0.0135345
 -0.000867826 -0.0552802 -0.0419289 0.01299
 -0.000376662 -0.0566704 -0.00336156 0.00679733
 -0.000155397 -0.0595656 0.0192255 0.00115517
 -0.000112335 -0.0548965 0.0430299 -0.0067299
 -0.000575082 -0.0371989 0.0596871 -0.0145001
 -0.00179913 -0.00608853 0.0566245 -0.0169619
 -0.00108795 -0.0377816 -0.061488 0.00435372
 -0.00253385 -0.0967171 -0.143965 0.0152511
 -0.00425936 -0.178127 -0.242251 0.0331926
 -0.00575691 -0.265484 -0.324676 0.0573829
 -0.00667691 -0.369422 -0.369524 0.0849774
 -0.00526519 -0.395787 -0.260632 0.0854848
 -0.00204858 -0.350169 -0.00722212 0.0374165
 -0.000883231 -0.337883 0.127942 0.000712116
 -0.00095031 -0.299188 0.259902 -0.0446578
 -0.00390569 -0.201417 0.348889 -0.087223
 -0.0110859 -0.0318467 0.32591 -0.0990219
 -0.00569742 -0.238464 -0.315704 0.043752
 -0.0075008 -0.322259 -0.405161 0.0696379
 -0.0086591 -0.413502 -0.455653 0.0986772
 -0.0083566 -0.492772 -0.418671 0.117593
 -0.0065452 -0.585456 -0.284632 0.11489
 -0.00287873 -0.617557 0.00630659 0.0563725
 -0.0013531 -0.555058 0.21107 -0.0054469
 -0.00200067 -0.434582 0.403476 -0.0785019
 -0.00686183 -0.274027 0.513822 -0.137638
 -0.0174174 -0.0463548 0.472124 -0.151579
 -0.00878842 -0.429533 -0.478887 0.098703
 -0.00925163 -0.515287 -0.482383 0.123007
 -0.00840867 -0.599752 -0.400526 0.133196
 -0.00602357 -0.65908 -0.202813 0.110383
 -0.00280336 -0.684147 0.102523 0.0388364
 -0.00198857 -0.645172 0.29135 -0.0217301
 -0.00351779 -0.54628 0.466532 -0.0918373
 -0.00981354 -0.362078 0.569352 -0.151848
 -0.0228857 -0.0422737 0.497037 -0.161515
 -0.00957737 -0.618758 -0.455184 0.14228
 -0.00778187 -0.685996 -0.315458 0.134424
 -0.00484605 -0.728237 -0.0797581 0.0921513
 -0.00178227 -0.694018 0.254312 -0.00213495
 -0.00156574 -0.658799 0.427041 -0.0635924
 -0.00377217 -0.560264 0.572689 -0.12923
 -0.0104702 -0.37706 0.637496 -0.179623
 -0.0231156 -0.0907905 0.545664 -0.181471
 -0.00573217 -0.754723 -0.153204 0.111593
 -0.00320719 -0.766661 0.103449 0.0498836
 -0.00193179 -0.680553 0.417029 -0.0548429
 -0.00319652 -0.597758 0.559027 -0.115383
 -0.00722399 -0.471684 0.65982 -0.171786
 -0.015578 -0.267659 0.663351 -0.204025
 -0.0282113 0.0102013 0.511693 -0.183051
 -0.00183841 -0.744624 0.343432 -0.0250774
 -0.00345471 -0.628045 0.59268 -0.125176
 -0.00672798 -0.50572 0.685644 -0.1773
 -0.0126715 -0.344733 0.713871 -0.213913
 -0.0226285 -0.112983 0.648016 -0.223433
 -0.0349359 0.186834 0.425297 -0.175213
 -0.00888087 -0.453338 0.734684 -0.204947
 -0.0143337 -0.331141 0.752753 -0.233738
 -0.0220192 -0.173683 0.705056 -0.243031
 -0.0328954 0.100143 0.542626 -0.218095
 -0.0434909 0.414602 0.25049 -0.139903
 -0.0218169 -0.199433 0.717964 -0.244332
 -0.0305151 0.00567146 0.613768 -0.235394
 -0.0408165 0.238069 0.425206 -0.193768
 -0.049674 0.548694 0.101655 -0.099572
 -0.0378821 0.174357 0.481075 -0.208424
 -0.0473821 0.423504 0.245511 -0.146986
 -0.0522133 0.676966 -0.0764154 -0.0440363
 -0.0525671 0.622524 0.0011287 -0.0732503
 -0.0521555 0.799357 -0.283627 0.0264739
 -0.0454818 0.892688 -0.50867 0.113475

Fourier series term #2
 -6.04586e-05 -0.0106804 -0.00527129 0.000283174
 -4.15086e-05 -0.00573874 -0.00338408 0.000218609
 5.7721e-06 0.00148263 0.000974275 -0.000110075
 -4.03681e-05 -0.00298887 -0.00202228 0.000183903
 9.98389e-06 0.00173429 0.00211952 -0.000413254
 -4.66014e-05 0.00197075 0.00040883 -0.000276791
 -0.000340773 -0.018619 -0.0173394 0.00387681
 -0.000100155 0.020202 0.00932553 -0.0032518
 -0.000198369 0.0288247 0.00907106 -0.00391351
 -0.000294934 0.00369596 -0.00268618 0.00051618
 -0.000139029 -0.0340053 -0.00114048 0.00204152
 -0.000302808 -0.0389701 0.0105829 -0.00178346
 -0.00025048 -0.032393 -0.0215582 0.00153575
 0.000558308 0.0356659 0.0331558 -0.00443915
 0.00099719 0.0693321 0.0588526 -0.00957613
 0.00046296 0.0348525 0.0139022 -0.00594353
 -0.0004319 -0.0163632 -0.061421 0.00584291
 -0.00103767 -0.0454577 -0.122726 0.0218232
 -0.000559275 -0.0349769 -0.125414 0.029721
 5.48708e-05 -0.0438534 -0.119365 0.0325519
 0.0010155 -0.0549163 -0.0989032 0.0309047
 0.00209466 -0.065805 -0.061213 0.0223777
 0.00253073 -0.0751566 -0.0139042 0.0079758
 0.000889955 0.0482808 0.0413126 -0.00878149
 0.000752807 0.051664 0.0197824 -0.00955779
 0.000219044 0.0491532 -0.0321178 -0.00475108
 -0.00091196 0.0141232 -0.134367 0.0150229
 -0.00183418 -0.0498067 -0.256725 0.0503559
 -0.00102095 -0.133651 -0.333146 0.0891379
 0.000682877 -0.162346 -0.312607 0.0953159
 0.00314997 -0.179098 -0.246934 0.0857746
 0.0058646 -0.208525 -0.149618 0.0619888
 0.00706652 -0.233528 -0.0329552 0.0248223
 0.000318711 0.0444983 -0.0331042 -0.00533788
 -0.000667124 0.0204055 -0.13009 0.0105801
 -0.0013711 0.00743383 -0.233512 0.0351194
 -0.00164479 -0.0435248 -0.357334 0.0770045
 0.000220373 -0.186402 -0.45087 0.129422
 0.00301699 -0.262383 -0.431162 0.140717
 0.0071978 -0.341344 -0.351813 0.132374
 0.0116647 -0.398961 -0.201698 0.0941884
 0.012993 -0.400349 -0.0246823 0.0339254
 -0.00197867 0.00778403 -0.244857 0.035447
 -0.00274578 -0.0161834 -0.377162 0.0737704
 -0.00262454 -0.100113 -0.517581 0.130336
 0.000794828 -0.22058 -0.578042 0.180349
 0.00461936 -0.31455 -0.547185 0.191544
 0.0102081 -0.441457 -0.445226 0.180272
 0.016517 -0.5761 -0.250339 0.131558
 0.0189704 -0.656626 0.00148113 0.0473538
 -0.00245893 -0.0981971 -0.5364 0.129163
 -0.000229643 -0.191111 -0.657092 0.188978
 0.00610463 -0.34599 -0.67703 0.234764
 0.0117391 -0.459459 -0.611158 0.237573
 0.0192052 -0.588538 -0.468241 0.212568
 0.0271238 -0.738955 -0.231294 0.1484
 0.0304362 -0.871627 0.0756662 0.0445444
 0.00413924 -0.340838 -0.755177 0.251345
 0.0135331 -0.528133 -0.711763 0.281966
 0.0210021 -0.675611 -0.61014 0.274481
 0.0300873 -0.82524 -0.415098 0.230712
 0.0384571 -0.957455 -0.134244 0.145096
 0.041672 -1.11698 0.215866 0.0228521
 0.0270451 -0.823564 -0.60022 0.294798
 0.0359826 -0.973828 -0.443605 0.265027
 0.0448232 -1.10003 -0.205771 0.197678
 0.0541314 -1.32778 0.133623 0.0927804
 0.0536668 -1.4596 0.514534 -0.0508409
 0.0441261 -1.10371 -0.268946 0.223209
 0.0540313 -1.29976 -0.00882076 0.15049
 0.0628971 -1.56491 0.367378 0.0309962
 0.058724 -1.60383 0.703783 -0.108332
 0.0646505 -1.57517 0.29635 0.064578
 0.0695463 -1.72609 0.632232 -0.0553634
 0.0613754 -1.76327 0.952937 -0.192073
 0.0694046 -1.85782 0.944552 -0.171707
 0.0560574 -1.88866 1.22917 -0.296598
 0.0362026 -1.89872 1.4465 -0.396115

Fourier series term #3
 4.87696e-05 0.00852201 0.00417075 -0.000218724
 3.62928e-05 0.00515973 0.00301482 -0.000197667
 -4.71825e-05 -0.00554799 -0.00368673 0.000325148
 -1.27954e-05 -0.00122172 -0.000867011 9.63179e-05
 9.67347e-05 0.00867124 0.00711843 -0.0010162
 -0.000199217 -0.0162796 -0.0138 0.00254607
 6.61132e-05 0.00723226 0.00592173 -0.00142318
 9.42345e-05 0.0204568 0.0121301 -0.00384113
 -6.07487e-05 -0.0141104 -0.00608842 0.00229994
 5.16456e-05 -0.042157 -0.00876212 0.00467462
 7.35331e-05 -0.0272139 0.00143967 0.000868823
 -0.000179173 0.0210958 -0.00578322 0.000901373
 -6.44254e-05 -0.0097078 -0.0056776 0.00051912
 -0.000473191 -0.0426831 -0.0335985 0.00365814
 0.000115821 0.0117364 0.0110359 -0.00104566
 0.000663453 0.0486999 0.0499177 -0.00731323
 0.000257543 0.0105679 0.0210598 -0.00366897
 -0.000191992 -0.024204 -0.0118821 0.00257337
 -0.000108618 0.00890515 -0.000265244 -0.00147704
 -0.000208025 0.00217176 -0.00864227 0.00105798
 -0.000191088 -0.00810169 -0.0136483 0.00334708
 -0.000110388 -0.00487905 -0.0126354 0.00330483
 1.24417e-05 0.00817276 -0.0146632 0.00374242
 9.52945e-05 0.00019825 0.00812406 -0.000348766
 0.000547963 0.0272178 0.0414682 -0.00506667
 0.000806608 0.039736 0.063661 -0.0100539
 0.000944115 0.0552607 0.0782401 -0.0167154
 0.000216494 0.0240251 0.0357673 -0.0112379
 -0.000642255 -0.0273569 -0.0317408 0.00580741
 -0.000710293 -0.0201166 -0.0462511 0.0102142
 -0.000650892 0.00738034 -0.0521354 0.0118909
 -0.000287067 0.0146065 -0.0594197 0.0155534
 0.000623937 -0.00089959 -0.0543063 0.0164296
 0.000668531 0.0278361 0.0575085 -0.00824123
 0.00110306 0.0571327 0.0944503 -0.0181213
 0.000766572 0.0508477 0.0846953 -0.0208441
 9.2266e-05 0.0555146 0.0582405 -0.0203985
 -0.000877916 0.0477854 -0.0133023 -0.00544246
 -0.00109491 0.017971 -0.0620414 0.0104057
 -0.000525326 -0.04164 -0.0939892 0.0260257
 0.000434434 -0.0373809 -0.094513 0.0288527
 0.00182515 -0.00925041 -0.0915864 0.0286923
 0.00110888 0.0528479 0.1006 -0.0236254
 0.000475389 0.0475522 0.0825107 -0.0247152
 -0.000271982 0.0975875 0.0613479 -0.0280227
 -0.00176499 0.0907015 -0.0292865 -0.00547309
 -0.00214784 0.0800864 -0.0861989 0.0129374
 -0.0016354 0.0340777 -0.135765 0.0344742
 0.000200454 -0.0195493 -0.152933 0.0478074
 0.003105 -0.0727596 -0.127122 0.0457592
 -9.34736e-05 0.084819 0.0746342 -0.0306525
 -0.00137621 0.109595 0.0208364 -0.0223883
 -0.00250834 0.118259 -0.0770558 0.00481268
 -0.00247806 0.120606 -0.135307 0.0249129
 -0.00142481 0.105553 -0.187962 0.0472932
 0.00146905 0.0502953 -0.210373 0.0640884
 0.00606356 -0.0389184 -0.176405 0.0630677
 -0.00287062 0.113642 -0.0600857 -0.00159352
 -0.0035513 0.149895 -0.157278 0.0284458
 -0.00270126 0.122149 -0.220763 0.0552701
 -0.00125799 0.139838 -0.255761 0.071022
 0.00260427 0.0847485 -0.271728 0.0871242
 0.00853934 -0.00798155 -0.22504 0.0826285
 -0.00263986 0.11085 -0.264665 0.0729405
 -0.00153695 0.136789 -0.29878 0.0874249
 0.00108661 0.130367 -0.320886 0.101734
 0.00643173 0.0628945 -0.310111 0.109996
 0.0132625 -0.00858887 -0.255064 0.10015
 0.000892799 0.12481 -0.324109 0.102857
 0.00453412 0.102606 -0.335062 0.114724
 0.0103857 0.0497402 -0.316777 0.118332
 0.0174724 -0.0671308 -0.215108 0.0936554
 0.00860035 0.0707512 -0.335456 0.122762
 0.015101 -0.0180085 -0.274929 0.112912
 0.0212317 -0.103853 -0.172662 0.0834003
 0.0204111 -0.102078 -0.193535 0.0927345
 0.0256061 -0.104155 -0.14026 0.0728543
 0.0289691 -0.145848 -0.0527668 0.0414134

Fourier series term #4
 1.84629e-05 0.00332964 0.00157095 -8.13999e-05
 1.84085e-05 0.00273643 0.00153607 -0.000101174
 -1.662e-05 -0.0021355 -0.0013643 0.000120258
 4.51679e-05 0.00452619 0.003287 -0.000366883
 -4.42757e-05 -0.00420047 -0.00348219 0.000502076
 -1.50156e-05 -0.00257472 -0.00201947 0.000364146
 0.000179892 0.0142119 0.0113521 -0.00269783
 -3.8955e-05 -0.0164045 -0.00960636 0.00306322
 3.31023e-05 -0.0225072 -0.00950503 0.00360588
 0.000111478 -0.00330526 -0.000712661 0.000341964
 4.88068e-06 0.0247443 -0.000924536 -0.000982295
 0.000106611 0.0287323 -0.00815843 0.00142217
 -5.11589e-07 -0.00151821 -0.000270446 4.20051e-05
 -4.70598e-05 -0.00832068 -0.00489706 0.000491387
 -0.000301826 -0.0245162 -0.0218067 0.00270793
 3.38961e-05 0.00730205 0.00398352 -0.000486084
 0.000346174 0.0274036 0.0251541 -0.00464173
 -1.19394e-05 -0.00937743 -0.00357144 0.00110648
 4.57342e-06 -0.00933447 -0.00154718 0.00102551
 3.34812e-05 -0.00686252 -9.48705e-05 0.000451678
 4.04592e-05 -0.000652708 0.00026351 -9.14484e-05
 -1.53921e-06 0.00758188 -0.000634392 -0.000247989
 -1.44131e-05 0.00963601 -0.00216031 0.00026145
 -0.00052906 -0.0423749 -0.0370184 0.0046322
 -0.000312324 -0.021511 -0.021277 0.00331269
 0.000190855 0.0138529 0.0135578 -0.00192438
 0.000491247 0.033674 0.0381801 -0.00678507
 0.00047927 0.0266437 0.0397783 -0.00859129
 0.00013751 -0.0141763 0.0100688 -0.0015603
 6.88414e-05 -0.0277102 0.00338098 0.000713685
 -1.08344e-05 -0.0171844 0.00824907 -0.00142697
 -0.000166101 -0.00788433 0.00791696 -0.00215116
 -0.000216407 -0.00507537 0.003198 -0.000939285
 5.33553e-05 0.00116963 0.0025033 4.90092e-05
 0.000252641 0.0124757 0.020165 -0.0024099
 0.000562276 0.0266293 0.0457587 -0.00804797
 0.000763474 0.046986 0.0692801 -0.0163377
 0.000316795 0.0149731 0.0542982 -0.0142839
 0.000120269 -0.0231507 0.0322697 -0.0075449
 2.59524e-05 -0.0273663 0.0204538 -0.00493939
 -0.000179984 -0.0158988 0.014037 -0.00408104
 -0.000267543 -0.0265266 0.0145006 -0.00380443
 0.000515628 0.00898807 0.035076 -0.00504918
 0.00106531 0.0359231 0.074319 -0.0157117
 0.0010006 0.021738 0.0884929 -0.0208453
 0.000605161 0.0547053 0.101314 -0.0313184
 4.34005e-05 0.0313279 0.0833823 -0.0270798
 -0.000529629 0.0209059 0.0590306 -0.0209573
 -0.000811927 -0.000884023 0.0340638 -0.0124142
 -0.000695113 -0.0537257 0.0338959 -0.00935479
 0.000937084 0.0078821 0.0858818 -0.0185917
 0.000875612 0.0299438 0.121265 -0.0328728
 -6.04578e-05 0.0619737 0.131298 -0.0437039
 -0.000903335 0.0681395 0.118084 -0.0433817
 -0.0021272 0.0687615 0.093829 -0.0378476
 -0.0027348 0.0563738 0.0559393 -0.0256491
 -0.0027002 0.0324477 0.0256515 -0.0132441
 0.000285051 0.0398429 0.144981 -0.0451043
 -0.00140231 0.0442671 0.151302 -0.0536044
 -0.0026655 0.0620029 0.136606 -0.053252
 -0.00481893 0.125761 0.108031 -0.0514126
 -0.00545469 0.0868786 0.0641422 -0.0337081
 -0.00664251 0.131666 0.0040596 -0.0150675
 -0.00417046 0.0692387 0.148544 -0.0605934
 -0.00627999 0.111295 0.129203 -0.0604273
 -0.00779897 0.102184 0.100349 -0.0511525
 -0.0105527 0.163224 0.0405291 -0.0356723
 -0.0111261 0.156272 -0.0120061 -0.0137258
 -0.00742357 0.0807483 0.115907 -0.0550022
 -0.0104185 0.14309 0.0750893 -0.0476217
 -0.0132324 0.194574 0.0138127 -0.0299042
 -0.0129509 0.152862 -0.0198637 -0.011321
 -0.013567 0.182136 0.0356071 -0.0381307
 -0.0153741 0.198772 -0.0149168 -0.02002
 -0.0148534 0.163493 -0.044324 -0.00312364
 -0.0160896 0.172657 -0.0363976 -0.00838895
 -0.016552 0.152487 -0.0567887 0.00329344
 -0.016501 0.151132 -0.08287 0.0153271

Fourier series term #5
 1.28834e-06 0.000255119 0.00010803 -5.39661e-06
 -9.43127e-06 -0.00133031 -0.000775935 5.05245e-05
 1.28231e-05 0.0014936 0.00099658 -8.75235e-05
 4.4416e-07 0.000144917 5.39384e-05 -5.46136e-06
 -2.01802e-05 -0.00189767 -0.00147351 0.000209626
 5.88959e-05 0.00483481 0.00412388 -0.000761131
 -2.54957e-05 -0.00233986 -0.00189335 0.000465486
 -3.25908e-05 -0.00599003 -0.00366792 0.00113653
 1.42328e-05 0.00412944 0.00159009 -0.000640255
 -1.79156e-05 0.012807 0.00265684 -0.00142432
 -3.04591e-05 0.00879995 -0.000214432 -0.000356896
 4.32594e-05 -0.00646526 0.00203444 -0.000362482
 -2.82677e-05 -0.00421934 -0.00226164 0.000196627
 7.70367e-05 0.00580881 0.00525576 -0.000520528
 -8.69184e-05 -0.00887713 -0.00672172 0.000834543
 -0.000145077 -0.0115616 -0.0107386 0.00157155
 0.000154377 0.0160259 0.0123278 -0.00234456
 -5.96046e-05 -0.00696558 -0.00398744 0.00111799
 3.00817e-05 0.00565729 0.00217267 -0.000876538
 3.00296e-06 0.00111333 -0.000375251 7.55072e-06
 1.77065e-05 -0.00817338 -0.00106467 0.00077662
 6.60057e-06 -0.00689209 0.00213511 -0.000247113
 -8.07616e-05 0.0046831 0.000220408 -0.00024761
 -0.000117175 -0.0139833 -0.00953278 0.00114804
 -0.000333139 -0.0274434 -0.0245957 0.00343572
 -0.000389362 -0.0272332 -0.0271397 0.00471335
 0.000128368 0.015725 0.00972104 -0.00222122
 0.000309915 0.0326108 0.0255777 -0.00654114
 5.39629e-05 -0.00621026 0.00308778 -0.000143123
 7.5117e-05 -0.0181379 -0.00331497 0.00213316
 0.000101833 -0.00484554 0.000824312 0.000226159
 6.04236e-05 0.00271374 0.00134688 -0.000417922
 7.0926e-05 -0.00371395 0.00251987 -0.000501021
 -0.000492448 -0.0395761 -0.0373144 0.00615355
 -0.000347284 -0.0242728 -0.0269286 0.00505482
 9.73922e-05 0.0134821 0.00692704 -0.00179578
 0.000212337 0.0259812 0.0227713 -0.00548726
 0.000209047 0.0377028 0.0276903 -0.00865853
 0.000129645 0.0151063 0.015808 -0.00477622
 0.000149876 -0.00870369 0.0110127 -0.00234599
 0.000271441 -0.026438 0.0115845 -0.0017241
 0.000218914 -0.0231505 0.0122675 -0.0025329
 -0.000237689 -0.0151197 -0.0188444 0.00400066
 -1.99005e-06 -0.000798972 -0.00126651 0.000891361
 0.000407362 0.0306621 0.0267189 -0.00728133
 0.000454402 0.0427879 0.0427202 -0.0131791
 0.000279472 0.0536164 0.0422666 -0.0150275
 6.34823e-05 0.0392043 0.0327083 -0.012125
 5.97811e-05 0.00170674 0.0270847 -0.00848156
 0.000272216 -0.034044 0.0273079 -0.00693443
 0.000201849 0.00795144 0.00926339 -0.00184433
 0.000453508 0.0168854 0.0279048 -0.00711386
 0.000345192 0.0307353 0.0486683 -0.0146575
 0.000134147 0.0494456 0.055754 -0.0194331
 -0.000407444 0.0784614 0.0470748 -0.0203246
 -0.000801596 0.0663864 0.029488 -0.0141139
 -0.000961161 0.0448478 0.0211285 -0.0102957
 0.000476703 0.0063213 0.0425808 -0.0108202
 0.000406588 0.0204798 0.0499279 -0.0157229
 -0.000311109 0.0601935 0.068679 -0.0262458
 -0.000986417 0.0658619 0.0600549 -0.0252199
 -0.00180286 0.0765669 0.0417035 -0.0207376
 -0.00285012 0.126245 -0.00158337 -0.0092536
 -0.000503485 0.0422856 0.0769188 -0.0286779
 -0.000764834 0.0366855 0.073499 -0.0282081
 -0.00173518 0.0635235 0.0605237 -0.0274895
 -0.00329038 0.105388 0.034728 -0.0229326
 -0.00418541 0.127112 -0.0028262 -0.0106692
 -0.00140648 0.0347661 0.0697682 -0.0281733
 -0.00280817 0.0790758 0.0515814 -0.0269192
 -0.00453036 0.11332 0.0263478 -0.0215947
 -0.00534791 0.15675 -0.0300599 -0.00377553
 -0.00371696 0.0750166 0.048602 -0.026541
 -0.00581088 0.158635 -0.0118009 -0.0121884
 -0.00585865 0.167968 -0.0506037 0.00269391
 -0.0063818 0.160713 -0.0356198 -0.00345572
 -0.00535392 0.158525 -0.0650701 0.00933643
 -0.00476107 0.121185 -0.0590421 0.011131
