**************************************************************
***  MERIS LUT-169: Fourier series terms (s0,..,s5)[TERM]] ***
***                 of polynomial coefficients (k0,..,k3)  ***
***                 for each of 81 aerosol models [IAER],  ***
***                 & for each of 78 geometries [SVZA]     ***
***  - - - - - - - - - - - - - - - - - - - - - - - - - - - ***
***  => useful for multiplicative aer.scat.fct. retrieval  ***
**************************************************************

12 Gaussian angles (deg): SZA/VZA
------------------------         

 2.84 17.64 28.77 36.19 43.61 51.03 58.46 65.88 69.59 73.30 77.01 80.72

Coefficients: [SVZA x (k0,k1,k2,k3)]
------------                        

 Aerosol model #20
 - - - - - - -  

Fourier series term #0
 1.01964 1.4815 0.600542 -0.0942963
 1.02073 1.55201 0.64835 -0.10909
 1.0228 1.6951 0.731242 -0.138015
 1.02466 1.83693 0.796885 -0.167088
 1.02688 2.03341 0.855781 -0.204238
 1.02893 2.28502 0.867831 -0.243317
 1.02978 2.5958 0.763136 -0.267027
 1.02772 2.96738 0.425922 -0.234025
 1.02517 3.16827 0.11762 -0.171429
 1.02253 3.36163 -0.311165 -0.0588709
 1.02373 3.50356 -0.850472 0.113224
 1.04043 3.47296 -1.38189 0.318033
 1.02138 1.63991 0.696298 -0.125642
 1.02346 1.79248 0.771899 -0.155948
 1.02538 1.94629 0.827073 -0.185531
 1.02751 2.14656 0.862997 -0.220646
 1.02949 2.39889 0.84269 -0.254637
 1.0304 2.70719 0.702472 -0.270247
 1.02861 3.0627 0.337263 -0.227471
 1.02635 3.24976 0.0239541 -0.161078
 1.0241 3.42714 -0.400513 -0.0469666
 1.0257 3.55369 -0.926167 0.123677
 1.04241 3.51373 -1.44033 0.325151
 1.02802 1.94027 0.865769 -0.203466
 1.03059 2.0984 0.907344 -0.237304
 1.0334 2.29582 0.91863 -0.274523
 1.03606 2.53874 0.865987 -0.307509
 1.03757 2.82178 0.691691 -0.318114
 1.03648 3.13926 0.308113 -0.269557
 1.03474 3.30467 -0.00212886 -0.202117
 1.03317 3.45996 -0.413235 -0.0894311
 1.03558 3.56594 -0.915435 0.0765952
 1.0529 3.51199 -1.40257 0.271851
 1.03066 2.27926 0.869704 -0.242699
 1.03229 2.48759 0.831942 -0.267252
 1.0332 2.7297 0.719163 -0.281545
 1.03251 3.00994 0.484194 -0.269023
 1.02887 3.32032 0.0463961 -0.194138
 1.02588 3.48233 -0.285587 -0.113435
 1.02331 3.63481 -0.712299 0.0112153
 1.02523 3.73855 -1.22191 0.18645
 1.04298 3.68016 -1.70455 0.385804
 1.03384 2.67115 0.776966 -0.292538
 1.03401 2.90285 0.625776 -0.295756
 1.03237 3.16156 0.355616 -0.269027
 1.02798 3.45328 -0.105191 -0.179722
 1.02485 3.60579 -0.442522 -0.0924713
 1.02247 3.74792 -0.868252 0.0371323
 1.02512 3.83971 -1.36787 0.214153
 1.04426 3.76772 -1.8299 0.410621
 1.03329 3.11384 0.434483 -0.283818
 1.03075 3.36082 0.132121 -0.240969
 1.0256 3.63588 -0.353436 -0.133999
 1.02244 3.78208 -0.697107 -0.0388984
 1.02046 3.9174 -1.12354 0.0971536
 1.02421 3.99841 -1.6139 0.277146
 1.04533 3.90976 -2.0532 0.471026
 1.02729 3.58993 -0.201553 -0.178559
 1.0218 3.86095 -0.708531 -0.0531233
 1.01894 3.99916 -1.05798 0.0511737
 1.01798 4.12514 -1.48195 0.193901
 1.02384 4.19178 -1.95644 0.375657
 1.04837 4.07904 -2.36011 0.563143
 1.01678 4.11701 -1.23191 0.0931829
 1.01508 4.25416 -1.58354 0.206444
 1.01644 4.36682 -1.99636 0.354414
 1.02626 4.40413 -2.43599 0.532991
 1.05654 4.24875 -2.77439 0.704315
 1.01465 4.3765 -1.92767 0.322688
 1.01816 4.47947 -2.32516 0.470052
 1.03127 4.49762 -2.73345 0.64193
 1.06585 4.30671 -3.01598 0.796697
 1.0249 4.55296 -2.68953 0.611535
 1.0425 4.54207 -3.04764 0.769421
 1.08253 4.31065 -3.25486 0.899058
 1.06585 4.47627 -3.32186 0.900708
 1.1121 4.19278 -3.42536 0.992599
 1.16361 3.83703 -3.38755 1.03005

Fourier series term #1
 -0.000161441 -0.01165 -0.00512984 0.000779415
 -0.000151343 -0.00802178 -0.00566045 0.000805088
 -0.000234919 -0.0117007 -0.00799671 0.00132551
 -0.000318067 -0.0163419 -0.00928823 0.00179299
 -0.000403797 -0.0213231 -0.00876742 0.00208358
 -0.000458455 -0.0238849 -0.00409339 0.00153946
 -0.000511229 -0.0252067 0.00490494 -0.000252219
 -0.000596187 -0.0227957 0.017601 -0.00376031
 -0.000689144 -0.0188217 0.0239149 -0.0060166
 -0.00086404 -0.0120146 0.0282084 -0.00806762
 -0.00116565 -0.00170306 0.0280379 -0.00902982
 -0.00157121 0.012122 0.0206628 -0.00761018
 -0.000847827 -0.044488 -0.0313094 0.00483964
 -0.00151637 -0.0802084 -0.0478751 0.00876489
 -0.0019786 -0.104881 -0.050708 0.0108786
 -0.00242504 -0.128688 -0.0402477 0.0110272
 -0.00284262 -0.147617 -0.0098949 0.00684674
 -0.00320861 -0.151388 0.0453667 -0.00519402
 -0.003737 -0.127347 0.116982 -0.0265655
 -0.00430414 -0.0990423 0.148959 -0.0390644
 -0.00531497 -0.0556692 0.16781 -0.0497848
 -0.00702416 0.00617815 0.159953 -0.0534591
 -0.0092114 0.0857552 0.112154 -0.0434999
 -0.0027519 -0.1337 -0.0665474 0.015092
 -0.00353247 -0.170298 -0.0616115 0.0169568
 -0.00427409 -0.204833 -0.0349196 0.0146236
 -0.00484712 -0.225269 0.0223512 0.00392395
 -0.00526311 -0.221046 0.109774 -0.0186944
 -0.00587621 -0.171848 0.209367 -0.0531798
 -0.00652407 -0.123429 0.249643 -0.0721432
 -0.00782767 -0.0543762 0.267186 -0.0868044
 -0.00994807 0.0374421 0.246215 -0.0905951
 -0.0125052 0.150368 0.169782 -0.0743644
 -0.00424282 -0.215685 -0.0405148 0.0145737
 -0.00505537 -0.249164 0.00334993 0.00789011
 -0.00580063 -0.263946 0.0758412 -0.00779608
 -0.00657724 -0.241461 0.171604 -0.0349903
 -0.00800255 -0.165929 0.262821 -0.0700014
 -0.00936355 -0.100577 0.289293 -0.0860057
 -0.0114618 -0.0124529 0.286918 -0.0953787
 -0.0144611 0.100947 0.23803 -0.0903331
 -0.0175124 0.234354 0.128971 -0.062478
 -0.00616076 -0.27514 0.0597027 -0.00258572
 -0.00700709 -0.274282 0.145189 -0.0249318
 -0.0081595 -0.233152 0.241099 -0.0565887
 -0.0101183 -0.133001 0.318413 -0.092614
 -0.0118672 -0.0551195 0.330621 -0.106375
 -0.0143947 0.0456496 0.308824 -0.111097
 -0.0176512 0.170887 0.236791 -0.0990705
 -0.020386 0.312296 0.104975 -0.0630713
 -0.00810379 -0.254956 0.231389 -0.0519749
 -0.00977908 -0.188489 0.312967 -0.0846475
 -0.0126882 -0.064802 0.356543 -0.114668
 -0.0148903 0.0255266 0.346338 -0.122961
 -0.0178629 0.138118 0.297431 -0.119426
 -0.0212495 0.271901 0.196968 -0.0973421
 -0.0233155 0.41452 0.0415016 -0.0514267
 -0.0122556 -0.0998575 0.36287 -0.112545
 -0.0161786 0.0484115 0.359498 -0.131306
 -0.0189304 0.147476 0.319315 -0.130099
 -0.0221807 0.267393 0.239249 -0.115559
 -0.025318 0.404117 0.109341 -0.0815272
 -0.02604 0.539457 -0.0654621 -0.0257247
 -0.0210916 0.212205 0.296104 -0.131183
 -0.0241859 0.32059 0.221113 -0.117367
 -0.0273456 0.442141 0.107762 -0.0889365
 -0.0295304 0.570367 -0.047522 -0.04202
 -0.0278885 0.684242 -0.230292 0.0216022
 -0.0272551 0.42607 0.129733 -0.0962644
 -0.0299772 0.546395 0.00141616 -0.0606376
 -0.0311522 0.666206 -0.161881 -0.0081401
 -0.0276441 0.759667 -0.338376 0.0565512
 -0.0318577 0.654477 -0.135266 -0.0188185
 -0.0314096 0.760151 -0.298739 0.0368845
 -0.0254928 0.828822 -0.460153 0.0994641
 -0.028658 0.836765 -0.446715 0.0909178
 -0.0197031 0.871899 -0.578415 0.14592
 -0.00748139 0.85716 -0.656543 0.184171

Fourier series term #2
 -4.23353e-05 -0.00319471 -0.00129392 0.000203362
 -2.16907e-07 -4.16534e-05 -3.52074e-05 5.11895e-06
 1.7399e-06 6.85707e-05 -5.74177e-05 6.57121e-06
 2.59909e-06 8.2992e-05 -0.000149638 2.16147e-05
 2.74821e-06 1.2323e-05 -0.000347913 6.2115e-05
 3.64667e-06 -8.8237e-05 -0.000613067 0.000128728
 4.62225e-06 -0.000404058 -0.000920607 0.000232107
 1.4044e-05 -0.000380162 -0.000952368 0.000275928
 1.88136e-05 -0.000569259 -0.000876694 0.00028162
 2.25657e-05 -0.00103463 -0.000640004 0.000247468
 2.38855e-05 -0.00153525 -0.000173316 0.000128923
 1.47419e-05 -0.00166263 0.000336734 -4.4569e-05
 2.38945e-05 0.000790089 -0.000713522 7.95224e-05
 6.47832e-05 0.00180624 -0.00324825 0.000450574
 9.69592e-05 0.00181995 -0.00738529 0.00119744
 0.000122763 -0.000455058 -0.0146531 0.00279473
 0.000167221 -0.00531892 -0.0242436 0.00540601
 0.000280697 -0.0125704 -0.0327736 0.00856832
 0.000504736 -0.0249823 -0.0344616 0.0108568
 0.000673653 -0.0334543 -0.0299103 0.010648
 0.00086343 -0.0425483 -0.0202013 0.00868385
 0.000970624 -0.0505182 -0.00547062 0.00453679
 0.000704453 -0.0537282 0.0107873 -0.00110432
 0.00013803 0.00287333 -0.0129045 0.00219699
 0.000185042 0.00127418 -0.0257462 0.00497249
 0.00020672 -0.00572577 -0.0451369 0.00999455
 0.000268246 -0.0178327 -0.0673383 0.017122
 0.000413903 -0.0407574 -0.0856384 0.0254512
 0.000826575 -0.0740358 -0.0847501 0.0305054
 0.00118662 -0.0932073 -0.0711642 0.0292704
 0.00159006 -0.112495 -0.0464953 0.0239103
 0.00180536 -0.128813 -0.011422 0.0136184
 0.00115747 -0.134468 0.0261414 7.71043e-05
 0.000295746 -0.0047066 -0.0457769 0.00946114
 0.000435458 -0.0168966 -0.072072 0.016741
 0.000654245 -0.0421286 -0.0996348 0.0264737
 0.00112827 -0.0800368 -0.115447 0.0358359
 0.00204257 -0.132365 -0.101677 0.0390485
 0.00270208 -0.161259 -0.0768228 0.0351386
 0.00338935 -0.189174 -0.037439 0.0255002
 0.00371123 -0.211362 0.0145533 0.00943763
 0.00265602 -0.217326 0.0674242 -0.0102874
 0.000633866 -0.0397417 -0.106931 0.0279626
 0.00102397 -0.0771893 -0.136245 0.0403941
 0.00175647 -0.133138 -0.146909 0.0509645
 0.00310776 -0.200957 -0.117395 0.0515791
 0.00400682 -0.237975 -0.0807666 0.0446445
 0.00487809 -0.273873 -0.0269094 0.0305561
 0.00518989 -0.302243 0.0414896 0.00861723
 0.00359692 -0.308879 0.10914 -0.0174292
 0.00167585 -0.132601 -0.160352 0.05392
 0.00283587 -0.203174 -0.157128 0.0625612
 0.00466881 -0.288906 -0.107068 0.0583265
 0.0058078 -0.333222 -0.0571485 0.0472323
 0.00681047 -0.375417 0.0112344 0.0279998
 0.00699464 -0.408657 0.0947059 3.98262e-05
 0.00467914 -0.415772 0.174948 -0.0319515
 0.00445859 -0.291649 -0.134712 0.0669056
 0.00677772 -0.390298 -0.0606982 0.055143
 0.00804941 -0.44334 0.00236889 0.03941
 0.00902325 -0.492029 0.0843083 0.0147196
 0.00882378 -0.528391 0.179923 -0.0188867
 0.00544914 -0.532986 0.267571 -0.0554797
 0.00941669 -0.50653 0.0392859 0.0338319
 0.0106098 -0.562615 0.11378 0.0127781
 0.0112043 -0.61579 0.205769 -0.0169565
 0.0101395 -0.655162 0.308559 -0.0548509
 0.00512045 -0.654051 0.394919 -0.0931696
 0.0115656 -0.62448 0.193845 -0.0107964
 0.0117073 -0.67634 0.287483 -0.0422856
 0.00985571 -0.712446 0.38841 -0.0807285
 0.00377648 -0.706957 0.468777 -0.117832
 0.0111667 -0.731004 0.382042 -0.074842
 0.00833607 -0.760216 0.475855 -0.112021
 0.000786887 -0.745178 0.542842 -0.145199
 0.00406232 -0.785942 0.55967 -0.146069
 -0.00504905 -0.757174 0.605297 -0.172004
 -0.0156965 -0.718808 0.6277 -0.188868

Fourier series term #3
 -3.49122e-06 -0.000263992 -0.000106252 1.67161e-05
 2.12431e-06 0.000159646 6.72623e-05 -1.1251e-05
 -1.70925e-06 -0.000126691 -5.2986e-05 1.00273e-05
 1.40422e-07 1.41347e-05 9.32778e-06 -1.74861e-06
 1.63588e-06 0.000128566 6.01459e-05 -1.40725e-05
 -2.37446e-06 -0.000175933 -6.09796e-05 1.73944e-05
 6.09272e-07 7.26974e-05 2.49033e-05 -8.63662e-06
 1.36922e-06 0.000179182 2.13766e-05 -1.34381e-05
 -9.71992e-07 -8.74124e-05 -1.38486e-05 7.31507e-06
 -2.01574e-06 -0.000282365 9.727e-06 9.4864e-06
 -9.72927e-07 -0.000170511 2.15952e-05 4.19684e-07
 2.33557e-06 0.000140926 -7.5176e-05 1.88977e-05
 4.38261e-06 0.000363779 0.000257467 -4.23882e-05
 -9.55445e-06 -0.000522356 0.000199288 -2.24751e-05
 3.32898e-06 0.000731145 0.00112963 -0.000217339
 9.60287e-06 0.00175478 0.00190711 -0.000430081
 -9.17142e-06 0.00111197 0.00158189 -0.000416488
 -1.38103e-05 0.00173814 0.000763628 -0.00031801
 4.45427e-06 0.00349767 -0.00121785 0.000100897
 2.34147e-05 0.00379234 -0.00274855 0.000547886
 5.97207e-05 0.0034397 -0.00423447 0.00107811
 0.000126565 0.00232497 -0.00507939 0.00149566
 0.000224397 0.00041318 -0.00463134 0.00152602
 1.45019e-05 0.0017073 0.00256297 -0.000518783
 2.779e-05 0.00354804 0.00464503 -0.00105846
 8.12012e-06 0.0038299 0.00550273 -0.00142296
 1.29388e-05 0.00705247 0.00537906 -0.00175812
 7.11279e-06 0.010085 0.00105972 -0.00102166
 3.80755e-05 0.0122831 -0.00784195 0.00138513
 9.80029e-05 0.0125029 -0.0131975 0.00318582
 0.000222945 0.0110348 -0.0178574 0.00507468
 0.000439513 0.00709157 -0.0201484 0.00649036
 0.000750244 0.000601505 -0.0180433 0.00651534
 9.80245e-06 0.00511652 0.00664695 -0.00161436
 1.53776e-05 0.00968001 0.00822842 -0.00237923
 1.80354e-06 0.0139006 0.00545467 -0.00225055
 3.0516e-05 0.0201101 -0.00294472 -0.000622574
 0.000152469 0.0218187 -0.017585 0.00358745
 0.000313489 0.0195839 -0.025173 0.00635558
 0.000595351 0.0146507 -0.0306166 0.00889024
 0.00104597 0.00706215 -0.0316048 0.0102493
 0.00162943 -0.00355561 -0.0258486 0.0093174
 2.71238e-05 0.0157395 0.00808078 -0.00303179
 5.30062e-05 0.0246941 0.00195798 -0.00228337
 0.0001226 0.0305094 -0.0128809 0.00132286
 0.000375709 0.0311001 -0.0332158 0.00786178
 0.000664229 0.0267843 -0.0425924 0.011706
 0.00113584 0.018392 -0.0482769 0.0149346
 0.00183445 0.00600803 -0.0471907 0.0162235
 0.00267723 -0.0095086 -0.03694 0.0141925
 0.000104757 0.0341209 -0.0104206 0.000354885
 0.000292387 0.0407873 -0.0304986 0.0059841
 0.000791561 0.0360047 -0.0539262 0.0146216
 0.00127624 0.0295 -0.062981 0.0189738
 0.00201237 0.0183811 -0.066648 0.0220856
 0.00301804 0.0021359 -0.0616153 0.0225203
 0.00414631 -0.01803 -0.0454417 0.0187398
 0.000676626 0.0425208 -0.0539014 0.0137985
 0.00157559 0.0359267 -0.075924 0.023121
 0.00234172 0.0250287 -0.0819211 0.0271712
 0.00339602 0.0107441 -0.0811388 0.029266
 0.00472676 -0.0078195 -0.0705388 0.0279713
 0.0061007 -0.0297193 -0.04841 0.0220059
 0.00304165 0.0219939 -0.0911621 0.0315881
 0.00415989 0.012164 -0.0922492 0.0340407
 0.00557532 -0.00407956 -0.0850612 0.0340018
 0.00719155 -0.0253356 -0.0672066 0.030048
 0.00868216 -0.0471912 -0.03925 0.0214549
 0.00541491 -0.00209208 -0.0889912 0.0353034
 0.00695597 -0.0162251 -0.079297 0.034037
 0.00864183 -0.0354921 -0.0588492 0.0286387
 0.0100735 -0.0568955 -0.0287201 0.0188619
 0.00868469 -0.0342451 -0.0637193 0.0305851
 0.0103291 -0.0494491 -0.0426404 0.0242364
 0.0115451 -0.0659276 -0.0138582 0.0142099
 0.011713 -0.0655826 -0.0190802 0.016694
 0.01263 -0.0745853 0.00549781 0.00725007
 0.01291 -0.0806934 0.0268428 -0.00136332

Fourier series term #4
 7.70886e-07 5.80989e-05 2.35606e-05 -3.6742e-06
 9.40063e-07 7.09256e-05 2.93511e-05 -4.91139e-06
 -5.46554e-07 -4.15103e-05 -1.76945e-05 3.32675e-06
 1.19049e-06 8.66241e-05 3.78709e-05 -7.97529e-06
 -7.74329e-07 -6.0985e-05 -2.56012e-05 6.08629e-06
 -3.09345e-07 -3.24953e-05 -1.22106e-05 3.40953e-06
 1.71348e-06 0.000132675 4.03802e-05 -1.40288e-05
 -9.06081e-07 -0.000131005 -1.71717e-05 9.87451e-06
 -9.00289e-07 -0.000170204 -5.87904e-06 9.06037e-06
 4.68621e-07 -2.36986e-05 2.27223e-06 3.15466e-07
 1.89524e-06 0.000167576 -3.98787e-05 5.15005e-06
 3.01156e-06 0.000183864 -7.08357e-05 1.60335e-05
 -2.82279e-06 -0.000236645 -8.8339e-05 1.6607e-05
 -2.03466e-06 -0.000171932 -7.78766e-05 1.60889e-05
 -7.66278e-06 -0.000609593 -0.000253683 5.88057e-05
 5.5905e-06 0.000438846 0.000261961 -5.80884e-05
 3.53248e-06 0.000316542 0.000354939 -8.08714e-05
 -7.15282e-06 -0.000383434 0.000356693 -6.78809e-05
 -1.35742e-05 -0.00026855 0.000660507 -0.000169027
 -1.74087e-05 2.1901e-06 0.000720148 -0.000212444
 -2.19046e-05 0.000374486 0.000607216 -0.000210392
 -2.51755e-05 0.000724676 0.000300525 -0.000137904
 -2.05584e-05 0.000867568 -7.95396e-05 -1.4415e-05
 -3.86084e-06 -0.000305721 -0.000108481 3.12906e-05
 1.35257e-05 0.000882837 0.000610608 -0.000133966
 1.76702e-06 -5.7587e-05 0.000780325 -0.000147688
 2.03653e-06 0.000251483 0.00200721 -0.000468616
 -2.25871e-05 -0.000375735 0.00323596 -0.000837605
 -6.24809e-05 -0.000216447 0.00419997 -0.00126355
 -8.57245e-05 0.000821078 0.00419613 -0.00141158
 -0.000111667 0.00228673 0.00344296 -0.00134201
 -0.000130864 0.00364351 0.00183447 -0.000932091
 -0.000109541 0.00428141 -0.000125455 -0.00027066
 7.51329e-06 0.00043017 0.00101856 -0.000194685
 6.83743e-06 0.000839538 0.00254894 -0.000552841
 -3.14732e-05 -0.000656449 0.00430831 -0.000983594
 -7.5165e-05 0.000578048 0.00713206 -0.00193831
 -0.000170955 0.00256328 0.00830779 -0.00267202
 -0.000236494 0.0040393 0.00750273 -0.00267407
 -0.000301918 0.00627093 0.00539467 -0.00226104
 -0.000344974 0.00847409 0.00205231 -0.00132604
 -0.000303267 0.00918463 -0.00148184 -7.95312e-05
 -2.63795e-05 -0.000385925 0.00493445 -0.00112362
 -6.49283e-05 0.000973927 0.0092014 -0.00242846
 -0.000171593 0.00213312 0.0128394 -0.00383945
 -0.000334246 0.00797299 0.0136371 -0.00492702
 -0.000451086 0.0108852 0.0115958 -0.00472524
 -0.000568924 0.0136802 0.0076429 -0.00378971
 -0.000642706 0.0156635 0.00225085 -0.00211716
 -0.000577673 0.0156928 -0.00299984 -0.000130207
 -0.000165537 0.00227097 0.0144841 -0.00423554
 -0.000326527 0.00867387 0.0187892 -0.0063949
 -0.000614853 0.0155543 0.0174357 -0.00712634
 -0.000798103 0.0202316 0.0136897 -0.00653928
 -0.000980547 0.0242396 0.00767185 -0.00498532
 -0.00109239 0.0265965 5.76551e-05 -0.00248041
 -0.000998151 0.0257235 -0.00686913 0.000323195
 -0.000615768 0.015975 0.0212743 -0.00831806
 -0.00105099 0.0276367 0.0172397 -0.00863249
 -0.00131374 0.0315802 0.0118524 -0.00741554
 -0.00156399 0.0358035 0.00412371 -0.00519333
 -0.00171786 0.038535 -0.00510549 -0.00199383
 -0.00160307 0.0373578 -0.0131907 0.00144746
 -0.00164128 0.038007 0.0103619 -0.00779567
 -0.00199455 0.0454466 0.0030512 -0.00604745
 -0.00228767 0.0492644 -0.00531315 -0.00340818
 -0.00249281 0.0501726 -0.0145482 0.000169207
 -0.00235266 0.0472351 -0.0217462 0.00361032
 -0.00238467 0.0485777 -0.00308756 -0.00427486
 -0.00272926 0.0548251 -0.0125653 -0.00129838
 -0.00290203 0.0562914 -0.0214665 0.00216626
 -0.00278129 0.0517777 -0.0274253 0.005377
 -0.0030451 0.0560469 -0.0190896 0.00108431
 -0.0032487 0.0593686 -0.0284576 0.00465078
 -0.00304719 0.0558208 -0.0338471 0.00760496
 -0.00342393 0.0574153 -0.0332964 0.00701833
 -0.00320352 0.0553655 -0.0380929 0.0095246
 -0.00307098 0.0484112 -0.0374515 0.0103083

Fourier series term #5
 2.71575e-07 1.98292e-05 8.17521e-06 -1.32984e-06
 -2.99457e-07 -2.31235e-05 -9.52913e-06 1.5431e-06
 4.27113e-07 3.13431e-05 1.35871e-05 -2.53168e-06
 -3.15234e-08 -1.08716e-06 -7.4172e-07 1.75671e-07
 -4.82818e-07 -3.59844e-05 -1.54121e-05 3.71707e-06
 6.5874e-07 5.24017e-05 1.97321e-05 -5.49728e-06
 -1.9668e-07 -1.91009e-05 -4.95476e-06 1.77409e-06
 -4.49318e-07 -5.03082e-05 -8.24979e-06 4.26032e-06
 3.18335e-07 3.14436e-05 2.73725e-07 -1.45358e-06
 6.56607e-07 9.15334e-05 -8.53445e-06 -1.56137e-06
 4.04402e-07 5.69444e-05 -1.28152e-05 1.55085e-06
 -4.57098e-07 -4.09301e-05 1.71333e-05 -4.01438e-06
 -1.78247e-05 -0.00139694 -0.000573623 0.000104767
 6.80479e-06 0.000521314 0.000224835 -4.55996e-05
 -5.90166e-06 -0.000468116 -0.000206069 4.58576e-05
 -9.98213e-07 -8.15481e-05 -5.34672e-05 1.22818e-05
 3.86271e-06 0.000307219 9.51533e-05 -2.96149e-05
 3.56022e-07 -3.11734e-05 -3.54764e-05 1.06705e-05
 7.06185e-07 -6.72529e-05 -2.67229e-05 1.19657e-05
 1.0784e-07 -0.00013309 8.61575e-06 5.63198e-06
 -1.06083e-06 -0.000178621 7.21968e-05 -1.17703e-05
 -2.7124e-06 -0.000121233 0.000117966 -3.11038e-05
 -4.32323e-06 2.01834e-05 8.6707e-05 -2.94941e-05
 -2.13834e-06 -0.000161325 -9.39902e-05 2.0546e-05
 7.27783e-06 0.000542693 0.000143212 -4.38115e-05
 -6.73873e-06 -0.000549764 -0.00038096 0.000101264
 1.10018e-05 0.000599621 8.98158e-06 -2.12725e-05
 1.26318e-05 0.000486996 -1.68555e-05 -8.17965e-06
 7.09851e-07 -0.000793532 1.67692e-05 5.45077e-05
 -2.26973e-06 -0.00106226 0.000320627 -2.18847e-05
 -6.15908e-06 -0.000932793 0.000688348 -0.000156416
 -1.5858e-05 -0.000591022 0.000919535 -0.000273682
 -3.09249e-05 -0.000105019 0.000851247 -0.000298661
 -2.0265e-06 -0.000247337 -0.000284592 6.54122e-05
 1.56456e-05 0.000969311 -3.36239e-06 -2.65195e-05
 1.13829e-05 7.17141e-05 -0.000429792 0.000116974
 1.75944e-05 6.18171e-05 -0.000105295 5.59141e-05
 8.82275e-06 -0.000973027 0.000614971 -9.08514e-05
 -3.9937e-06 -0.00169393 0.00121705 -0.000244828
 -2.38015e-05 -0.00181937 0.00186835 -0.000471304
 -5.51547e-05 -0.00119778 0.00216794 -0.000646581
 -9.31945e-05 6.33742e-07 0.00173731 -0.000600303
 1.36901e-05 0.000218922 -0.00052988 0.000138502
 2.79166e-05 0.00061986 -0.000295675 9.26871e-05
 1.8323e-05 -0.00144443 9.95743e-05 0.000115737
 4.42599e-06 -0.00176896 0.00201261 -0.000446853
 -1.86558e-05 -0.00172323 0.00301145 -0.000807016
 -5.98615e-05 -0.00149017 0.00376753 -0.0011344
 -0.000119987 -0.000795248 0.00392225 -0.00130355
 -0.000182207 0.000742017 0.00298489 -0.00112208
 2.43473e-05 -0.00145942 -0.000127134 0.00018693
 2.47537e-05 -0.00165288 0.00180169 -0.000343297
 -2.21509e-05 -0.0031133 0.00442877 -0.00113936
 -6.52353e-05 -0.00198598 0.00563119 -0.00169756
 -0.000133641 -0.000116486 0.00599019 -0.00206029
 -0.000225841 0.00197105 0.00522623 -0.00204282
 -0.000306911 0.00414393 0.00319368 -0.00150993
 -7.86535e-06 -0.00382344 0.00440929 -0.00104228
 -8.24807e-05 -0.000924829 0.00730839 -0.00235647
 -0.000160593 -0.000420529 0.00815329 -0.0028118
 -0.000265711 0.00203304 0.0077772 -0.00301308
 -0.000384187 0.00588094 0.00550276 -0.00260653
 -0.000451207 0.00966815 0.00158259 -0.00147128
 -0.000206713 0.000516024 0.00955446 -0.00350002
 -0.000336872 0.00539597 0.00830919 -0.00359589
 -0.000451725 0.00933641 0.00616202 -0.00328834
 -0.00055974 0.0123433 0.00276347 -0.00235875
 -0.000579844 0.0162423 -0.00275301 -0.000514217
 -0.000434733 0.00681591 0.00765968 -0.00362751
 -0.000555932 0.0133524 0.0037263 -0.00286991
 -0.000634859 0.0181134 -0.00134908 -0.0014052
 -0.000574786 0.0206692 -0.00665939 0.000549725
 -0.000664949 0.0156423 0.000777049 -0.00203655
 -0.000694842 0.0229069 -0.00644246 0.000112926
 -0.000493363 0.0264519 -0.0126107 0.0023376
 -0.000612723 0.0246995 -0.0105568 0.0015985
 -0.000263751 0.0299306 -0.018241 0.004345
 0.000221949 0.0289515 -0.0206565 0.00554172


