**************************************************************
***  MERIS LUT-169: Fourier series terms (s0,..,s5)[TERM]] ***
***                 of polynomial coefficients (k0,..,k3)  ***
***                 for each of 81 aerosol models [IAER],  ***
***                 & for each of 78 geometries [SVZA]     ***
***  - - - - - - - - - - - - - - - - - - - - - - - - - - - ***
***  => useful for multiplicative aer.scat.fct. retrieval  ***
**************************************************************

12 Gaussian angles (deg): SZA/VZA
------------------------         

 2.84 17.64 28.77 36.19 43.61 51.03 58.46 65.88 69.59 73.30 77.01 80.72

Coefficients: [SVZA x (k0,k1,k2,k3)]
------------                        

 Aerosol model #37
 - - - - - - -  

Fourier series term #0
 1.01141 1.02443 0.563396 -0.0684301
 1.01306 1.10382 0.639105 -0.086255
 1.0181 1.40013 0.869094 -0.137605
 1.02407 1.76403 1.12697 -0.203894
 1.03 2.14433 1.3489 -0.284097
 1.03475 2.55083 1.46728 -0.367458
 1.0363 2.99884 1.38323 -0.427475
 1.03134 3.50343 0.942552 -0.404077
 1.02548 3.76495 0.515182 -0.324158
 1.01873 4.01198 -0.0859943 -0.171128
 1.01702 4.19549 -0.845075 0.0682098
 1.03732 4.16433 -1.59991 0.35692
 1.01548 1.31713 0.792783 -0.11828
 1.02024 1.62605 1.01037 -0.174846
 1.02402 1.88671 1.16204 -0.228344
 1.02815 2.2306 1.30409 -0.296812
 1.03157 2.64758 1.37272 -0.370692
 1.03194 3.09766 1.2521 -0.419786
 1.02621 3.58119 0.799852 -0.387408
 1.02034 3.83586 0.384328 -0.30754
 1.01376 4.08427 -0.194922 -0.158545
 1.01214 4.27529 -0.928861 0.0743046
 1.03203 4.25366 -1.66446 0.357435
 1.02391 1.89337 1.17073 -0.239187
 1.02687 2.14077 1.26326 -0.290335
 1.02936 2.41808 1.30424 -0.344719
 1.03088 2.76103 1.27203 -0.397843
 1.02992 3.18542 1.10015 -0.431201
 1.02332 3.66006 0.640427 -0.389147
 1.01718 3.90863 0.237059 -0.307747
 1.01046 4.15194 -0.319426 -0.160694
 1.00872 4.34272 -1.02338 0.0666141
 1.02819 4.3321 -1.73211 0.343339
 1.02908 2.36062 1.24581 -0.306537
 1.03083 2.62995 1.22665 -0.347102
 1.03117 2.924 1.11525 -0.376675
 1.02899 3.29097 0.87292 -0.381733
 1.02165 3.74309 0.382973 -0.31718
 1.0154 3.99256 -0.0210475 -0.227983
 1.0088 4.23631 -0.570455 -0.0754726
 1.00751 4.43236 -1.26075 0.154024
 1.02776 4.4328 -1.95298 0.4299
 1.0332 2.82696 1.17343 -0.385071
 1.03262 3.10638 1.01941 -0.401583
 1.02916 3.41472 0.726806 -0.385594
 1.02095 3.80266 0.208478 -0.300401
 1.01472 4.03618 -0.193182 -0.205193
 1.0085 4.27932 -0.727635 -0.0515325
 1.008 4.47779 -1.39287 0.174567
 1.02944 4.48378 -2.05465 0.44308
 1.03059 3.33277 0.805324 -0.394868
 1.02599 3.63185 0.477222 -0.359768
 1.01685 3.97206 -0.0761754 -0.249352
 1.01059 4.1749 -0.484955 -0.142744
 1.005 4.39384 -1.01414 0.0181866
 1.00586 4.57936 -1.65815 0.244533
 1.02927 4.58513 -2.28746 0.506346
 1.02019 3.8799 0.103918 -0.296836
 1.01068 4.22864 -0.477289 -0.163357
 1.00478 4.41742 -0.895102 -0.0442721
 1.00051 4.60242 -1.42052 0.126712
 1.00417 4.74766 -2.03732 0.354419
 1.03154 4.71067 -2.61226 0.605216
 1.00186 4.53466 -1.08319 -0.00103362
 0.997582 4.72648 -1.50818 0.130568
 0.996155 4.9014 -2.02599 0.310209
 1.00451 5.01263 -2.60663 0.536782
 1.03933 4.90244 -3.09243 0.766183
 0.994684 4.88255 -1.92365 0.267377
 0.995933 5.05 -2.4251 0.447079
 1.00848 5.14907 -2.97566 0.668073
 1.04861 4.99387 -3.39558 0.878808
 1.0012 5.17671 -2.89257 0.623415
 1.01941 5.22914 -3.37938 0.828032
 1.06651 5.02874 -3.71147 1.00987
 1.04527 5.18696 -3.74537 0.995523
 1.10041 4.9192 -3.9493 1.13149
 1.16189 4.53894 -3.96204 1.19618

Fourier series term #1
 -0.000391363 -0.0331925 -0.0192968 0.00234964
 -0.000183882 -0.00621652 -0.00774263 0.00109279
 -0.000967234 -0.0580524 -0.0430419 0.00697235
 -0.00099474 -0.053301 -0.039091 0.00745504
 -0.000953025 -0.0488374 -0.0288476 0.00690841
 -0.000858763 -0.0458702 -0.0130451 0.00491159
 -0.000688695 -0.0397294 0.00910288 0.000398912
 -0.000566335 -0.0286692 0.0327111 -0.00646864
 -0.000615305 -0.0201734 0.0418266 -0.0101078
 -0.000817465 -0.00841337 0.0461705 -0.0129173
 -0.00122583 0.00662164 0.0426843 -0.0135305
 -0.00174765 0.0230506 0.0296325 -0.0106203
 -0.00236678 -0.135256 -0.108317 0.0166347
 -0.00431919 -0.246903 -0.18252 0.0330051
 -0.00529454 -0.303484 -0.198779 0.0418551
 -0.00549533 -0.312561 -0.156741 0.0411887
 -0.00504007 -0.28594 -0.0606162 0.027162
 -0.00431849 -0.240569 0.0663887 -0.000709798
 -0.00397858 -0.164464 0.195902 -0.0407875
 -0.00449055 -0.111159 0.244154 -0.0614036
 -0.00591012 -0.0415438 0.265854 -0.0771662
 -0.00851802 0.0484639 0.243419 -0.0804648
 -0.0117136 0.154536 0.162454 -0.0624814
 -0.00630629 -0.35508 -0.232453 0.0510152
 -0.00724757 -0.40924 -0.21929 0.0567246
 -0.00784355 -0.45655 -0.165591 0.0549411
 -0.00767169 -0.450613 -0.0457758 0.034912
 -0.0069832 -0.377718 0.130516 -0.00914248
 -0.00698801 -0.247536 0.308334 -0.0703751
 -0.00803662 -0.155613 0.370767 -0.100786
 -0.0104557 -0.040638 0.392189 -0.122747
 -0.0145897 0.10032 0.348576 -0.125298
 -0.019399 0.261428 0.221518 -0.0964586
 -0.00827538 -0.47517 -0.183247 0.0557472
 -0.00872651 -0.504393 -0.101267 0.0463068
 -0.00883966 -0.511297 0.0216944 0.0234005
 -0.00857844 -0.447139 0.190451 -0.0211088
 -0.00904941 -0.285321 0.362474 -0.0841049
 -0.0105223 -0.166523 0.417237 -0.114167
 -0.0135594 -0.022292 0.422866 -0.13285
 -0.0184377 0.149397 0.354141 -0.128197
 -0.0237054 0.344311 0.191847 -0.0875478
 -0.00947486 -0.535781 -0.0111707 0.0321378
 -0.00960499 -0.518602 0.125447 -1.75442e-06
 -0.00980218 -0.460015 0.279796 -0.0467221
 -0.0109475 -0.302952 0.42597 -0.107688
 -0.0128198 -0.176682 0.467461 -0.136097
 -0.0162935 -0.0100639 0.457384 -0.152369
 -0.0215613 0.190335 0.366684 -0.142554
 -0.0267542 0.409083 0.179465 -0.0942031
 -0.0101645 -0.496992 0.249131 -0.0353459
 -0.0110494 -0.406694 0.381717 -0.083575
 -0.0134013 -0.250362 0.476992 -0.13396
 -0.0159202 -0.128212 0.487879 -0.153552
 -0.0199644 0.0347944 0.448814 -0.160116
 -0.025521 0.243184 0.330593 -0.14053
 -0.0303065 0.478138 0.117345 -0.0824623
 -0.0129813 -0.30821 0.466325 -0.12362
 -0.0166634 -0.122723 0.499529 -0.159775
 -0.0197971 0.000624633 0.472104 -0.167194
 -0.0242455 0.151422 0.394526 -0.15877
 -0.0295706 0.33985 0.247786 -0.125654
 -0.0329907 0.549705 0.0226409 -0.0589688
 -0.0216251 0.0656253 0.451613 -0.170114
 -0.0252856 0.197186 0.379566 -0.161605
 -0.0298092 0.350502 0.256808 -0.13481
 -0.0340835 0.521645 0.0758698 -0.0842177
 -0.0346729 0.684174 -0.148775 -0.0103475
 -0.0291545 0.319154 0.283989 -0.142327
 -0.0331313 0.471768 0.141451 -0.106439
 -0.036262 0.632908 -0.0503292 -0.0488421
 -0.0349573 0.774422 -0.274369 0.0290337
 -0.0361921 0.600956 -0.0112144 -0.0621815
 -0.0376105 0.74611 -0.208678 0.00172187
 -0.033322 0.860293 -0.420034 0.0794049
 -0.0361672 0.846064 -0.384406 0.0635461
 -0.0282013 0.914931 -0.559388 0.13256
 -0.0164179 0.916285 -0.668623 0.182096

Fourier series term #2
 -5.55349e-05 -0.00499422 -0.00275634 0.000334699
 2.88548e-05 0.00235852 0.00140795 -0.000193199
 8.47866e-06 0.000276313 0.000156728 -4.34026e-05
 -4.42274e-05 -0.00310718 -0.00251771 0.000418463
 -7.03242e-06 7.26142e-05 -0.000919065 0.000135603
 -1.49414e-05 -0.000161055 -0.00146192 0.000278933
 -6.26274e-05 -0.00392453 -0.00333292 0.000908109
 3.14919e-06 0.00154528 -0.000836971 0.000167509
 8.2771e-06 0.00218087 -0.000776555 0.000135571
 -7.8115e-06 -0.00112209 -0.000813321 0.000321984
 -2.18635e-05 -0.00487788 0.000476743 0.000101737
 -5.2471e-05 -0.00468019 0.00163609 -0.000334506
 0.000435934 0.0314311 0.0191519 -0.00304568
 0.000185135 0.00828644 -0.00320956 -0.00016532
 -0.000320405 -0.0315808 -0.039866 0.00638711
 -0.000570101 -0.0487675 -0.0646308 0.0123008
 -0.000440579 -0.0415961 -0.0704908 0.0155042
 -0.00021081 -0.0434023 -0.0707936 0.0185788
 0.000248338 -0.0524163 -0.0576636 0.018754
 0.000592494 -0.0563972 -0.0437551 0.0163417
 0.000941414 -0.0593825 -0.0250314 0.0117168
 0.00112347 -0.0603538 -0.00325465 0.00499314
 0.000779974 -0.0565358 0.0163066 -0.00231171
 -0.000122916 -0.0184609 -0.0444228 0.00677084
 -0.00039715 -0.040374 -0.0842033 0.015245
 -0.000801785 -0.0837542 -0.137961 0.0295514
 -0.000877176 -0.119773 -0.176348 0.0442235
 -0.000235514 -0.132196 -0.176655 0.0520512
 0.00106731 -0.145415 -0.139109 0.0500686
 0.00191866 -0.155678 -0.104059 0.0433587
 0.00276054 -0.16578 -0.0575662 0.0313568
 0.00319817 -0.171259 -0.00336378 0.0141077
 0.00231784 -0.16273 0.0458478 -0.00488269
 -0.000690648 -0.0725753 -0.1338 0.0261457
 -0.000877324 -0.110076 -0.186435 0.0418528
 -0.000809107 -0.167784 -0.233629 0.0610181
 5.38562e-05 -0.218757 -0.241575 0.0745063
 0.00202481 -0.252158 -0.186337 0.0710477
 0.00334916 -0.264444 -0.13343 0.0599702
 0.00464256 -0.276424 -0.0653584 0.0416098
 0.00528764 -0.282256 0.0135686 0.0158393
 0.0039013 -0.266709 0.0845065 -0.0121311
 -0.00102507 -0.157082 -0.249152 0.0636384
 -0.000451707 -0.212541 -0.289171 0.0840622
 0.000871222 -0.30049 -0.297104 0.101496
 0.0036938 -0.377853 -0.229025 0.0979851
 0.00560949 -0.405357 -0.158832 0.0826548
 0.0074545 -0.422403 -0.0659955 0.0562033
 0.00834327 -0.427996 0.0406406 0.0198701
 0.00637299 -0.404031 0.135499 -0.0189747
 0.000427146 -0.295515 -0.325794 0.107262
 0.00256355 -0.385658 -0.313169 0.120629
 0.00619045 -0.503741 -0.226787 0.113897
 0.00856286 -0.559059 -0.141863 0.0949977
 0.0108515 -0.600114 -0.0277733 0.0619262
 0.0118513 -0.616354 0.104986 0.0154505
 0.00900132 -0.584716 0.221763 -0.034307
 0.00553039 -0.506675 -0.281177 0.13
 0.0101424 -0.629313 -0.165905 0.112652
 0.013077 -0.70515 -0.0654433 0.0883528
 0.0156451 -0.774064 0.0679928 0.0485195
 0.0163867 -0.814237 0.221736 -0.00615767
 0.012502 -0.80194 0.362937 -0.0663782
 0.0157634 -0.792539 -0.0212648 0.084748
 0.0186892 -0.864728 0.0913879 0.0532363
 0.0210208 -0.929806 0.232454 0.0072936
 0.0212462 -0.993531 0.401893 -0.0543256
 0.0151452 -0.995727 0.551925 -0.119671
 0.0214732 -0.948132 0.2102 0.0190523
 0.0233861 -1.01992 0.356149 -0.0300514
 0.0226727 -1.0767 0.522551 -0.0932838
 0.0150509 -1.06383 0.655252 -0.154231
 0.0244224 -1.10766 0.507431 -0.0813702
 0.0222856 -1.14763 0.658313 -0.141592
 0.0127391 -1.11829 0.769464 -0.196623
 0.0177035 -1.18557 0.791838 -0.195549
 0.00574581 -1.14142 0.8735 -0.240346
 -0.00890596 -1.09016 0.922436 -0.271545

Fourier series term #3
 1.16115e-05 0.00103642 0.000572272 -6.94712e-05
 1.33125e-05 0.00113141 0.000659493 -8.88839e-05
 -3.34733e-06 -0.000266662 -0.000151671 2.45488e-05
 2.41871e-06 0.000149285 0.000119666 -2.171e-05
 2.32973e-05 0.00166602 0.00107009 -0.000225407
 -4.01426e-05 -0.0028544 -0.00167093 0.000416017
 1.17327e-05 0.00110011 0.000497513 -0.000157145
 2.18011e-05 0.00272634 0.000726056 -0.000314727
 -1.51182e-05 -0.00171872 -0.000280895 0.000159258
 -2.66666e-05 -0.00482897 3.57647e-05 0.000224358
 -1.68256e-05 -0.00293339 0.000550328 -3.82307e-05
 1.19264e-05 0.00210281 -0.00079373 0.000170676
 2.8098e-05 0.00252858 0.00203293 -0.000276367
 0.000329114 0.0260524 0.0185731 -0.00311041
 0.000102585 0.00518592 0.00638171 -0.00120226
 -9.38047e-05 -0.0103159 -0.00468899 0.000930522
 -9.82372e-05 -0.00725589 -0.00536693 0.0010879
 -7.04478e-05 -0.00224988 -0.00580449 0.00116716
 -4.19377e-05 -0.000500652 -0.00815361 0.00196401
 -1.87041e-05 -0.00252295 -0.00913395 0.00254498
 3.97119e-05 -0.00406684 -0.00875816 0.0027373
 0.000128215 -0.00370489 -0.00739312 0.00247196
 0.000227734 -0.00208769 -0.00595434 0.00202579
 0.000361767 0.0256985 0.0224777 -0.00438604
 0.000314247 0.0229322 0.0204941 -0.00459247
 -9.4376e-06 -0.00315081 0.000661247 -0.000639585
 -0.000245112 -0.0200112 -0.0185486 0.00402067
 -0.000265271 -0.0179558 -0.0286195 0.00711873
 -8.93494e-05 -0.0115387 -0.0345249 0.00977313
 0.000106456 -0.00942008 -0.0360349 0.0109463
 0.000396893 -0.00914707 -0.0353076 0.0115675
 0.000778626 -0.0115188 -0.0308386 0.0109876
 0.00115836 -0.0153143 -0.0220485 0.00863772
 0.000191728 0.014067 0.0136304 -0.00361799
 9.42192e-05 0.0126512 0.00441909 -0.00244826
 -0.000270454 -0.0159511 -0.0247752 0.00473703
 -0.000395378 -0.0340918 -0.0504006 0.0128113
 4.46842e-06 -0.0280941 -0.0619773 0.0180316
 0.000403177 -0.0255135 -0.0631414 0.0196847
 0.000952511 -0.0284038 -0.0589807 0.0199676
 0.00165603 -0.0299121 -0.0490866 0.017906
 0.00235151 -0.0332646 -0.0336467 0.0133431
 -0.00011091 0.00376577 -0.0128256 0.00113071
 -0.000295522 -0.00414959 -0.0377752 0.00761765
 -0.00033076 -0.0286732 -0.0746389 0.0199593
 0.000274138 -0.0537708 -0.0987676 0.0317697
 0.00100363 -0.0591001 -0.0995907 0.0345707
 0.00200283 -0.0610926 -0.09078 0.0339504
 0.00318988 -0.0645197 -0.0724657 0.0295265
 0.00423363 -0.0682987 -0.0460983 0.0211127
 -0.00031244 -0.0104653 -0.0679864 0.0166146
 7.22172e-06 -0.0212883 -0.101751 0.0290425
 0.00109245 -0.065077 -0.129561 0.0445317
 0.00220806 -0.0889165 -0.129286 0.0488226
 0.0037454 -0.109813 -0.114078 0.0478184
 0.00549671 -0.125491 -0.0830176 0.0399216
 0.00681682 -0.129974 -0.0427193 0.0261057
 0.000856141 -0.0438242 -0.135024 0.0436544
 0.00274774 -0.071135 -0.153383 0.0566268
 0.00429975 -0.107099 -0.148364 0.0607491
 0.00655768 -0.146009 -0.121072 0.0568399
 0.00881336 -0.186495 -0.075028 0.0452665
 0.0103536 -0.211988 -0.0141067 0.0246525
 0.00578605 -0.122769 -0.154882 0.0666298
 0.0079624 -0.144819 -0.139247 0.0657723
 0.0106375 -0.178019 -0.104481 0.0582737
 0.0133752 -0.230096 -0.0427115 0.0409307
 0.0146483 -0.274062 0.034607 0.0145547
 0.0103982 -0.180487 -0.112908 0.0618148
 0.0131298 -0.212402 -0.0726393 0.0515485
 0.0158458 -0.251566 -0.0126704 0.0330134
 0.0169375 -0.295195 0.0671079 0.00511147
 0.0159008 -0.254397 -0.0239623 0.0386969
 0.0183543 -0.291082 0.0424914 0.0160316
 0.0186882 -0.314999 0.112683 -0.0111981
 0.0196995 -0.32675 0.107213 -0.00630869
 0.019025 -0.328679 0.15879 -0.0285205
 0.0169879 -0.330516 0.205472 -0.0488186

Fourier series term #4
 7.1843e-06 0.000647827 0.000354253 -4.29798e-05
 5.33277e-06 0.000454322 0.000262805 -3.54235e-05
 -1.57376e-06 -0.00012445 -7.85174e-05 1.24471e-05
 1.50773e-05 0.00107579 0.000698598 -0.000126189
 -1.35146e-05 -0.00099369 -0.00063164 0.000133279
 -5.33884e-06 -0.000513146 -0.000303965 7.46978e-05
 3.03918e-05 0.00223973 0.00106609 -0.000327076
 -1.4069e-05 -0.0021534 -0.000566106 0.000245267
 -1.18594e-05 -0.00279666 -0.00040256 0.000245733
 7.51538e-06 -0.000418648 -9.92009e-06 2.19541e-05
 2.21269e-05 0.00259215 -0.000502277 3.41793e-05
 3.85339e-05 0.00279511 -0.00102378 0.000222165
 -0.00016418 -0.0142871 -0.00863357 0.00128012
 0.000143887 0.0130859 0.0080163 -0.00134575
 0.000129919 0.0102181 0.00720185 -0.00134603
 -2.42305e-05 -0.00343657 -0.000944133 0.00026097
 -1.40168e-05 -0.00228037 -0.000455701 0.000162662
 -3.12886e-06 -0.000640501 0.000414668 -8.14076e-05
 -1.35557e-05 -0.000810092 0.000313304 -6.64683e-05
 -1.30053e-05 -0.000636599 4.24597e-05 -6.43824e-06
 -9.94205e-06 -0.0003615 -0.000211211 5.72586e-05
 -7.52291e-06 -7.35998e-05 -0.000314612 8.3714e-05
 -8.23267e-06 -0.000114285 -0.000226556 6.5501e-05
 0.000214451 0.0179955 0.0130082 -0.00247893
 0.000320958 0.0270819 0.0200697 -0.00422835
 0.000176038 0.0120982 0.0124505 -0.00281936
 -3.36429e-05 -0.00760786 0.00171672 -0.000120733
 -7.46128e-05 -0.0093625 0.000169076 0.000287836
 -7.71226e-05 -0.00409105 0.00107638 -0.000226774
 -9.53842e-05 -0.00316658 0.000728011 -0.000182686
 -0.000108373 -0.00301333 0.00015988 -3.11328e-06
 -9.93339e-05 -0.00318004 -0.000412309 0.000226639
 -6.31183e-05 -0.00325356 -0.000700339 0.000367656
 0.000315935 0.0243913 0.020617 -0.00442297
 0.000300907 0.024742 0.0231567 -0.00546295
 7.84102e-05 0.00378401 0.0131509 -0.0032275
 -0.000125552 -0.0148435 0.00347013 -0.000493396
 -0.000215255 -0.0161814 0.00201046 -8.42908e-05
 -0.000230801 -0.01436 0.00158146 -3.4671e-05
 -0.000217001 -0.00815169 0.000416516 -1.87256e-06
 -0.000192735 -0.00377362 -0.00128437 0.000355096
 -0.000131923 -0.00639677 -0.000775253 0.000403517
 0.000250765 0.0187829 0.0247551 -0.00634616
 0.000158 0.0193637 0.0260371 -0.0075215
 -0.000221917 -0.00734751 0.0141504 -0.00396102
 -0.000453575 -0.0245593 0.00444246 -0.000521751
 -0.000496992 -0.0286689 0.00264812 0.000349313
 -0.000473067 -0.0225163 0.00152197 0.000419274
 -0.000406699 -0.0164663 -6.94554e-05 0.000666909
 -0.000312281 -0.0145807 -4.3949e-05 0.000623172
 -5.94227e-05 0.0103452 0.0266379 -0.00815791
 -0.000327384 0.0100599 0.0244242 -0.00851235
 -0.000681291 -0.0148591 0.0118429 -0.00382274
 -0.00075124 -0.0286755 0.0075632 -0.00152174
 -0.00073185 -0.0385251 0.00656287 -0.000341836
 -0.000593807 -0.0410886 0.00747904 -0.000326413
 -0.000493383 -0.0343638 0.00739824 -0.000727152
 -0.000669128 0.00695063 0.0226825 -0.00875589
 -0.00109816 0.00297969 0.0153196 -0.00678443
 -0.00128175 -0.0106134 0.00992936 -0.00397846
 -0.00121325 -0.0265854 0.00878987 -0.00225532
 -0.000997367 -0.0505627 0.0146944 -0.00220922
 -0.000979107 -0.0556309 0.0198519 -0.00366759
 -0.00160739 -0.00215017 0.0111574 -0.00542056
 -0.00178435 -0.000239221 0.00693129 -0.00410034
 -0.00182756 -0.0095958 0.00609063 -0.00284714
 -0.00179089 -0.027187 0.0105288 -0.00271735
 -0.00182655 -0.0555338 0.0264738 -0.00613164
 -0.00202953 -0.011256 0.00855938 -0.00381321
 -0.00227741 -0.00865871 0.00492769 -0.00252266
 -0.00233487 -0.0153763 0.00525807 -0.00161463
 -0.00217624 -0.0451059 0.0236095 -0.00583169
 -0.00238548 -0.0178459 0.0101029 -0.00353709
 -0.00255857 -0.0220673 0.0124608 -0.00395345
 -0.00286612 -0.0348228 0.0200708 -0.00556306
 -0.0027476 -0.0370314 0.0242501 -0.00710719
 -0.00355391 -0.0405619 0.0280533 -0.00823069
 -0.00448798 -0.0479522 0.0374401 -0.0111566

Fourier series term #5
 1.2885e-06 0.000117641 6.37516e-05 -7.702e-06
 -2.23871e-06 -0.000183234 -0.000109164 1.47897e-05
 4.01834e-06 0.00030738 0.000193879 -3.06691e-05
 -1.0183e-06 -6.43484e-05 -4.44684e-05 8.23579e-06
 -7.38365e-06 -0.000531545 -0.00033983 7.11037e-05
 1.18897e-05 0.000857886 0.000499496 -0.00012498
 -3.85811e-06 -0.000318668 -0.000134392 4.33517e-05
 -7.16159e-06 -0.000849308 -0.000255204 0.000104686
 4.14936e-06 0.000489384 4.52106e-05 -3.64805e-05
 7.74153e-06 0.0014618 -2.40717e-05 -6.46137e-05
 4.38341e-06 0.000921668 -0.000160444 7.60059e-06
 -4.33859e-06 -0.000598906 0.000241315 -5.40684e-05
 -0.000124397 -0.0116236 -0.00667574 0.000986159
 7.52286e-06 0.00146138 0.000514332 -8.71943e-05
 6.22279e-05 0.00569299 0.00352158 -0.000666302
 1.35898e-05 0.000664563 0.000626857 -0.000135429
 -8.96621e-06 -0.00104713 -0.00044132 0.000124195
 -4.31877e-06 -0.000520787 -3.97513e-05 3.53372e-05
 4.79033e-06 0.000311545 8.79165e-05 -3.71085e-05
 1.42891e-06 -0.00019413 -3.16966e-05 1.96315e-05
 -1.66919e-06 -0.00049209 9.60196e-05 -2.23655e-06
 -4.91448e-06 -0.000134921 0.000204041 -5.77131e-05
 -2.83421e-06 0.000421972 -2.2007e-05 -1.19785e-05
 1.92147e-05 0.00233253 0.00130195 -0.000250578
 0.000194536 0.0186139 0.0115096 -0.00251007
 0.000146523 0.0134556 0.0092374 -0.00221962
 3.66437e-05 0.00158527 0.0023389 -0.000568116
 -1.8376e-05 -0.00457375 -0.000767882 0.000418271
 -5.86795e-06 -0.00243265 0.00065274 -3.66772e-05
 5.09113e-07 -0.000654588 0.00101511 -0.000256722
 -1.30885e-09 0.000542338 0.000834101 -0.000293056
 -3.31164e-06 0.000187641 0.000544266 -0.000188461
 -1.07158e-05 -0.00127641 0.000844296 -0.000210377
 0.000166704 0.0156664 0.0102601 -0.00227507
 0.000254185 0.0250054 0.0157703 -0.00392577
 0.000154429 0.0140056 0.0104105 -0.00282908
 -1.14508e-07 -0.00464914 0.00230481 -0.00033689
 -6.77377e-06 -0.0071567 0.00137405 1.14519e-05
 -7.33904e-06 -0.00615078 0.00203309 -0.00024368
 -2.6875e-05 -0.00313819 0.0027401 -0.000673372
 -5.3962e-05 -0.00186873 0.00264968 -0.000761302
 -6.25101e-05 -0.00290217 0.00253837 -0.000701501
 0.000246618 0.0215094 0.0157871 -0.00427187
 0.000258439 0.0260536 0.0189084 -0.00568609
 0.000105837 0.010581 0.0118581 -0.00370436
 -5.47918e-05 -0.0104402 0.0059273 -0.00113449
 -7.26304e-05 -0.0146546 0.00550972 -0.000798704
 -9.84188e-05 -0.0125255 0.00654323 -0.00132724
 -0.000150513 -0.0104576 0.00716329 -0.00176525
 -0.000187496 -0.00769841 0.00614629 -0.00168386
 0.000222682 0.0237486 0.0195876 -0.0063192
 0.000139871 0.0263219 0.021149 -0.00759545
 -0.000115377 0.0027309 0.0150984 -0.00499204
 -0.000177383 -0.00978785 0.0137223 -0.003931
 -0.000217587 -0.0177422 0.0131442 -0.00329961
 -0.000239461 -0.0230936 0.0149735 -0.00369237
 -0.000388795 -0.0186351 0.0142287 -0.00391909
 -6.30626e-05 0.0230074 0.0230998 -0.00870559
 -0.000305149 0.0238667 0.0206077 -0.008815
 -0.000489211 0.0162705 0.0187552 -0.00803956
 -0.000632087 -0.00193187 0.0180259 -0.00656954
 -0.000657872 -0.0175239 0.0203927 -0.00633396
 -0.00078878 -0.0225698 0.0212043 -0.00638929
 -0.000767296 0.0249873 0.0208681 -0.00987661
 -0.001024 0.0272194 0.0176123 -0.00927685
 -0.00127517 0.027775 0.0121047 -0.00757184
 -0.00142827 0.0170159 0.0100869 -0.00594368
 -0.00145125 -0.00272071 0.014986 -0.00602571
 -0.00130847 0.024377 0.0154912 -0.00860473
 -0.00164376 0.0325031 0.00747245 -0.00653098
 -0.00187635 0.033528 0.000356332 -0.00390007
 -0.00173046 0.0190864 0.00175771 -0.00301961
 -0.00199496 0.0304825 0.00543729 -0.00591968
 -0.00229746 0.0426531 -0.00881931 -0.00136834
 -0.00212109 0.0395594 -0.0157368 0.00206106
 -0.00220023 0.0369245 -0.00824774 -0.00123269
 -0.00205834 0.0405 -0.0192039 0.0031396
 -0.00187539 0.0336137 -0.0195978 0.00418629


