**************************************************************
***  MERIS LUT-169: Fourier series terms (s0,..,s5)[TERM]] ***
***                 of polynomial coefficients (k0,..,k3)  ***
***                 for each of 81 aerosol models [IAER],  ***
***                 & for each of 78 geometries [SVZA]     ***
***  - - - - - - - - - - - - - - - - - - - - - - - - - - - ***
***  => useful for multiplicative aer.scat.fct. retrieval  ***
**************************************************************

12 Gaussian angles (deg): SZA/VZA
------------------------         

 2.84 17.64 28.77 36.19 43.61 51.03 58.46 65.88 69.59 73.30 77.01 80.72

Coefficients: [SVZA x (k0,k1,k2,k3)]
------------                        

 Aerosol model #73
 - - - - - - -  

Fourier series term #0
 1.01921 1.32012 0.434039 -0.0850631
 1.02387 1.6171 0.53391 -0.111861
 1.02737 1.81813 0.590878 -0.138331
 1.03039 1.99172 0.621989 -0.161508
 1.03382 2.1968 0.628916 -0.186613
 1.03717 2.4264 0.582555 -0.207293
 1.0394 2.66939 0.437177 -0.209635
 1.03876 2.90571 0.122219 -0.164084
 1.03698 3.01108 -0.129277 -0.10671
 1.03496 3.09449 -0.457855 -0.0139083
 1.03579 3.12466 -0.851589 0.119329
 1.04826 3.01459 -1.21915 0.270709
 1.02344 1.70931 0.530189 -0.114191
 1.02677 1.92992 0.56852 -0.136562
 1.02949 2.11001 0.577044 -0.154301
 1.0324 2.31186 0.553001 -0.171107
 1.03505 2.53356 0.472652 -0.181298
 1.03637 2.7612 0.296983 -0.172065
 1.0347 2.97677 -0.0335716 -0.116991
 1.03246 3.07246 -0.283639 -0.057303
 1.03007 3.14865 -0.603458 0.0351021
 1.03061 3.17571 -0.981882 0.164728
 1.04277 3.06902 -1.33193 0.310147
 1.03321 2.05165 0.616384 -0.179335
 1.03633 2.21991 0.601647 -0.19546
 1.03959 2.41181 0.551835 -0.209377
 1.04215 2.60514 0.442473 -0.21364
 1.04302 2.79726 0.245092 -0.197384
 1.04074 2.98008 -0.0901777 -0.13712
 1.03823 3.06332 -0.334076 -0.0767202
 1.03568 3.13135 -0.641736 0.0144516
 1.03614 3.15624 -1.00366 0.140896
 1.04812 3.05602 -1.33807 0.282588
 1.03984 2.34521 0.533243 -0.19001
 1.04274 2.51404 0.450367 -0.193769
 1.04488 2.69222 0.313958 -0.187908
 1.04506 2.86155 0.0954937 -0.160748
 1.04214 3.02518 -0.249671 -0.0907489
 1.03947 3.10243 -0.493312 -0.0266166
 1.03695 3.16693 -0.796791 0.0670399
 1.03777 3.19029 -1.14966 0.193874
 1.05049 3.09052 -1.47083 0.333588
 1.04275 2.63473 0.33098 -0.185735
 1.04393 2.78298 0.171059 -0.170063
 1.04335 2.93801 -0.060649 -0.134602
 1.03989 3.08687 -0.410409 -0.0569554
 1.0372 3.15888 -0.65201 0.0100755
 1.03496 3.21992 -0.94925 0.105152
 1.03638 3.24143 -1.29117 0.231355
 1.05 3.14163 -1.59719 0.368011
 1.04404 2.87822 -0.00960886 -0.142733
 1.04273 3.01049 -0.252826 -0.0976305
 1.03897 3.15777 -0.608051 -0.0114253
 1.03638 3.22809 -0.849119 0.0594163
 1.03457 3.28672 -1.14184 0.157132
 1.0369 3.305 -1.47293 0.283459
 1.05194 3.20098 -1.76027 0.416443
 1.04064 3.10006 -0.506369 -0.0402004
 1.03684 3.23671 -0.867603 0.0569068
 1.03471 3.31046 -1.10944 0.132455
 1.03387 3.36985 -1.39768 0.233308
 1.03794 3.38235 -1.71405 0.359081
 1.0555 3.26615 -1.97313 0.485717
 1.03379 3.3348 -1.22726 0.166467
 1.03281 3.39653 -1.46353 0.246619
 1.03402 3.44881 -1.73952 0.349141
 1.0413 3.45026 -2.0297 0.470854
 1.06323 3.31174 -2.24095 0.584224
 1.03278 3.44242 -1.69106 0.328094
 1.03573 3.47763 -1.94981 0.42849
 1.04553 3.46228 -2.21363 0.543848
 1.07064 3.30398 -2.3857 0.644773
 1.04131 3.4844 -2.17828 0.522474
 1.05438 3.43802 -2.39899 0.625664
 1.08334 3.2476 -2.51364 0.70713
 1.07153 3.34564 -2.554 0.707869
 1.10476 3.10727 -2.58667 0.759977
 1.14148 2.81112 -2.514 0.77176

Fourier series term #1
 -0.000284375 -0.0188985 -0.0064171 0.00123918
 -0.000338988 -0.01823 -0.00687135 0.00131802
 -0.000427693 -0.0197471 -0.00650441 0.00135847
 -0.000535749 -0.0228139 -0.00561216 0.00133541
 -0.000638223 -0.024336 -0.00263317 0.000863187
 -0.000729291 -0.0238682 0.00274249 -0.000281121
 -0.000791039 -0.0198665 0.0103071 -0.00232858
 -0.000830169 -0.0104871 0.0179777 -0.00510126
 -0.000866477 -0.0032965 0.0202683 -0.00638199
 -0.000942057 0.0056795 0.0200074 -0.00705628
 -0.00106872 0.0162876 0.015813 -0.00650606
 -0.00116459 0.027487 0.00687484 -0.00409866
 -0.00201083 -0.114526 -0.0376767 0.00743668
 -0.00263375 -0.127399 -0.0331774 0.00713559
 -0.00319866 -0.13832 -0.0226202 0.00566004
 -0.00383719 -0.1462 -0.0024999 0.00205099
 -0.0043915 -0.138791 0.0300542 -0.00531511
 -0.00479427 -0.10799 0.0711313 -0.0169848
 -0.00515057 -0.046553 0.106978 -0.0310397
 -0.00546623 -0.00266291 0.114234 -0.0366739
 -0.00603975 0.0504479 0.106675 -0.0385906
 -0.00688548 0.111712 0.0772657 -0.0334483
 -0.00749097 0.175469 0.0225876 -0.0182067
 -0.00480847 -0.202566 -0.040148 0.011582
 -0.00574332 -0.21713 -0.0178864 0.00770035
 -0.00652135 -0.21322 0.0209671 -0.000939108
 -0.0071276 -0.190866 0.0722055 -0.0145461
 -0.00741066 -0.134815 0.128805 -0.0334642
 -0.00761293 -0.037764 0.169981 -0.0537644
 -0.00796302 0.0273256 0.172988 -0.0609271
 -0.00865667 0.103563 0.154654 -0.0622929
 -0.00969623 0.189773 0.105736 -0.0531934
 -0.0102158 0.277556 0.0238556 -0.0302924
 -0.00727569 -0.251562 0.00879597 0.00229971
 -0.00815359 -0.242105 0.0558611 -0.00912712
 -0.00862076 -0.198541 0.113439 -0.0260297
 -0.00882612 -0.122872 0.167199 -0.0460949
 -0.00904981 -0.00562278 0.195364 -0.0645125
 -0.0094684 0.0701998 0.187546 -0.0691175
 -0.0102739 0.157637 0.154764 -0.0662796
 -0.0113193 0.25442 0.0891719 -0.0517306
 -0.0115063 0.350756 -0.0108305 -0.0219771
 -0.0092317 -0.240401 0.102958 -0.0216002
 -0.00980041 -0.183469 0.157355 -0.0398829
 -0.0100802 -0.0847971 0.200635 -0.0598668
 -0.0106325 0.0487629 0.208673 -0.0746646
 -0.0112665 0.131575 0.187384 -0.0757785
 -0.0122319 0.225476 0.139957 -0.0686461
 -0.0133025 0.328079 0.0583314 -0.0485924
 -0.0131012 0.427265 -0.0559492 -0.0131807
 -0.0106423 -0.132279 0.197303 -0.0558724
 -0.0111269 -0.0246437 0.220889 -0.0724765
 -0.0119619 0.124772 0.201638 -0.0808029
 -0.0127435 0.21186 0.164886 -0.0772992
 -0.0138073 0.308195 0.101009 -0.0644092
 -0.0147519 0.411226 0.0037971 -0.0380931
 -0.0138772 0.506566 -0.121002 0.00245251
 -0.0121439 0.0689471 0.216793 -0.0812236
 -0.013422 0.218197 0.165828 -0.0797397
 -0.0143583 0.309424 0.111073 -0.070047
 -0.0154126 0.407083 0.0297672 -0.0503234
 -0.0159683 0.505935 -0.0810417 -0.0175367
 -0.0140513 0.59018 -0.211226 0.0273558
 -0.015236 0.341639 0.0829434 -0.0646508
 -0.0162141 0.423564 0.012422 -0.047599
 -0.0169781 0.515564 -0.083739 -0.0205381
 -0.0166746 0.606424 -0.204308 0.0183431
 -0.0130443 0.673173 -0.331551 0.0653353
 -0.0171266 0.493952 -0.0635758 -0.0266649
 -0.0175163 0.574245 -0.162216 0.00335821
 -0.0164634 0.654151 -0.281873 0.0439272
 -0.0115947 0.707561 -0.401313 0.0899519
 -0.0171848 0.636113 -0.257324 0.0348136
 -0.0150665 0.696469 -0.368094 0.0748164
 -0.00865237 0.729249 -0.471168 0.117039
 -0.0114786 0.728533 -0.459023 0.110541
 -0.00323018 0.730605 -0.532994 0.144455
 0.00682939 0.693919 -0.564048 0.164442

Fourier series term #2
 -1.53831e-05 -0.00106439 -0.000349131 6.86966e-05
 -2.05337e-05 -0.00146423 -0.000520183 0.000109431
 1.04021e-06 -0.000122138 -0.000153988 3.44479e-05
 8.59298e-07 -0.000268667 -0.000288729 6.84814e-05
 3.11583e-06 -0.000294618 -0.000408497 0.000102958
 4.07867e-06 -0.000452573 -0.000557426 0.000154245
 3.26829e-06 -0.000779601 -0.000656985 0.000209311
 4.3908e-06 -0.00105144 -0.000544426 0.000212755
 4.93655e-06 -0.00120828 -0.000378778 0.000181171
 4.64773e-06 -0.00138462 -0.000121452 0.000115611
 1.90308e-06 -0.00148131 0.000203357 1.23552e-05
 -8.28191e-06 -0.00137364 0.000476625 -9.77673e-05
 -0.00035371 -0.029872 -0.0107222 0.00232941
 -4.67868e-05 -0.0128998 -0.00848232 0.00195325
 8.22767e-05 -0.00949101 -0.0106015 0.0025296
 0.000138087 -0.013627 -0.0153382 0.00392772
 0.000178349 -0.020649 -0.0198103 0.0056043
 0.000198078 -0.0309928 -0.0213399 0.00697912
 0.000227654 -0.0432237 -0.0159424 0.00673989
 0.00025905 -0.0487147 -0.00946706 0.00539459
 0.000280073 -0.0526641 -0.000415588 0.00293311
 0.000210268 -0.0537815 0.0101563 -0.00056623
 -0.000144446 -0.0498239 0.0189899 -0.00417881
 -0.000253673 -0.0375037 -0.025562 0.00673336
 -5.41125e-05 -0.0370515 -0.0330664 0.0090268
 0.000114333 -0.0413287 -0.0417272 0.0120882
 0.0001136 -0.0599267 -0.0501202 0.0161372
 7.77264e-05 -0.0852732 -0.050079 0.0189325
 0.000145775 -0.111159 -0.0338906 0.0174122
 0.000239955 -0.122047 -0.017966 0.0138502
 0.000320481 -0.129697 0.0031131 0.00785361
 0.000195385 -0.131565 0.0271117 -0.000378266
 -0.000584352 -0.122817 0.0473198 -0.00896022
 -0.000191201 -0.0633794 -0.0500704 0.0142849
 -0.00010775 -0.0796259 -0.0618969 0.0189881
 -7.78305e-05 -0.102699 -0.0676059 0.023133
 -0.00011851 -0.137763 -0.0613261 0.0252492
 2.37232e-05 -0.172556 -0.0337838 0.0212599
 0.000187585 -0.186469 -0.0102158 0.0155292
 0.00031774 -0.195952 0.0195271 0.00669801
 0.000139271 -0.197891 0.0526654 -0.00500955
 -0.00100573 -0.185476 0.0799339 -0.0168948
 -0.000198215 -0.126784 -0.077735 0.0264791
 -0.000191274 -0.163693 -0.0791899 0.0308102
 -8.54353e-05 -0.201861 -0.0630249 0.0309163
 0.000199473 -0.242572 -0.0230027 0.0237287
 0.000426408 -0.25918 0.00793057 0.0157203
 0.000582292 -0.270448 0.0458336 0.00398464
 0.000298696 -0.272458 0.0871701 -0.0110801
 -0.00127403 -0.256689 0.120677 -0.0261692
 -0.000393731 -0.229741 -0.0754361 0.0356385
 -0.000221921 -0.27802 -0.0486157 0.0334305
 0.00025862 -0.317812 0.00399069 0.0220394
 0.000550822 -0.335771 0.0416655 0.0115379
 0.000704586 -0.348787 0.0865897 -0.0030041
 0.000265677 -0.351429 0.134695 -0.021127
 -0.00179587 -0.333113 0.172937 -0.0390054
 -0.000107096 -0.352904 -0.0106665 0.0291299
 0.000469379 -0.401018 0.0540207 0.0135228
 0.000783417 -0.417349 0.0969112 0.000463724
 0.000852339 -0.429175 0.146578 -0.0166465
 0.000131485 -0.431337 0.198822 -0.0372234
 -0.00258337 -0.410522 0.23876 -0.0568555
 0.000875359 -0.477046 0.13255 -0.00620018
 0.00102832 -0.500691 0.181055 -0.0216359
 0.000796683 -0.512416 0.233314 -0.0407697
 -0.000480436 -0.509891 0.284462 -0.0624056
 -0.00413907 -0.482113 0.319238 -0.0815742
 0.000999543 -0.532916 0.233349 -0.0383026
 0.000452232 -0.549537 0.287301 -0.0582003
 -0.00129703 -0.546296 0.336467 -0.0796513
 -0.00561147 -0.513199 0.364909 -0.097189
 -0.000591191 -0.573316 0.342934 -0.0786084
 -0.00298828 -0.572691 0.390001 -0.0993929
 -0.00812607 -0.535671 0.410477 -0.114329
 -0.00625712 -0.576243 0.433795 -0.118658
 -0.012387 -0.538237 0.445561 -0.130097
 -0.0195254 -0.500912 0.447226 -0.136888

Fourier series term #3
 -8.55192e-07 -5.94763e-05 -1.93503e-05 3.79506e-06
 -2.91708e-06 -0.000200181 -6.54089e-05 1.38091e-05
 -4.78958e-07 -3.13699e-05 -8.88828e-06 2.07298e-06
 6.61732e-08 5.01941e-06 3.81266e-06 -9.50557e-07
 4.4084e-07 3.12859e-05 1.10153e-05 -3.12813e-06
 -6.80896e-07 -4.20263e-05 -9.73836e-06 3.5345e-06
 4.31608e-07 2.62614e-05 5.21204e-07 -1.04476e-06
 8.99334e-07 4.94917e-05 -8.10034e-06 2.30756e-07
 1.48463e-07 -2.00311e-05 -1.25968e-05 4.92949e-06
 -1.71322e-07 -6.72714e-05 -5.90042e-06 5.52954e-06
 2.73726e-07 -4.9445e-05 -2.91154e-06 3.74744e-06
 1.35989e-06 1.33177e-05 -1.99587e-05 6.35959e-06
 -0.000242607 -0.0182767 -0.00554864 0.0012125
 -7.92033e-05 -0.00570912 -0.00146323 0.000365551
 -1.22576e-05 -0.000416512 0.000232731 -4.3779e-05
 -2.30391e-06 0.000290285 0.000372359 -9.19013e-05
 1.62594e-05 0.00109603 8.56387e-05 -5.00392e-05
 4.89036e-05 0.00192065 -0.000852301 0.00016684
 8.97268e-05 0.00158969 -0.0023751 0.000641864
 0.000115162 0.000718108 -0.00300556 0.000909289
 0.000148368 -0.00062733 -0.0031866 0.00108141
 0.000189173 -0.00230624 -0.0026287 0.00102761
 0.000219717 -0.0040014 -0.00124674 0.000652074
 -0.000296675 -0.0192662 -0.00528601 0.0015996
 -0.000160877 -0.0101158 -0.00216914 0.000769951
 8.77787e-06 0.000613151 0.000212838 -7.22139e-05
 0.000108603 0.00459299 -0.00122048 0.000162833
 0.000212148 0.00566871 -0.00523634 0.00128368
 0.00033845 0.00318148 -0.010156 0.00308188
 0.000423116 1.93447e-05 -0.0117721 0.00395284
 0.000534025 -0.00444663 -0.0117943 0.00444209
 0.000669688 -0.00990163 -0.00937149 0.00413654
 0.000765179 -0.0153409 -0.00438664 0.00277796
 -0.000238874 -0.0162061 -0.00399793 0.0014181
 -3.27915e-05 -0.00523225 -0.00309075 0.000973495
 0.000220877 0.00600871 -0.00517542 0.00120601
 0.00040814 0.00723464 -0.0116701 0.00314829
 0.00061896 0.00120703 -0.0183084 0.00586777
 0.000767055 -0.00443092 -0.0196932 0.00693874
 0.00096162 -0.0117932 -0.018318 0.00724883
 0.001188 -0.0202887 -0.0132239 0.00627509
 0.00133036 -0.0285142 -0.00440034 0.00367827
 1.40781e-05 -0.0101749 -0.00831827 0.00266633
 0.00032039 -0.00124581 -0.0134464 0.00397267
 0.000679724 0.00376418 -0.0211395 0.00638451
 0.00104789 -0.00570287 -0.0277427 0.00968562
 0.00129763 -0.0142481 -0.0278056 0.0106992
 0.00161041 -0.0246144 -0.0240215 0.0105536
 0.00195445 -0.0360813 -0.0152549 0.00855979
 0.00214555 -0.0466878 -0.00195253 0.00444138
 0.00051342 -0.0122072 -0.0234884 0.0078521
 0.000975572 -0.013164 -0.0316882 0.0111643
 0.00159284 -0.0207252 -0.0355583 0.013935
 0.00197043 -0.0306439 -0.0331567 0.0144081
 0.00241827 -0.043421 -0.0257916 0.0132988
 0.00287719 -0.0573567 -0.0124679 0.00983895
 0.00307762 -0.0695114 0.00555824 0.00394765
 0.00144822 -0.0374105 -0.0379633 0.0157486
 0.00230603 -0.0513439 -0.036133 0.0174622
 0.00285674 -0.059068 -0.0303446 0.0166872
 0.00345649 -0.070285 -0.0191664 0.0140731
 0.00399957 -0.0840782 -0.00148799 0.00885325
 0.00413407 -0.0959841 0.0205594 0.00114856
 0.00335242 -0.0892147 -0.0227325 0.0171214
 0.00402447 -0.102211 -0.0108784 0.0145069
 0.00471636 -0.111755 0.00468561 0.00989579
 0.00524234 -0.120045 0.0245932 0.00298249
 0.00515567 -0.125696 0.0467418 -0.00574214
 0.0047255 -0.122381 0.00598122 0.0105152
 0.00538823 -0.135557 0.0252941 0.00461026
 0.0058032 -0.142456 0.0463364 -0.00312823
 0.00548681 -0.142871 0.0663644 -0.0117656
 0.00591298 -0.15464 0.0492335 -0.00276545
 0.00610644 -0.163482 0.0724853 -0.0114558
 0.00543865 -0.159801 0.0898949 -0.0196858
 0.00591973 -0.175857 0.0979805 -0.0209279
 0.00473777 -0.170859 0.113095 -0.028513
 0.002938 -0.166292 0.125782 -0.0350803

Fourier series term #4
 1.21137e-07 9.12601e-06 2.86394e-06 -5.34477e-07
 -1.27427e-07 -9.45612e-06 -2.94165e-06 6.23085e-07
 -1.88457e-07 -1.21783e-05 -4.07091e-06 9.7467e-07
 3.73994e-07 2.4761e-05 7.63412e-06 -1.94766e-06
 -2.81699e-07 -1.80375e-05 -5.16554e-06 1.55803e-06
 -1.05704e-07 -9.21491e-06 -1.90499e-06 6.73618e-07
 5.34602e-07 3.45646e-05 6.10023e-06 -2.84715e-06
 -3.81795e-07 -3.13997e-05 -6.64423e-07 1.55388e-06
 -4.40053e-07 -3.966e-05 1.75732e-06 1.41803e-06
 1.73397e-08 -4.81539e-06 6.10388e-07 7.28235e-08
 5.20011e-07 3.68767e-05 -9.9548e-06 1.37392e-06
 7.25451e-07 3.93342e-05 -1.56388e-05 3.43233e-06
 -0.000133435 -0.0101516 -0.00310297 0.0006783
 -5.38938e-05 -0.00410786 -0.00121237 0.000295479
 -5.16194e-06 -0.000320191 -5.34264e-05 1.63186e-05
 -4.5839e-06 -0.000154936 6.6443e-05 -1.26496e-05
 -8.42098e-06 -0.000219113 0.000166172 -3.66946e-05
 -1.02111e-05 1.23795e-05 0.000328467 -9.13649e-05
 -1.10624e-05 0.000388106 0.000356976 -0.000125408
 -1.08415e-05 0.00058603 0.000255986 -0.000110164
 -9.56973e-06 0.000740312 7.0677e-05 -6.29346e-05
 -5.76523e-06 0.000776222 -0.000150238 9.38946e-06
 3.65816e-06 0.000638876 -0.000300462 7.43155e-05
 -0.000231387 -0.0155452 -0.00475254 0.00140054
 -0.00014489 -0.00947194 -0.00247223 0.000824441
 -4.98524e-05 -0.00223533 0.000187978 1.57514e-05
 -4.32484e-05 -0.000570854 0.0012873 -0.000336619
 -4.99679e-05 0.000559205 0.00196168 -0.000614053
 -4.85206e-05 0.00253297 0.0018189 -0.000739472
 -4.69117e-05 0.00345801 0.00119377 -0.00062789
 -4.21719e-05 0.00406286 0.000218969 -0.000361481
 -2.5051e-05 0.00412122 -0.000875698 1.85526e-05
 2.00082e-05 0.00340719 -0.00161655 0.0003635
 -0.000266878 -0.0169481 -0.00364076 0.00134492
 -0.000189831 -0.0103046 -0.000593588 0.000474911
 -0.000101528 -0.00162388 0.00263347 -0.000685308
 -9.0235e-05 0.00236741 0.0037891 -0.00126915
 -9.1582e-05 0.00574514 0.0029219 -0.00130653
 -9.05542e-05 0.0072405 0.00156558 -0.00101275
 -8.1454e-05 0.00825175 -0.000312589 -0.000474447
 -4.93779e-05 0.00828451 -0.00229754 0.000234663
 3.51194e-05 0.00685547 -0.00351477 0.000832565
 -0.000308618 -0.0170852 -9.14914e-05 0.000647794
 -0.000241695 -0.0077406 0.00353257 -0.000715643
 -0.000165544 0.00441326 0.00541008 -0.00196702
 -0.000161758 0.0107399 0.00338444 -0.00187663
 -0.000164603 0.0125734 0.00113918 -0.00132606
 -0.000153099 0.0136018 -0.00168138 -0.000455115
 -0.000101384 0.0133506 -0.00448941 0.000602303
 3.32798e-05 0.0111713 -0.00612281 0.00146237
 -0.000355582 -0.011758 0.00479141 -0.000917021
 -0.000295505 0.00107023 0.00578474 -0.00203088
 -0.000246416 0.0151012 0.00245927 -0.00203299
 -0.000247069 0.0183491 -0.000711751 -0.0012539
 -0.000233168 0.0194366 -0.00428412 -8.86476e-05
 -0.000163033 0.0186614 -0.00756517 0.00123564
 1.72723e-05 0.0156135 -0.0092739 0.0022616
 -0.000402018 -0.00166042 0.00516432 -0.00176942
 -0.000380515 0.0113549 0.000968612 -0.00140136
 -0.000361485 0.018683 -0.00311702 -0.000574803
 -0.000330047 0.022823 -0.00762431 0.000736975
 -0.000239463 0.0229764 -0.0113022 0.00219828
 -2.2772e-05 0.0194682 -0.0127092 0.00321273
 -0.000473767 0.00555665 -0.000390389 -0.000517867
 -0.000471947 0.00903545 -0.00307218 0.000172675
 -0.000433501 0.015137 -0.00749139 0.00132462
 -0.000327112 0.0197767 -0.0122037 0.00280884
 -8.98117e-05 0.0196797 -0.0145435 0.00389841
 -0.000494914 0.00588693 -0.0030739 0.000475294
 -0.000472215 0.00814878 -0.00535216 0.00117856
 -0.000376378 0.0128857 -0.00939744 0.00238745
 -0.000168139 0.0155264 -0.0126244 0.00354296
 -0.000492095 0.00365949 -0.00374415 0.00102755
 -0.000442085 0.00459147 -0.00484356 0.00142579
 -0.000298258 0.00800717 -0.00778966 0.00234908
 -0.000509095 -0.000833635 -0.00113927 0.000497703
 -0.000504567 -0.000493302 -0.00123655 0.000535822
 -0.000746718 -0.00561087 0.00370519 -0.00103225

Fourier series term #5
 4.95894e-08 3.33778e-06 1.04583e-06 -1.85788e-07
 -1.37985e-07 -8.7872e-06 -2.99351e-06 6.42227e-07
 1.30818e-07 8.43489e-06 2.7272e-06 -6.30201e-07
 -1.28745e-08 -5.40685e-07 -2.48072e-07 8.44631e-08
 -1.55752e-07 -1.01497e-05 -2.94049e-06 8.64036e-07
 2.20672e-07 1.40759e-05 3.3725e-06 -1.20018e-06
 -8.47913e-08 -4.65286e-06 -8.04864e-07 4.14407e-07
 -1.56935e-07 -1.25063e-05 -7.3704e-07 7.79789e-07
 1.00532e-07 7.26803e-06 -5.30629e-07 -1.88421e-07
 2.37073e-07 2.05761e-05 -3.03449e-06 -9.16714e-08
 1.37579e-07 1.26921e-05 -3.29906e-06 4.36211e-07
 -1.5953e-07 -8.45228e-06 3.56253e-06 -8.10999e-07
 -6.27144e-05 -0.00479901 -0.00145797 0.000319466
 -3.48796e-05 -0.00268813 -0.000798625 0.000194549
 -3.11997e-06 -0.000243558 -7.42243e-05 1.96629e-05
 8.02169e-07 4.44428e-05 3.41854e-06 -1.5294e-06
 -3.40068e-07 -5.54286e-05 -2.1221e-05 6.89865e-06
 -8.26985e-07 -8.19836e-05 -9.41309e-06 5.49895e-06
 -1.36405e-06 -6.30754e-05 2.83504e-05 -5.59359e-06
 -2.05517e-06 -5.07863e-05 5.01294e-05 -1.3157e-05
 -2.96448e-06 -2.09378e-05 6.39663e-05 -1.98272e-05
 -3.77201e-06 3.76289e-05 5.26106e-05 -1.99635e-05
 -3.88132e-06 9.92766e-05 1.25311e-05 -9.4695e-06
 -0.000169472 -0.0115494 -0.00362391 0.00106244
 -0.000103136 -0.00718206 -0.00217498 0.000698762
 -1.80324e-05 -0.00137462 -0.000438928 0.000153753
 -3.20815e-06 -0.000344027 -0.000112015 4.44487e-05
 -9.66032e-06 -0.000652736 1.29876e-05 2.73897e-05
 -1.59652e-05 -0.000574584 0.000347252 -7.79041e-05
 -1.94883e-05 -0.000322956 0.000496393 -0.000145599
 -2.41763e-05 3.70155e-05 0.000538336 -0.000190622
 -2.95961e-05 0.000445485 0.000410267 -0.000181028
 -3.08024e-05 0.000805043 0.000120866 -0.000103226
 -0.000193023 -0.0134213 -0.00368762 0.00126772
 -0.000115073 -0.00837037 -0.00209748 0.000816067
 -3.06966e-05 -0.00231145 -0.000389415 0.000200454
 -2.73182e-05 -0.00142584 0.000310932 -2.25292e-05
 -4.22361e-05 -0.00112602 0.00100742 -0.00025911
 -5.13001e-05 -0.000567258 0.00124955 -0.000384305
 -6.24253e-05 0.000289359 0.00122684 -0.000449288
 -7.41616e-05 0.00125342 0.000823829 -0.00038772
 -7.46314e-05 0.00208083 8.64425e-05 -0.000176936
 -0.000196505 -0.0156454 -0.00315287 0.00145543
 -0.000132141 -0.010528 -0.00114807 0.000806999
 -7.21608e-05 -0.00369802 0.000977189 -0.000102543
 -8.90489e-05 -0.00135988 0.00214971 -0.000630863
 -0.000108271 -0.00028018 0.00235865 -0.00080005
 -0.000131661 0.00112898 0.00210602 -0.000844503
 -0.000154165 0.00274232 0.00122897 -0.000672491
 -0.000152846 0.00419908 -0.000190209 -0.00025291
 -0.00023047 -0.0185796 -0.000516214 0.00112526
 -0.000188947 -0.0119773 0.00222777 4.85633e-06
 -0.000168696 -0.00225407 0.0036558 -0.00111283
 -0.000193399 0.00071795 0.00351119 -0.00132443
 -0.000229703 0.00310406 0.00270468 -0.00126909
 -0.000263102 0.00534545 0.00111869 -0.00089493
 -0.000255675 0.00725759 -0.00108689 -0.000203717
 -0.000297492 -0.0191702 0.00495638 -0.000364678
 -0.000306285 -0.00902255 0.00623543 -0.00155303
 -0.000325607 -0.00146867 0.00509839 -0.00180141
 -0.00036561 0.00467748 0.00289786 -0.00156651
 -0.000400858 0.00887917 -1.96205e-05 -0.000857907
 -0.000371196 0.0114294 -0.00321446 0.000186263
 -0.000444212 -0.014493 0.00943056 -0.00230859
 -0.000493427 -0.00955096 0.0086203 -0.00248902
 -0.000541089 -0.000656229 0.00509678 -0.00201937
 -0.000563 0.00837748 -0.000339799 -0.000784028
 -0.000479687 0.014606 -0.00600361 0.000918035
 -0.000570651 -0.0102896 0.00945755 -0.00278479
 -0.000636754 -0.00466039 0.00697406 -0.00240677
 -0.000649836 0.00463906 0.00122591 -0.00107433
 -0.000548707 0.0133081 -0.00603593 0.00103528
 -0.000718554 -0.0052171 0.00720748 -0.00248138
 -0.000743361 0.00061773 0.00317326 -0.00147617
 -0.000618104 0.00947354 -0.0042991 0.000707589
 -0.000804662 6.30158e-05 0.00292074 -0.00132293
 -0.000682842 0.00527399 -0.00199864 0.000198746
 -0.00064108 0.00418785 -0.00193708 0.00029775


