**************************************************************
***  MERIS LUT-169: Fourier series terms (s0,..,s5)[TERM]] ***
***                 of polynomial coefficients (k0,..,k3)  ***
***                 for each of 81 aerosol models [IAER],  ***
***                 & for each of 78 geometries [SVZA]     ***
***  - - - - - - - - - - - - - - - - - - - - - - - - - - - ***
***  => useful for multiplicative aer.scat.fct. retrieval  ***
**************************************************************

12 Gaussian angles (deg): SZA/VZA
------------------------         

 2.84 17.64 28.77 36.19 43.61 51.03 58.46 65.88 69.59 73.30 77.01 80.72

Coefficients: [SVZA x (k0,k1,k2,k3)]
------------                        

 Aerosol model #56
 - - - - - - -  

Fourier series term #0
 1.00278 0.484681 0.153082 -0.0220986
 1.00686 0.854457 0.385134 -0.0563644
 1.01604 1.52621 0.873177 -0.140532
 1.02278 1.91583 1.18209 -0.212302
 1.02976 2.34031 1.46707 -0.303488
 1.03479 2.75141 1.62534 -0.399146
 1.03512 3.17264 1.57028 -0.476472
 1.02637 3.69624 1.16608 -0.483212
 1.01685 3.96898 0.724431 -0.411797
 1.00518 4.23324 0.0676046 -0.253299
 0.997881 4.46918 -0.806304 0.0148974
 1.01608 4.53528 -1.74929 0.366439
 1.01238 1.19712 0.644507 -0.0980264
 1.0196 1.62467 0.954635 -0.163565
 1.02558 1.98132 1.18563 -0.228252
 1.03145 2.37884 1.39504 -0.30928
 1.03579 2.79305 1.51156 -0.396157
 1.03553 3.22252 1.4409 -0.465125
 1.0259 3.68244 1.02134 -0.455762
 1.01653 3.94755 0.597879 -0.383132
 1.00521 4.2386 -0.0292802 -0.229426
 0.998003 4.51284 -0.879693 0.0336262
 1.01586 4.60077 -1.80995 0.383035
 1.02472 1.87834 1.09914 -0.213327
 1.029 2.14773 1.21113 -0.263969
 1.03275 2.46236 1.29764 -0.325
 1.03491 2.84402 1.33534 -0.394341
 1.03293 3.24792 1.2248 -0.446502
 1.02247 3.70935 0.8189 -0.428658
 1.013 3.97355 0.421364 -0.356316
 1.00189 4.26603 -0.170862 -0.206651
 0.995053 4.55316 -0.984218 0.0490135
 1.01296 4.6757 -1.88953 0.391486
 1.0318 2.3345 1.23171 -0.300198
 1.03381 2.58957 1.23718 -0.345555
 1.03392 2.87395 1.18274 -0.390019
 1.03049 3.27221 1.04142 -0.428681
 1.0191 3.72526 0.631958 -0.399619
 1.00961 4.0081 0.245965 -0.325864
 0.998731 4.3093 -0.328913 -0.176263
 0.992377 4.61851 -1.12171 0.0763065
 1.01066 4.78534 -2.01457 0.415454
 1.0338 2.74678 1.15236 -0.36837
 1.03205 2.97452 1.03371 -0.392514
 1.0268 3.29032 0.827375 -0.40408
 1.01441 3.768 0.40244 -0.360985
 1.00487 4.06602 0.0139292 -0.280708
 0.994338 4.37821 -0.551874 -0.127665
 0.988665 4.69996 -1.32175 0.122641
 1.00801 4.88995 -2.19235 0.456942
 1.02852 3.12836 0.853188 -0.392652
 1.02164 3.41311 0.591586 -0.379506
 1.00814 3.81979 0.113571 -0.304001
 0.998456 4.11809 -0.283011 -0.213305
 0.988419 4.47426 -0.851605 -0.0542397
 0.98423 4.81847 -1.61229 0.198866
 1.0061 4.99601 -2.447 0.526839
 1.01317 3.61167 0.267429 -0.332335
 0.998805 4.01252 -0.26886 -0.223245
 0.989472 4.28278 -0.684921 -0.114979
 0.981365 4.56799 -1.25325 0.0595109
 0.980198 4.92202 -2.00194 0.316637
 1.00675 5.13023 -2.81097 0.639236
 0.984907 4.33946 -0.855144 -0.0734022
 0.977524 4.58177 -1.30082 0.0588646
 0.973195 4.81815 -1.86371 0.247759
 0.977803 5.11489 -2.57164 0.505215
 1.01299 5.23791 -3.28152 0.80455
 0.972527 4.74241 -1.72521 0.197052
 0.970821 4.98569 -2.27801 0.387737
 0.980496 5.26414 -2.96556 0.644712
 1.02278 5.30048 -3.5853 0.920369
 0.973724 5.19912 -2.80415 0.576951
 0.990799 5.37066 -3.40498 0.815674
 1.04189 5.31636 -3.90632 1.05516
 1.01685 5.39525 -3.85631 1.01243
 1.07871 5.24498 -4.20652 1.20015
 1.14935 4.9171 -4.30257 1.29688

Fourier series term #1
 -0.000259573 -0.0354257 -0.0153841 0.00211705
 -0.000939954 -0.0812803 -0.051627 0.00702857
 -0.00121857 -0.0662926 -0.0546635 0.00801834
 -0.00130437 -0.0584681 -0.046467 0.00776461
 -0.00131662 -0.0515485 -0.0316008 0.00650404
 -0.00126119 -0.0481359 -0.012531 0.00410632
 -0.000997023 -0.033145 0.0159508 -0.00189202
 -0.000835122 -0.0151587 0.042719 -0.0100022
 -0.000906329 -0.00671402 0.0507399 -0.0135748
 -0.00115199 0.00473785 0.0529367 -0.0160224
 -0.00166328 0.0237839 0.0458222 -0.0159679
 -0.00230081 0.0462379 0.0261336 -0.011206
 -0.00489503 -0.322194 -0.237665 0.03375
 -0.00720799 -0.38972 -0.295687 0.0476912
 -0.00794058 -0.372946 -0.264464 0.0486989
 -0.00777045 -0.321828 -0.174334 0.0393325
 -0.00718009 -0.279811 -0.0563096 0.0217337
 -0.0057923 -0.198899 0.0966805 -0.0120957
 -0.00472004 -0.0888485 0.237149 -0.0565905
 -0.00504669 -0.025157 0.281956 -0.0774497
 -0.00650719 0.0572643 0.294127 -0.0919448
 -0.00954873 0.168405 0.250139 -0.0901531
 -0.0131199 0.296776 0.131746 -0.0601573
 -0.0101153 -0.51694 -0.350877 0.0658135
 -0.0112811 -0.542797 -0.317945 0.0688083
 -0.0114874 -0.529298 -0.224257 0.0602291
 -0.0102205 -0.421986 -0.0481084 0.0279014
 -0.00852043 -0.297382 0.151516 -0.0210694
 -0.00737949 -0.120927 0.3369 -0.0847521
 -0.00798206 -0.00153262 0.395111 -0.115219
 -0.010312 0.134804 0.4018 -0.133928
 -0.0148852 0.287014 0.3311 -0.127967
 -0.0201717 0.451532 0.166104 -0.0846612
 -0.01256 -0.604391 -0.283105 0.0717298
 -0.01254 -0.585597 -0.178172 0.0585521
 -0.0115989 -0.514099 -0.0194177 0.0276708
 -0.00986767 -0.340562 0.191895 -0.030196
 -0.00909403 -0.12775 0.375366 -0.0990683
 -0.010175 0.0116588 0.432545 -0.131949
 -0.0131132 0.169701 0.431228 -0.150617
 -0.018499 0.345016 0.34599 -0.141796
 -0.0247076 0.555345 0.150907 -0.0905592
 -0.0126947 -0.598528 -0.0847562 0.044772
 -0.0118677 -0.524885 0.0604926 0.0115071
 -0.0107753 -0.384995 0.232045 -0.0402502
 -0.0109014 -0.13001 0.399414 -0.11116
 -0.0125828 0.0154916 0.443479 -0.141769
 -0.0160798 0.192637 0.427478 -0.157529
 -0.0220861 0.413398 0.318524 -0.143564
 -0.0286151 0.658971 0.0935894 -0.083108
 -0.0116248 -0.483839 0.169025 -0.0175797
 -0.0115145 -0.361637 0.300581 -0.0638518
 -0.0127556 -0.146425 0.411377 -0.120135
 -0.0150417 0.0245119 0.430052 -0.145384
 -0.0193106 0.230199 0.390867 -0.155528
 -0.0258153 0.474787 0.255873 -0.133399
 -0.0319532 0.732347 0.00754271 -0.0637405
 -0.0124939 -0.278337 0.374369 -0.0969991
 -0.0153238 -0.0746574 0.419687 -0.136007
 -0.0182137 0.077157 0.401408 -0.148247
 -0.0225447 0.246312 0.330707 -0.143868
 -0.0292201 0.509552 0.165842 -0.11093
 -0.0344257 0.785251 -0.106043 -0.031807
 -0.0196208 0.0856838 0.382854 -0.146316
 -0.0230119 0.205911 0.323539 -0.140949
 -0.0273284 0.362951 0.21336 -0.119314
 -0.0326273 0.584449 0.0224244 -0.0700969
 -0.0354407 0.821117 -0.246664 0.0144396
 -0.0261848 0.302038 0.247773 -0.126472
 -0.030092 0.459189 0.114218 -0.0944989
 -0.0342499 0.654337 -0.083994 -0.0379655
 -0.0348302 0.868231 -0.350914 0.0498363
 -0.0330761 0.574652 -0.0194046 -0.0566212
 -0.0353742 0.741642 -0.220354 0.00606521
 -0.0323874 0.916179 -0.47203 0.0938446
 -0.0344751 0.848841 -0.398015 0.0678774
 -0.0273755 0.945864 -0.594535 0.142979
 -0.0156836 0.952424 -0.709008 0.194411

Fourier series term #2
 -2.69578e-05 -0.00496021 -0.00151995 0.000224752
 0.000116595 0.0116203 0.00640869 -0.000898976
 1.47016e-05 0.000990913 0.000178534 -3.44288e-05
 -0.000141845 -0.0104733 -0.00778291 0.00134739
 4.28032e-05 0.00593205 0.00247387 -0.000587948
 -6.02256e-06 0.00354054 0.000276613 -0.000188144
 -0.000301619 -0.0189215 -0.0115322 0.00332409
 -1.38857e-06 0.0148418 0.00405505 -0.00178143
 -3.09168e-05 0.0193687 0.0028564 -0.00181795
 -0.000121754 0.000722927 -0.00113141 0.000320933
 -0.000129822 -0.0214173 0.00275391 0.000316887
 -0.000268864 -0.0217778 0.00804092 -0.00162188
 -6.30529e-05 -0.0373506 -0.017816 0.00306549
 -0.000476531 -0.0710187 -0.0578978 0.00950872
 -0.000738299 -0.0746512 -0.0809587 0.0139371
 -0.000852045 -0.0614076 -0.0894845 0.0167256
 -0.000806116 -0.0518931 -0.0909208 0.0193228
 -0.000702605 -0.0530096 -0.0840226 0.0213159
 -0.0003218 -0.0658092 -0.0636416 0.0205256
 8.5342e-05 -0.0691759 -0.045524 0.0172203
 0.000533985 -0.0680861 -0.0220838 0.0111497
 0.00075284 -0.0636282 0.00374572 0.00282852
 0.000304356 -0.0539645 0.0244481 -0.00533476
 -0.00112976 -0.130161 -0.127667 0.0224987
 -0.0015828 -0.149877 -0.174078 0.032956
 -0.00204207 -0.16924 -0.216173 0.0454425
 -0.0021878 -0.161256 -0.224755 0.0533923
 -0.00178407 -0.1639 -0.207285 0.0577712
 -0.000556896 -0.17024 -0.151896 0.0522504
 0.000378785 -0.175925 -0.106694 0.0430916
 0.0014303 -0.177117 -0.0517748 0.0285071
 0.0021185 -0.168883 0.00566703 0.00961627
 0.00141475 -0.144317 0.0512017 -0.00900838
 -0.00222292 -0.201387 -0.241459 0.0499759
 -0.0029497 -0.248516 -0.299969 0.0691694
 -0.00298192 -0.27391 -0.324138 0.0846487
 -0.00220253 -0.266901 -0.293768 0.088613
 -0.000349016 -0.287945 -0.217132 0.0808734
 0.00121993 -0.280449 -0.15342 0.0664059
 0.00293316 -0.272561 -0.0793794 0.0456739
 0.00405558 -0.259985 0.00268014 0.0180863
 0.00309482 -0.221899 0.0700589 -0.0100172
 -0.00338455 -0.315967 -0.362011 0.0926903
 -0.00326977 -0.368906 -0.391806 0.113097
 -0.00224192 -0.426945 -0.372768 0.12539
 0.000737112 -0.412247 -0.270885 0.110277
 0.00288329 -0.407333 -0.193275 0.0920318
 0.0052186 -0.408666 -0.0968382 0.0646142
 0.00678423 -0.395991 0.0129712 0.0267981
 0.00554391 -0.345808 0.104552 -0.0123573
 -0.00287103 -0.478677 -0.425953 0.139275
 -0.000838784 -0.542755 -0.399639 0.150947
 0.003215 -0.596014 -0.292789 0.138323
 0.00599759 -0.5962 -0.199635 0.115022
 0.00893489 -0.582812 -0.0835324 0.0790088
 0.0109466 -0.563819 0.0485487 0.0313411
 0.00948581 -0.520602 0.168863 -0.020003
 0.00220075 -0.670252 -0.368009 0.16427
 0.00741952 -0.745736 -0.244008 0.145333
 0.0111072 -0.798942 -0.139782 0.120561
 0.0148712 -0.832622 0.00175882 0.0772399
 0.0171117 -0.801186 0.149876 0.0199946
 0.0149891 -0.753538 0.291206 -0.0426627
 0.0143265 -0.936226 -0.097925 0.123264
 0.0184394 -0.994042 0.0207901 0.0907281
 0.0221592 -1.01315 0.163945 0.0418456
 0.0246967 -1.07963 0.356614 -0.0269091
 0.0206647 -1.06616 0.531133 -0.103297
 0.0224693 -1.05963 0.143758 0.0551273
 0.0264049 -1.13603 0.304756 0.00284156
 0.0283317 -1.21291 0.504869 -0.0699034
 0.0229147 -1.16147 0.651238 -0.140694
 0.0300992 -1.26692 0.49168 -0.0563494
 0.0305785 -1.30799 0.667595 -0.125315
 0.0230674 -1.25156 0.797201 -0.191343
 0.0287003 -1.35998 0.837273 -0.192295
 0.018123 -1.31858 0.955519 -0.25292
 0.00382751 -1.28736 1.0502 -0.302292

Fourier series term #3
 3.43866e-06 0.000493922 0.000196423 -2.7272e-05
 5.40939e-05 0.00681072 0.00315572 -0.000466373
 -6.45014e-05 -0.0059359 -0.00357892 0.000574973
 1.87172e-05 0.00141883 0.000966142 -0.000171125
 0.000135349 0.0104776 0.00680912 -0.00140306
 -0.000228607 -0.0172758 -0.0106612 0.00259913
 6.8055e-05 0.00644259 0.00333913 -0.00101166
 0.000106183 0.0160396 0.00540081 -0.00219587
 -6.08193e-05 -0.00999534 -0.00213038 0.0011267
 -5.70983e-05 -0.0274254 -0.0011128 0.00185098
 -2.47407e-05 -0.0165153 0.00269198 2.50957e-05
 -2.65231e-05 0.0118869 -0.00412875 0.000768038
 0.000174269 0.00848932 0.00972757 -0.0012682
 1.4212e-05 -0.0121448 -0.00158342 0.000640895
 -0.00015045 -0.0255165 -0.0128344 0.00273421
 1.17386e-05 -0.00734907 -0.00646418 0.00133845
 -9.42119e-05 -0.0111905 -0.0122293 0.00269523
 -3.36621e-06 -0.00182503 -0.0105026 0.00228272
 8.0947e-05 0.00196811 -0.0129192 0.00312792
 9.84917e-05 -0.00571324 -0.0149312 0.00439817
 0.000187818 -0.0112248 -0.012843 0.00442436
 0.000310734 -0.007572 -0.00902312 0.0032448
 0.000426085 0.000367388 -0.00783396 0.00254124
 3.84477e-05 -0.0302455 -0.00746917 0.00220644
 -5.49838e-05 -0.0399763 -0.0190436 0.00456029
 -0.000303093 -0.0593786 -0.0405381 0.00954259
 -0.000108608 -0.0286007 -0.040325 0.00925062
 -8.85656e-05 -0.0214369 -0.0492728 0.0122568
 0.000107088 -0.0184897 -0.05384 0.0152828
 0.000374736 -0.0136678 -0.0523306 0.0157484
 0.000734898 -0.0161898 -0.0475831 0.0155764
 0.00120377 -0.0286484 -0.035486 0.0132765
 0.00153379 -0.0417198 -0.0155736 0.00752413
 -0.00019251 -0.0620389 -0.0358957 0.00865489
 -6.94473e-05 -0.0557605 -0.0497316 0.0118426
 -0.000379371 -0.0808191 -0.0840125 0.0217369
 -0.000188315 -0.0544598 -0.0923442 0.0252284
 0.000370893 -0.0373275 -0.0970145 0.029166
 0.000798151 -0.0466287 -0.0945582 0.0310697
 0.00142848 -0.0667462 -0.0791871 0.0294946
 0.00222649 -0.06451 -0.0562166 0.023062
 0.00293709 -0.0645124 -0.0310862 0.0147283
 -0.000202038 -0.0835737 -0.0817351 0.0208656
 -0.000367888 -0.107617 -0.118168 0.0328075
 6.02813e-05 -0.109495 -0.146324 0.0442497
 0.000787726 -0.105839 -0.14727 0.0500325
 0.00163253 -0.106967 -0.137594 0.0502225
 0.00282203 -0.120807 -0.115043 0.0466611
 0.00421775 -0.128028 -0.07864 0.0366303
 0.00519783 -0.124397 -0.0367054 0.021836
 7.1133e-06 -0.131387 -0.156237 0.0469531
 0.000521256 -0.166764 -0.187435 0.0629731
 0.00214609 -0.212073 -0.190229 0.074297
 0.00354308 -0.210856 -0.172453 0.0725825
 0.00530285 -0.204789 -0.139197 0.0644338
 0.00732019 -0.210847 -0.0881634 0.0491228
 0.00862578 -0.2177 -0.0230207 0.025966
 0.00183613 -0.243103 -0.214282 0.0822535
 0.00460672 -0.28303 -0.20239 0.0897738
 0.00691891 -0.334834 -0.173566 0.0886195
 0.00936315 -0.348603 -0.118945 0.0741911
 0.0121187 -0.368776 -0.0461424 0.0513421
 0.0132417 -0.356076 0.0336131 0.0195124
 0.0091778 -0.419107 -0.161328 0.0949462
 0.0118369 -0.44477 -0.114523 0.0844714
 0.0147514 -0.466708 -0.047193 0.0646901
 0.0180974 -0.531651 0.0590426 0.0316072
 0.0190381 -0.569507 0.179313 -0.0136295
 0.0148484 -0.498104 -0.054572 0.0707659
 0.0181358 -0.54644 0.0259815 0.0474346
 0.021275 -0.59649 0.13146 0.0119987
 0.0211372 -0.650937 0.269005 -0.039802
 0.0215051 -0.618856 0.121419 0.0194793
 0.0238222 -0.691134 0.247942 -0.0235285
 0.022147 -0.712621 0.366016 -0.0722184
 0.0243211 -0.763822 0.379527 -0.0701006
 0.0209519 -0.74322 0.459074 -0.108376
 0.0141116 -0.735881 0.535918 -0.144477

Fourier series term #4
 2.28711e-06 0.00041172 0.000122061 -1.7737e-05
 -2.74492e-06 -9.54727e-05 -0.000143719 1.71613e-05
 -1.69139e-05 -0.00172791 -0.000984272 0.000160046
 8.07505e-05 0.00651672 0.00418471 -0.000748914
 -7.86404e-05 -0.00609615 -0.00397296 0.000818152
 -3.007e-05 -0.00311764 -0.00195024 0.000471926
 0.000167465 0.0134432 0.00704807 -0.00211273
 -6.89621e-05 -0.0124759 -0.00407867 0.00167578
 -3.7198e-05 -0.0161968 -0.00335058 0.00179523
 4.40351e-05 -0.00253737 -0.000182223 0.000186315
 4.96274e-05 0.0146684 -0.00228569 -8.47084e-05
 0.000125855 0.0162103 -0.00572123 0.00111806
 5.82428e-05 0.00430535 0.00360907 -0.000517625
 0.000120677 0.00849806 0.00707444 -0.00112997
 -1.89636e-05 -0.00799981 -0.00244692 0.000639124
 -7.51818e-05 -0.00711326 -0.00313336 0.000794417
 -2.33899e-06 -0.0025086 -0.000973503 0.000301281
 4.42968e-05 0.00329478 0.00192439 -0.000581495
 -4.267e-05 -0.00451382 -0.000837005 0.000433764
 -2.22725e-05 -0.00580739 -0.00171068 0.0007732
 1.81743e-05 -0.00200038 -0.00161065 0.000570183
 1.92423e-05 0.00339361 -0.00172408 0.000336832
 1.72156e-05 0.00630854 -0.00262957 0.000544365
 8.62048e-05 -0.0034674 0.00539813 -0.000616048
 4.13963e-05 -0.00975619 0.00259166 3.21971e-05
 -4.6407e-05 -0.0254565 -0.00681638 0.00233423
 -8.22529e-05 -0.0175611 -0.00448257 0.00175678
 -4.73618e-05 -0.0114605 -0.00302642 0.00125212
 -2.35416e-06 -0.00273285 -0.00241473 0.000701352
 -2.27314e-05 -0.000977344 -0.00249446 0.000654334
 -1.32015e-05 0.00128683 -0.00367805 0.000932257
 6.71203e-05 0.00179976 -0.00591322 0.00172553
 0.000235793 -0.00117282 -0.00607767 0.0020814
 0.00018702 -0.0112834 0.00676032 -0.000591345
 3.68239e-05 -0.025105 0.000765394 0.00106901
 -0.000111948 -0.044513 -0.0106382 0.00448622
 -2.24858e-05 -0.0245585 -0.00741317 0.00307102
 -3.15618e-05 -0.0161186 -0.00591766 0.00241456
 2.33646e-05 -0.0201737 -0.00964853 0.00393518
 0.000130641 0.00156059 -0.0114908 0.00334274
 0.000192636 0.0158812 -0.0151971 0.00389224
 0.000455245 -0.00870628 -0.00777345 0.0031382
 4.62875e-06 -0.043391 -0.00234466 0.00261083
 0.000111859 -0.0400921 -0.00330968 0.0028377
 -8.67795e-05 -0.0680492 -0.0148773 0.00761279
 0.00012853 -0.0262101 -0.0134668 0.00534041
 0.000135246 -0.0281718 -0.0144722 0.00609032
 0.000281047 -0.022571 -0.0160718 0.00659088
 0.000531734 -0.0185262 -0.0159782 0.00663736
 0.000795846 -0.029027 -0.00661445 0.00422581
 1.45614e-05 -0.0699457 -0.00774214 0.0057306
 0.000183 -0.0670266 -0.0121299 0.00725434
 0.000433629 -0.0800694 -0.0191612 0.011098
 0.000536023 -0.0747732 -0.0181492 0.0110235
 0.000633483 -0.0646666 -0.0132213 0.00914805
 0.00101812 -0.062958 -0.00748862 0.00738771
 0.00141431 -0.0617807 0.002237 0.0037994
 0.000437983 -0.0875481 -0.0136712 0.0096583
 0.000736213 -0.119219 -0.0113284 0.0123226
 0.00111675 -0.136029 -0.00484731 0.0121893
 0.00145512 -0.132936 0.00599077 0.0086795
 0.00224318 -0.161798 0.0284031 0.00333102
 0.00205081 -0.110161 0.0275789 -0.00115369
 0.00151772 -0.168741 0.00888054 0.0105797
 0.00188852 -0.177081 0.0221828 0.00717931
 0.00236524 -0.202576 0.0473873 0.000693607
 0.00275093 -0.215437 0.0751804 -0.00873597
 0.00254867 -0.258801 0.12813 -0.0261942
 0.00248156 -0.226463 0.0532808 0.000792835
 0.0026603 -0.229582 0.0757279 -0.00717901
 0.00274116 -0.236494 0.103711 -0.0176074
 0.00228623 -0.293038 0.167506 -0.0384132
 0.00263828 -0.253685 0.109748 -0.0179536
 0.00255541 -0.283251 0.152603 -0.0323668
 0.00135588 -0.317546 0.206191 -0.0517493
 0.00161162 -0.331736 0.212282 -0.052144
 -0.0015854 -0.356271 0.264403 -0.072538
 -0.00646398 -0.357705 0.295992 -0.0870322

Fourier series term #5
 2.18721e-07 4.64496e-05 1.04984e-05 -1.6147e-06
 -7.51452e-06 -0.000907853 -0.000432539 6.31962e-05
 1.97105e-05 0.001767 0.00107658 -0.000171907
 -6.97048e-06 -0.000424365 -0.00030504 5.29766e-05
 -4.05999e-05 -0.0032114 -0.00209336 0.000430996
 6.87344e-05 0.0051994 0.0031898 -0.000778995
 -2.3216e-05 -0.0018838 -0.000881572 0.000274801
 -3.33522e-05 -0.00497087 -0.00180798 0.00071319
 1.77461e-05 0.00265055 0.000394438 -0.000253299
 1.66612e-05 0.0083201 0.000307627 -0.000554358
 2.15255e-06 0.00547122 -0.000764447 -5.16742e-05
 8.71436e-07 -0.00335406 0.00129169 -0.000261147
 -9.06053e-05 -0.0106158 -0.00518941 0.000827523
 0.000125675 0.0132841 0.00767529 -0.00135528
 -9.36184e-05 -0.00946925 -0.00471958 0.000970214
 7.18374e-05 0.00402882 0.00262136 -0.000561374
 -3.92013e-05 -0.00353546 -0.00186336 0.00050144
 -2.40956e-05 -0.00112128 0.000251273 -6.46164e-07
 3.68268e-05 0.00385376 0.000589045 -0.000352648
 5.39451e-06 -0.00155629 -0.00110069 0.00039612
 -1.03638e-05 -0.00566288 -0.000201152 0.000382383
 -3.27334e-05 -0.00238188 0.00115831 -0.000242946
 -5.15205e-05 0.00366246 -0.000485985 -2.6327e-05
 0.00012434 0.00809951 0.00782954 -0.00139658
 0.0001601 0.00982335 0.0089517 -0.00175798
 -0.000102847 -0.0170353 -0.00526925 0.00163467
 1.8734e-05 -0.00382364 -0.00042836 0.000304043
 -4.29469e-06 -0.00441535 -0.000750595 0.000432543
 -3.51098e-05 -0.00516825 0.000597783 0.000143205
 -2.49284e-05 -0.000308791 0.00180824 -0.000497732
 -4.39526e-05 0.00127628 0.00173337 -0.000612046
 -4.70088e-05 -0.001687 0.00124262 -0.000304715
 -3.88245e-05 -0.00513384 0.00188587 -0.000356176
 1.68665e-05 -0.0053748 0.00387387 -0.000458122
 9.44999e-06 -0.00941961 0.00193478 7.77622e-05
 5.29524e-05 -0.015943 -0.00123065 0.00110379
 -6.43418e-05 -0.0169671 -0.00133779 0.00130612
 -2.42118e-05 -0.0120862 0.000734086 0.000558703
 -3.68595e-05 -0.0178318 0.0010438 0.000832699
 -0.000104415 -0.00334418 0.00447006 -0.00121864
 -0.000196993 0.00495798 0.00296453 -0.00134376
 -9.29835e-05 -0.00114456 0.00127507 -0.000377986
 7.41892e-05 -0.0159139 0.00332097 0.000109764
 4.82987e-05 -0.0191159 0.00473268 -2.46112e-05
 2.88413e-05 -0.0366217 -0.000806708 0.00240357
 -5.98204e-05 -0.0279116 0.00572143 0.000153508
 -3.57817e-05 -0.0171753 0.00650749 -0.000859998
 -9.93232e-05 -0.0116465 0.00704967 -0.0015209
 -0.000183932 -0.0106372 0.0075223 -0.00187079
 -0.000110815 -0.00673694 0.00387856 -0.000919477
 0.000109421 -0.0304383 0.00779224 -0.000189038
 3.65492e-05 -0.0400441 0.0107148 -0.000449462
 7.55771e-05 -0.0631195 0.0125479 0.000484282
 3.45619e-05 -0.048463 0.0156665 -0.00160635
 -5.62715e-05 -0.0225786 0.0123502 -0.00255293
 -0.000160594 -0.0176538 0.0115413 -0.00278084
 -0.00028096 -0.0158362 0.0111624 -0.00292252
 3.4774e-05 -0.0510685 0.0231124 -0.00358665
 0.000159592 -0.0641875 0.0234439 -0.00292668
 -4.86424e-05 -0.0524561 0.0296129 -0.00619746
 8.08937e-06 -0.0788355 0.0368483 -0.00676587
 -0.000123573 -0.0721388 0.0386697 -0.00827302
 -0.000594772 -0.0220363 0.0191616 -0.00552798
 -0.00017411 -0.0668103 0.0425674 -0.00980227
 -0.000224065 -0.0835687 0.0500528 -0.0112544
 -0.000432656 -0.0840397 0.0539322 -0.012945
 -0.000846966 -0.0860289 0.0608534 -0.015832
 -0.00139064 -0.107038 0.0783455 -0.0212398
 -0.000349475 -0.101096 0.0620995 -0.0144046
 -0.000838227 -0.0934538 0.0660579 -0.0170158
 -0.00160135 -0.085701 0.0693774 -0.0195426
 -0.00210553 -0.0953914 0.0779089 -0.0224577
 -0.00161736 -0.105708 0.0817512 -0.0223781
 -0.00250062 -0.0820484 0.0731939 -0.0218584
 -0.00332955 -0.0921561 0.0826192 -0.0250433
 -0.00375815 -0.0956566 0.0877058 -0.0267972
 -0.0048821 -0.103612 0.0965433 -0.0299867
 -0.00744653 -0.118463 0.114238 -0.0362875


