**************************************************************
***  MERIS LUT-169: Fourier series terms (s0,..,s5)[TERM]] ***
***                 of polynomial coefficients (k0,..,k3)  ***
***                 for each of 81 aerosol models [IAER],  ***
***                 & for each of 78 geometries [SVZA]     ***
***  - - - - - - - - - - - - - - - - - - - - - - - - - - - ***
***  => useful for multiplicative aer.scat.fct. retrieval  ***
**************************************************************

12 Gaussian angles (deg): SZA/VZA
------------------------         

 2.84 17.64 28.77 36.19 43.61 51.03 58.46 65.88 69.59 73.30 77.01 80.72

Coefficients: [SVZA x (k0,k1,k2,k3)]
------------                        

 Aerosol model #65
 - - - - - - -  

Fourier series term #0
 1.0096 0.834015 0.406625 -0.0632458
 1.01584 1.31348 0.662937 -0.111138
 1.02116 1.68446 0.852767 -0.161701
 1.02527 1.97762 0.970018 -0.205559
 1.02941 2.30868 1.04658 -0.254113
 1.03263 2.66516 1.03103 -0.296858
 1.03335 3.0374 0.852959 -0.312445
 1.02927 3.41058 0.409352 -0.256867
 1.02509 3.58507 0.0440795 -0.177754
 1.02083 3.73392 -0.435988 -0.0467338
 1.02123 3.81466 -1.01137 0.142712
 1.03923 3.70544 -1.54902 0.357735
 1.0206 1.43871 0.764019 -0.145595
 1.0265 1.78037 0.92187 -0.197126
 1.03115 2.05622 1.01383 -0.240781
 1.03579 2.35864 1.05907 -0.286546
 1.03963 2.68723 1.01922 -0.325717
 1.04108 3.02818 0.830822 -0.33799
 1.03787 3.36579 0.398978 -0.281847
 1.03425 3.52718 0.0499624 -0.204923
 1.03056 3.66956 -0.408956 -0.0778752
 1.03135 3.75174 -0.963104 0.106928
 1.04919 3.65398 -1.48799 0.319493
 1.02628 2.01693 0.913887 -0.214346
 1.0299 2.25843 0.936187 -0.244907
 1.03356 2.5404 0.917922 -0.276167
 1.03619 2.83546 0.818501 -0.297497
 1.03634 3.14138 0.590314 -0.292185
 1.0319 3.45572 0.15068 -0.223817
 1.02768 3.61165 -0.189378 -0.14428
 1.02335 3.7546 -0.631994 -0.0176724
 1.02336 3.84584 -1.16595 0.163741
 1.04005 3.76904 -1.67497 0.372107
 1.03591 2.40007 0.906875 -0.26296
 1.03907 2.63246 0.840513 -0.281983
 1.04132 2.89443 0.709795 -0.292477
 1.04111 3.16819 0.464857 -0.276984
 1.03664 3.45608 0.028244 -0.201504
 1.03271 3.60531 -0.30126 -0.120946
 1.02895 3.74437 -0.727238 0.0043899
 1.02987 3.83559 -1.2394 0.181828
 1.04773 3.76354 -1.72515 0.384219
 1.03786 2.78241 0.71091 -0.282745
 1.03826 2.99599 0.53977 -0.277505
 1.03649 3.24718 0.274313 -0.249423
 1.03095 3.52122 -0.167706 -0.163454
 1.02685 3.66646 -0.493197 -0.0792621
 1.02329 3.80458 -0.908968 0.0474355
 1.02484 3.8981 -1.40447 0.223127
 1.04366 3.83257 -1.87035 0.421076
 1.03719 3.12446 0.325445 -0.252003
 1.0344 3.33564 0.0373488 -0.208304
 1.02841 3.60089 -0.412088 -0.110115
 1.02441 3.74444 -0.735623 -0.0210493
 1.02142 3.88204 -1.14381 0.108593
 1.02412 3.97393 -1.62291 0.283582
 1.04464 3.90668 -2.06332 0.476096
 1.03045 3.46945 -0.278806 -0.142512
 1.02429 3.70794 -0.741603 -0.0269167
 1.02082 3.85123 -1.06576 0.0688395
 1.01901 3.98658 -1.46658 0.202623
 1.02391 4.07334 -1.92581 0.376714
 1.04764 3.99411 -2.32898 0.560547
 1.01933 3.86578 -1.20373 0.107003
 1.01729 3.98357 -1.52225 0.210308
 1.0179 4.10243 -1.9064 0.346737
 1.02678 4.17174 -2.33023 0.515655
 1.05617 4.06465 -2.671 0.682354
 1.01646 4.06966 -1.83022 0.317125
 1.01946 4.16076 -2.19127 0.451366
 1.03168 4.20529 -2.58059 0.612309
 1.06491 4.0707 -2.87043 0.763252
 1.02557 4.20795 -2.51379 0.578622
 1.04206 4.20195 -2.84349 0.723781
 1.08039 4.01963 -3.05407 0.84819
 1.06387 4.12334 -3.08131 0.840589
 1.10791 3.86988 -3.1787 0.925137
 1.15633 3.52904 -3.13025 0.955309

Fourier series term #1
 -0.000362243 -0.0296924 -0.0152799 0.00236943
 -0.0006178 -0.0406538 -0.023218 0.00388512
 -0.000716754 -0.0403348 -0.0211428 0.00409321
 -0.000817917 -0.0428223 -0.0181027 0.00408901
 -0.000876883 -0.0421798 -0.0103158 0.00311829
 -0.000904611 -0.0389938 0.0015552 0.000938141
 -0.000900148 -0.0308683 0.0165096 -0.00278276
 -0.00094384 -0.0165379 0.0301612 -0.00749109
 -0.00104152 -0.00657913 0.0339076 -0.0095473
 -0.00123455 0.00545894 0.0334581 -0.0106178
 -0.00152844 0.0197214 0.026858 -0.00976939
 -0.00178544 0.0344534 0.0133844 -0.00620296
 -0.0038523 -0.218681 -0.124635 0.0237761
 -0.00485128 -0.244949 -0.121756 0.026749
 -0.00534106 -0.251738 -0.0958039 0.0247575
 -0.00565064 -0.250201 -0.0484802 0.0178207
 -0.00563177 -0.228391 0.0229138 0.00309313
 -0.0053143 -0.17741 0.109455 -0.0204399
 -0.00516155 -0.0915093 0.185405 -0.0488783
 -0.00549071 -0.0335409 0.20526 -0.0610308
 -0.00634709 0.0358838 0.201291 -0.0673451
 -0.00776362 0.11635 0.162652 -0.062464
 -0.00893654 0.199954 0.0848276 -0.0417642
 -0.00683315 -0.375598 -0.139665 0.0351245
 -0.00778951 -0.394715 -0.0990119 0.0308967
 -0.00833299 -0.379664 -0.0236581 0.0175892
 -0.00850579 -0.333835 0.0759768 -0.0053527
 -0.00842227 -0.24617 0.185505 -0.0380548
 -0.00877007 -0.106278 0.271217 -0.0745884
 -0.0096169 -0.0145257 0.28583 -0.0885699
 -0.0112845 0.0926614 0.265762 -0.0933918
 -0.0137837 0.214093 0.196885 -0.0818088
 -0.0158557 0.339102 0.0741202 -0.0478918
 -0.00968028 -0.448759 -0.0639651 0.0274636
 -0.0102458 -0.435783 0.0197805 0.0107606
 -0.0101789 -0.372479 0.129878 -0.017487
 -0.0098378 -0.263588 0.242362 -0.0544643
 -0.0100472 -0.100873 0.321053 -0.0926393
 -0.010898 0.00499489 0.328019 -0.106047
 -0.0126079 0.127816 0.296135 -0.108615
 -0.0150923 0.265766 0.210654 -0.0925464
 -0.016748 0.406938 0.0672081 -0.0518018
 -0.0111358 -0.448715 0.0929083 -0.00520458
 -0.0114435 -0.380797 0.194864 -0.0348746
 -0.0116069 -0.251106 0.294483 -0.0726023
 -0.0126338 -0.0666653 0.35026 -0.10781
 -0.0139892 0.049198 0.341919 -0.117786
 -0.016176 0.184328 0.292205 -0.115545
 -0.0189706 0.336887 0.186269 -0.0931074
 -0.0204523 0.490244 0.0223722 -0.0450119
 -0.0123756 -0.338407 0.267837 -0.0593997
 -0.0131152 -0.20899 0.337846 -0.092111
 -0.0147883 -0.00907562 0.358766 -0.119762
 -0.0164763 0.115398 0.329957 -0.124014
 -0.0189196 0.257336 0.258991 -0.114785
 -0.021684 0.415359 0.132548 -0.0846222
 -0.0224973 0.570838 -0.0472783 -0.0295254
 -0.0148517 -0.114481 0.362226 -0.111881
 -0.0173806 0.077514 0.336188 -0.125249
 -0.0193751 0.206309 0.282284 -0.12107
 -0.0219512 0.35107 0.186789 -0.102483
 -0.0243261 0.508429 0.0401793 -0.06337
 -0.0239028 0.655629 -0.149571 -0.00202131
 -0.0204983 0.219154 0.260779 -0.118083
 -0.0226459 0.33001 0.182472 -0.102676
 -0.0250459 0.465478 0.0640741 -0.0731708
 -0.0264914 0.613195 -0.099071 -0.0246339
 -0.0237622 0.741129 -0.288667 0.0407445
 -0.0248996 0.421149 0.0940141 -0.0805669
 -0.0266834 0.538261 -0.0297247 -0.0460892
 -0.0270848 0.66939 -0.193628 0.00572254
 -0.0229391 0.780906 -0.376441 0.0714099
 -0.0276197 0.625514 -0.150855 -0.00813388
 -0.0266103 0.726656 -0.304376 0.0441532
 -0.0203124 0.80813 -0.465785 0.105255
 -0.0235688 0.783715 -0.431637 0.0917657
 -0.0146646 0.817334 -0.551785 0.141643
 -0.00325543 0.792045 -0.613324 0.173744

Fourier series term #2
 -1.7535e-05 -0.00156219 -0.000752345 0.00011706
 -2.22413e-05 -0.00200273 -0.00111472 0.000183587
 -1.35211e-06 -0.00034765 -0.000461693 7.78774e-05
 -1.38511e-05 -0.0013792 -0.00116536 0.000228614
 4.17797e-08 -0.000368748 -0.000864874 0.000178339
 -1.32866e-06 -0.000664743 -0.00113064 0.000270306
 -1.41293e-05 -0.00215161 -0.00150066 0.000452532
 8.40646e-06 -0.000578974 -0.000783319 0.00025675
 1.23578e-05 -0.000447881 -0.000574874 0.000205539
 7.85658e-06 -0.00154599 -0.000211003 0.00015608
 -7.18032e-07 -0.00269496 0.000525993 -2.7319e-05
 -2.04416e-05 -0.00251003 0.00104395 -0.000233669
 -0.000620563 -0.0495369 -0.0301282 0.00559255
 -0.000367989 -0.0327812 -0.0290987 0.00574283
 -0.00027677 -0.0279222 -0.0332871 0.00702911
 -0.000279825 -0.0316378 -0.041371 0.00967204
 -0.000250959 -0.0371169 -0.0467071 0.0123625
 -0.000162932 -0.045452 -0.0453932 0.0140588
 4.37049e-05 -0.0556916 -0.0328918 0.0128583
 0.000201431 -0.0597984 -0.0213798 0.010344
 0.000347205 -0.0620015 -0.00676144 0.00625859
 0.000351174 -0.0610299 0.00911561 0.000888298
 -4.71726e-05 -0.0542989 0.0216135 -0.00433409
 -0.000644151 -0.0826615 -0.0696515 0.0147878
 -0.000558218 -0.0863527 -0.0852716 0.0194797
 -0.00043008 -0.0906409 -0.097916 0.0246022
 -0.000328582 -0.107603 -0.106038 0.0302129
 -6.71723e-05 -0.130275 -0.0985161 0.0331211
 0.000528715 -0.15108 -0.0655419 0.0287624
 0.000936566 -0.159094 -0.0381267 0.0223679
 0.00130154 -0.163339 -0.00441539 0.0126133
 0.00132531 -0.160597 0.0316957 8.65289e-05
 0.00037016 -0.14464 0.0601278 -0.0121164
 -0.00113102 -0.129063 -0.124483 0.0308323
 -0.001148 -0.151432 -0.145231 0.039567
 -0.000966374 -0.173375 -0.150419 0.0462104
 -0.000538289 -0.204008 -0.1342 0.0486828
 0.000382029 -0.234515 -0.0848419 0.0412233
 0.00103116 -0.244517 -0.0455784 0.0315534
 0.00162022 -0.249491 0.00198512 0.0173036
 0.00170653 -0.245574 0.0530954 -0.000846774
 0.000359812 -0.223363 0.0938624 -0.0186662
 -0.00108735 -0.218629 -0.179573 0.0543697
 -0.000746698 -0.261649 -0.182779 0.0626709
 6.53271e-05 -0.29934 -0.153847 0.0631154
 0.00146244 -0.335024 -0.0864425 0.0510812
 0.00232832 -0.349006 -0.035757 0.0379373
 0.00306425 -0.356805 0.0254228 0.0189493
 0.0030893 -0.352391 0.0910595 -0.00505509
 0.00115741 -0.323795 0.143437 -0.0286488
 -0.000455722 -0.35237 -0.187933 0.0744604
 0.000674056 -0.40917 -0.148601 0.0732567
 0.00254651 -0.450291 -0.0633344 0.0556371
 0.00363389 -0.466995 -0.00186003 0.0385785
 0.00451552 -0.477554 0.0713439 0.0148377
 0.00445611 -0.474445 0.149721 -0.0147457
 0.00186755 -0.441994 0.212403 -0.0438402
 0.00201544 -0.517227 -0.101308 0.071921
 0.00427444 -0.580578 -0.000144814 0.0490102
 0.00548432 -0.600615 0.0704808 0.0279247
 0.00639324 -0.613349 0.153276 -0.00040992
 0.00603821 -0.609865 0.240539 -0.0348592
 0.00249102 -0.57318 0.308727 -0.0680333
 0.00679259 -0.704608 0.118623 0.0219473
 0.00798623 -0.742652 0.198639 -0.00277139
 0.00856263 -0.759567 0.287305 -0.0348004
 0.00742734 -0.755744 0.377367 -0.0722927
 0.00246209 -0.710769 0.44176 -0.106551
 0.0088644 -0.797203 0.284876 -0.0295054
 0.00904335 -0.827878 0.377793 -0.0629812
 0.00711926 -0.826362 0.465682 -0.1003
 0.0010324 -0.773129 0.520736 -0.132369
 0.00857169 -0.877015 0.476431 -0.0979125
 0.00573715 -0.881841 0.562276 -0.134749
 -0.00172056 -0.824536 0.605492 -0.162914
 0.00157034 -0.898775 0.645513 -0.169657
 -0.00755196 -0.845184 0.678385 -0.193392
 -0.018564 -0.797221 0.697169 -0.21017

Fourier series term #3
 2.26034e-06 0.000193784 9.56486e-05 -1.48538e-05
 6.35178e-06 0.000514561 0.000263378 -4.41372e-05
 -6.37727e-06 -0.000506291 -0.000256519 4.85426e-05
 1.16588e-06 8.79301e-05 4.55265e-05 -9.79451e-06
 7.88797e-06 0.00061958 0.000282828 -6.90369e-05
 -1.24105e-05 -0.000992469 -0.000394963 0.000112535
 3.80822e-06 0.000362753 8.64163e-05 -3.42054e-05
 7.24319e-06 0.000873748 8.45068e-05 -6.07132e-05
 -4.15713e-06 -0.00055417 -3.44003e-05 3.51267e-05
 -8.39947e-06 -0.00147765 0.00014059 2.79325e-05
 -4.98507e-06 -0.000893075 0.00021009 -2.53653e-05
 6.35017e-06 0.000609354 -0.000268873 6.27505e-05
 -0.000326866 -0.0251095 -0.0128859 0.00245386
 -0.000139923 -0.0108695 -0.00536089 0.00112906
 -4.8147e-05 -0.00395084 -0.00185171 0.000401901
 -3.00866e-05 -0.00247751 -0.00180808 0.000383343
 -2.41086e-05 -0.0019252 -0.00291804 0.000662734
 8.3167e-06 -0.00038921 -0.00428752 0.0010493
 5.30035e-05 -0.000365118 -0.00613696 0.00174418
 8.3849e-05 -0.00150789 -0.0066272 0.0020776
 0.000131047 -0.00294241 -0.00626887 0.00217771
 0.000193125 -0.00413291 -0.00495372 0.00191585
 0.000239713 -0.00495258 -0.00291219 0.0012982
 -0.000356237 -0.0348695 -0.0160871 0.00362226
 -0.000248887 -0.0252066 -0.0123963 0.0029235
 -0.000110316 -0.0128934 -0.00956432 0.00221702
 -1.10239e-05 -0.00667544 -0.0121568 0.00286889
 8.84691e-05 -0.00565368 -0.0181344 0.00480836
 0.000283375 -0.00755614 -0.0229825 0.00703751
 0.000448956 -0.0100266 -0.0234286 0.00778752
 0.000671108 -0.013954 -0.0213093 0.00780737
 0.00092932 -0.0190753 -0.0157299 0.0065963
 0.00110842 -0.0237117 -0.00715736 0.00398738
 -0.000458595 -0.0397464 -0.0217721 0.00547234
 -0.000304989 -0.0288263 -0.0226414 0.00577766
 -0.000113535 -0.0170983 -0.0265663 0.00692938
 8.21718e-05 -0.0139609 -0.0351382 0.0100137
 0.000429349 -0.0185398 -0.0418619 0.0136218
 0.000715359 -0.0236491 -0.0413182 0.0145866
 0.00109253 -0.0307981 -0.0361344 0.0141218
 0.00153622 -0.0375643 -0.0259327 0.0116233
 0.00183793 -0.0432681 -0.0116818 0.00706102
 -0.000329396 -0.0457391 -0.0383005 0.0106672
 -8.44392e-05 -0.0400252 -0.0477285 0.0139656
 0.000356029 -0.0330212 -0.057026 0.0178768
 0.00101362 -0.0407641 -0.0620137 0.0220458
 0.00152609 -0.0486303 -0.05889 0.0227712
 0.00217453 -0.0584409 -0.0493237 0.0213306
 0.0028793 -0.0682098 -0.0325249 0.0168666
 0.00331235 -0.075209 -0.0106131 0.00950675
 8.81209e-05 -0.0655019 -0.0690075 0.0224501
 0.000712995 -0.0704197 -0.0797198 0.0282789
 0.00181926 -0.0773089 -0.0792641 0.0316399
 0.00261546 -0.0856707 -0.0715884 0.0312431
 0.00357726 -0.0973587 -0.0559416 0.028032
 0.00456133 -0.110107 -0.0310879 0.020868
 0.00508053 -0.118902 -0.000293859 0.0100476
 0.00161639 -0.115308 -0.091709 0.0375902
 0.00321525 -0.134343 -0.0831939 0.039752
 0.00424539 -0.143267 -0.0688585 0.0372259
 0.00567403 -0.15377 -0.0454538 0.0310435
 0.00679394 -0.166415 -0.0125221 0.0205667
 0.00723035 -0.174014 0.026328 0.00598511
 0.00538299 -0.201534 -0.0588649 0.0401722
 0.00681624 -0.221339 -0.0345987 0.0346734
 0.0083596 -0.233176 -0.00259529 0.0249056
 0.00960351 -0.241656 0.0373876 0.0105526
 0.00964104 -0.241554 0.0786986 -0.00663165
 0.00846967 -0.256291 -0.00155262 0.026807
 0.00999133 -0.277708 0.0372206 0.0148998
 0.0108946 -0.285704 0.0794373 -0.000870567
 0.0103695 -0.280037 0.119715 -0.0187935
 0.0112332 -0.312787 0.0851666 0.000148402
 0.0117877 -0.327656 0.132411 -0.0175888
 0.0106839 -0.31608 0.167733 -0.0345513
 0.0117809 -0.353168 0.186178 -0.0373878
 0.00972619 -0.340423 0.217165 -0.0530276
 0.00648138 -0.333068 0.247118 -0.0679484

Fourier series term #4
 1.48752e-06 0.000129093 6.2775e-05 -9.7886e-06
 1.99835e-06 0.000169353 8.50302e-05 -1.41989e-05
 -2.11238e-06 -0.000172573 -8.78339e-05 1.66116e-05
 5.7922e-06 0.000446518 0.000221189 -4.67738e-05
 -4.51507e-06 -0.000363423 -0.000163922 3.98581e-05
 -1.74334e-06 -0.000184335 -7.46237e-05 2.10968e-05
 8.99668e-06 0.000749794 0.000217647 -7.89955e-05
 -4.78144e-06 -0.000688007 -7.73465e-05 5.03274e-05
 -4.40031e-06 -0.000877939 -1.40746e-05 4.42955e-05
 1.66959e-06 -0.000128053 9.87173e-06 2.93951e-06
 7.11485e-06 0.000780485 -0.000204587 2.81942e-05
 1.17562e-05 0.000833459 -0.000338372 7.68911e-05
 -0.000168189 -0.0130476 -0.00666037 0.00127067
 -7.77672e-05 -0.00590565 -0.00301043 0.000641692
 -1.30467e-05 -0.00110582 -0.000399616 0.000100266
 -1.1311e-05 -0.000843668 -8.53335e-05 3.86288e-05
 -1.14902e-05 -0.000764069 5.00077e-05 7.8978e-06
 -6.93926e-06 -0.000109781 0.000364964 -0.000100059
 -1.30735e-05 -0.000157336 0.000268559 -8.37904e-05
 -1.21481e-05 -4.12586e-05 0.000104402 -4.38763e-05
 -7.14474e-06 0.000300422 -0.000124336 1.02176e-05
 -5.44464e-07 0.000552531 -0.000363466 8.08388e-05
 9.79975e-06 0.00051323 -0.000487992 0.000136349
 -0.000245767 -0.0235592 -0.0105769 0.00245264
 -0.00016789 -0.0160679 -0.00632978 0.00164552
 -7.58429e-05 -0.00674886 -0.00126938 0.000447966
 -5.85075e-05 -0.00351738 0.000909322 -0.000140616
 -6.45467e-05 -0.00227082 0.00143395 -0.000357617
 -6.08741e-05 0.000197745 0.00102672 -0.000403543
 -5.94924e-05 0.00110156 0.000297509 -0.000243013
 -4.96952e-05 0.00156943 -0.000678754 4.99306e-05
 -1.91126e-05 0.0014408 -0.00158233 0.000393231
 4.04773e-05 0.000589103 -0.00185947 0.000586877
 -0.00032764 -0.0277496 -0.0102562 0.00292576
 -0.000254004 -0.0203756 -0.00502135 0.00175312
 -0.000158827 -0.00979407 0.000719244 8.46165e-05
 -0.00013186 -0.00387401 0.00262659 -0.00070951
 -0.000143348 -0.000863209 0.00145928 -0.0005878
 -0.000139049 0.000161548 1.54341e-05 -0.000198897
 -0.000105908 0.00215683 -0.00184232 0.000317955
 -4.84171e-05 0.00272229 -0.00345292 0.000902136
 4.09469e-05 0.000213451 -0.00333715 0.0011074
 -0.000385496 -0.0338969 -0.0073534 0.00293975
 -0.000316045 -0.0235065 -0.00146668 0.00118647
 -0.000266607 -0.0105156 0.00262472 -0.000524968
 -0.000245173 -0.00192569 0.00113103 -0.000577357
 -0.000239105 -0.000951968 -0.000797211 6.36912e-06
 -0.000193109 -0.000101752 -0.00295347 0.000748429
 -9.53886e-05 -0.000268493 -0.00450546 0.00141963
 5.13354e-05 -0.00249774 -0.00413937 0.00156179
 -0.00047876 -0.0377249 -0.0027649 0.0022992
 -0.00044174 -0.025364 0.000519245 0.00084005
 -0.000395751 -0.0100459 -2.93612e-05 0.000192278
 -0.000369456 -0.00621449 -0.00182429 0.000612829
 -0.000309163 -0.00535803 -0.00349937 0.00125873
 -0.000174975 -0.0063138 -0.00424872 0.00175872
 1.85851e-05 -0.00870524 -0.00301943 0.00162025
 -0.000510641 -0.0418327 0.000200841 0.00205513
 -0.00056424 -0.0320253 0.000173784 0.00177981
 -0.000528663 -0.0242697 -0.00049361 0.00158809
 -0.000333451 -0.0190617 -0.000732834 0.00137989
 -0.000297393 -0.0183603 -0.00107299 0.00167542
 -5.62084e-05 -0.0189506 0.00196271 0.000624732
 -0.000617511 -0.0568206 0.00635922 0.00195563
 -0.000567648 -0.0565928 0.00937947 0.00106039
 -0.000477783 -0.0509841 0.0114813 -4.77398e-05
 -0.00037953 -0.0436683 0.0126516 -0.00108919
 -0.000394662 -0.0403532 0.0157593 -0.00265121
 -0.000442335 -0.0706134 0.0182335 -0.000806375
 -0.000399646 -0.0712701 0.0240653 -0.00282615
 -0.000437367 -0.0643576 0.0272512 -0.00474155
 -0.000655717 -0.0569543 0.0295357 -0.00653437
 -0.000567777 -0.0839347 0.036313 -0.00628653
 -0.000780253 -0.0850149 0.0447746 -0.00962139
 -0.00115085 -0.0769527 0.0479914 -0.0120288
 -0.00126503 -0.0989768 0.062835 -0.0157613
 -0.0022935 -0.094593 0.0678229 -0.0184926
 -0.00381997 -0.0998087 0.0811276 -0.0238915

Fourier series term #5
 2.68697e-07 2.48117e-05 1.17955e-05 -1.8016e-06
 -1.56123e-06 -0.00012777 -6.52787e-05 1.09586e-05
 1.81659e-06 0.000142727 7.29088e-05 -1.38126e-05
 -2.79255e-07 -1.74679e-05 -8.27685e-06 1.82499e-06
 -2.51354e-06 -0.000200101 -9.27621e-05 2.24165e-05
 3.70124e-06 0.000298384 0.000115787 -3.33271e-05
 -1.19892e-06 -0.000102726 -2.41774e-05 9.44765e-06
 -2.14452e-06 -0.000275067 -3.92263e-05 2.24255e-05
 1.38639e-06 0.000153145 -4.11872e-06 -5.83384e-06
 2.713e-06 0.000448157 -5.16088e-05 -5.80974e-06
 1.55718e-06 0.000278153 -6.79855e-05 8.62388e-06
 -1.83175e-06 -0.00017596 7.68346e-05 -1.79411e-05
 -8.33467e-05 -0.00654611 -0.00329366 0.00062939
 -4.18713e-05 -0.00317882 -0.00165168 0.000350671
 -1.30802e-05 -0.000936485 -0.000471305 0.000111168
 5.03486e-06 0.000277185 0.0001325 -3.52228e-05
 -4.13156e-06 -0.000336976 -0.00011676 3.86174e-05
 -2.84569e-06 -0.000190087 1.83549e-05 3.79039e-06
 1.47607e-06 0.000124669 5.73705e-05 -2.23288e-05
 -1.75113e-06 -0.000126513 4.37095e-05 -6.42208e-06
 -5.15084e-06 -0.000313638 0.000117323 -2.01196e-05
 -6.13394e-06 -0.000124667 0.000137467 -3.96787e-05
 -3.72789e-06 0.00021337 4.37116e-07 -1.24465e-05
 -0.000168579 -0.0162543 -0.00755686 0.00174095
 -0.000106252 -0.0104876 -0.00472891 0.0011985
 -3.72669e-05 -0.00378708 -0.00146264 0.000429632
 -6.17469e-06 -0.00088354 -5.05848e-05 4.7044e-05
 -1.36901e-05 -0.00137285 0.000118799 3.12478e-05
 -2.04673e-05 -0.00115434 0.000636244 -0.000127502
 -2.22027e-05 -0.000554206 0.000795743 -0.000218296
 -2.70908e-05 -2.1957e-05 0.000749135 -0.000247683
 -3.35786e-05 0.000220358 0.000548197 -0.000205692
 -3.57507e-05 0.000291603 0.000293744 -0.000124531
 -0.000235919 -0.0204082 -0.00880664 0.00244165
 -0.000155156 -0.0139764 -0.00533904 0.00168495
 -5.44005e-05 -0.00540661 -0.00109506 0.000489675
 -4.06131e-05 -0.00331924 0.000763988 -5.32101e-05
 -4.98167e-05 -0.00265736 0.00165693 -0.000360524
 -6.08836e-05 -0.00228476 0.00196802 -0.000501244
 -7.27211e-05 -0.000680326 0.00197077 -0.000630728
 -8.65183e-05 0.000614058 0.00140712 -0.000545483
 -8.37558e-05 0.00105137 0.000605615 -0.000293814
 -0.000238188 -0.0254125 -0.00837634 0.00301527
 -0.000167112 -0.0185343 -0.00368466 0.00179154
 -9.79822e-05 -0.00905231 0.00124768 0.000100321
 -0.000114019 -0.00483661 0.00373092 -0.000908826
 -0.000131636 -0.00330898 0.00397183 -0.00112962
 -0.000160308 -0.00173282 0.00373918 -0.00120858
 -0.000190882 -0.000168488 0.00288967 -0.00106086
 -0.000186722 0.00148156 0.00128662 -0.000604931
 -0.000263524 -0.0320208 -0.00411767 0.00275332
 -0.00022473 -0.0238524 0.00190054 0.000767818
 -0.000224446 -0.0112654 0.00629401 -0.00138515
 -0.00025259 -0.00637696 0.00672593 -0.00192999
 -0.00029323 -0.00259643 0.00588033 -0.00198625
 -0.000340969 -0.000373897 0.00444707 -0.00169218
 -0.000354866 0.001329 0.00251802 -0.00111864
 -0.000332149 -0.038586 0.00568017 0.000613595
 -0.000369385 -0.0273089 0.0103811 -0.00165616
 -0.00040829 -0.0164292 0.0107252 -0.00266862
 -0.000495384 -0.00951455 0.00995813 -0.00304639
 -0.000590058 -0.00325141 0.00699416 -0.00251921
 -0.000566145 0.00164736 0.00348266 -0.00162039
 -0.000551022 -0.0427269 0.0180755 -0.00315299
 -0.000649621 -0.0390171 0.0202069 -0.0042895
 -0.000769507 -0.0273783 0.0184325 -0.00475101
 -0.000897231 -0.0145956 0.0136248 -0.00417699
 -0.000963487 -0.00541802 0.00802864 -0.00287432
 -0.000759325 -0.0454293 0.0252981 -0.00567095
 -0.000925102 -0.0396499 0.0258056 -0.00649572
 -0.00107265 -0.0264002 0.0211792 -0.00608856
 -0.00112748 -0.0122322 0.0127543 -0.00417605
 -0.00114279 -0.0452684 0.0312093 -0.00815178
 -0.00135671 -0.0376683 0.0293688 -0.0083047
 -0.001474 -0.0235614 0.0214202 -0.00663593
 -0.00178063 -0.0409397 0.0337786 -0.00992563
 -0.00203701 -0.0322142 0.0286129 -0.00877606
 -0.00262221 -0.0339608 0.0312882 -0.00978201


