**************************************************************
***  MERIS LUT-169: Fourier series terms (s0,..,s5)[TERM]] ***
***                 of polynomial coefficients (k0,..,k3)  ***
***                 for each of 81 aerosol models [IAER],  ***
***                 & for each of 78 geometries [SVZA]     ***
***  - - - - - - - - - - - - - - - - - - - - - - - - - - - ***
***  => useful for multiplicative aer.scat.fct. retrieval  ***
**************************************************************

12 Gaussian angles (deg): SZA/VZA
------------------------         

 2.84 17.64 28.77 36.19 43.61 51.03 58.46 65.88 69.59 73.30 77.01 80.72

Coefficients: [SVZA x (k0,k1,k2,k3)]
------------                        

 Aerosol model #17
 - - - - - - -  

Fourier series term #0
 1.01714 1.37133 0.683405 -0.0889659
 1.01849 1.44753 0.748469 -0.106583
 1.02109 1.6084 0.868447 -0.142759
 1.02341 1.76728 0.969102 -0.180629
 1.02632 2.00484 1.07961 -0.233144
 1.02894 2.31306 1.14334 -0.293229
 1.02974 2.69315 1.06641 -0.339202
 1.02644 3.15723 0.700727 -0.319201
 1.02269 3.4136 0.340715 -0.252357
 1.01862 3.66626 -0.174033 -0.122479
 1.01902 3.86368 -0.833887 0.0837107
 1.0381 3.86112 -1.4971 0.335228
 1.01942 1.5437 0.817323 -0.12625
 1.02188 1.71851 0.933924 -0.165714
 1.02409 1.89923 1.0292 -0.206336
 1.02637 2.13435 1.10888 -0.256851
 1.02815 2.43539 1.12829 -0.310309
 1.0282 2.81393 1.00727 -0.34621
 1.02436 3.26346 0.606334 -0.313312
 1.02053 3.50631 0.239125 -0.241052
 1.01656 3.74358 -0.271733 -0.108487
 1.01717 3.92615 -0.916273 0.096449
 1.03616 3.91396 -1.55824 0.34344
 1.02184 1.93068 1.00216 -0.192338
 1.02315 2.12563 1.06088 -0.229339
 1.02409 2.37014 1.08356 -0.27061
 1.0241 2.67709 1.02965 -0.307563
 1.02188 3.04354 0.824318 -0.317813
 1.0156 3.47142 0.353365 -0.254992
 1.01066 3.70365 -0.034649 -0.169377
 1.0058 3.93018 -0.553297 -0.0267819
 1.00587 4.10194 -1.19059 0.182717
 1.02476 4.08131 -1.81179 0.427551
 1.02735 2.29689 1.12055 -0.281911
 1.02852 2.54179 1.10991 -0.321069
 1.02863 2.82994 1.01276 -0.350724
 1.0266 3.17398 0.770824 -0.351174
 1.02074 3.56661 0.277328 -0.277291
 1.01624 3.77882 -0.112184 -0.187312
 1.01207 3.9862 -0.623787 -0.0423291
 1.0131 4.14361 -1.24655 0.167152
 1.03306 4.11417 -1.85037 0.410745
 1.03226 2.7433 1.08354 -0.36146
 1.0318 3.01937 0.941467 -0.378621
 1.02897 3.33528 0.655629 -0.361755
 1.02248 3.70512 0.133978 -0.270344
 1.01792 3.90469 -0.262325 -0.172253
 1.01407 4.09701 -0.772546 -0.0211429
 1.01605 4.23658 -1.38209 0.190344
 1.03772 4.18848 -1.95984 0.430178
 1.03015 3.26998 0.746587 -0.376591
 1.02617 3.57431 0.420156 -0.340118
 1.01872 3.92257 -0.134432 -0.226566
 1.01403 4.11491 -0.539563 -0.11861
 1.01057 4.29982 -1.05169 0.0405202
 1.01376 4.42608 -1.65138 0.256033
 1.03764 4.35649 -2.20316 0.493318
 1.02109 3.85323 0.0528929 -0.27939
 1.01306 4.19906 -0.529277 -0.14321
 1.00866 4.3794 -0.94248 -0.0237166
 1.00627 4.55314 -1.45316 0.144
 1.0118 4.66375 -2.03616 0.362435
 1.03957 4.56688 -2.54843 0.593236
 1.00538 4.52206 -1.13485 0.0197057
 1.00211 4.70591 -1.5527 0.150284
 1.0022 4.8639 -2.05288 0.325449
 1.01214 4.93962 -2.59823 0.541865
 1.04648 4.79332 -3.03687 0.755202
 1.00044 4.86508 -1.96011 0.284231
 1.00299 5.01535 -2.44415 0.459291
 1.0165 5.07252 -2.95643 0.669232
 1.05584 4.88269 -3.33048 0.864055
 1.0089 5.12845 -2.89284 0.629556
 1.02769 5.15416 -3.34842 0.823948
 1.07329 4.91904 -3.63725 0.990852
 1.05325 5.10833 -3.70408 0.987945
 1.10649 4.81549 -3.8723 1.11097
 1.16601 4.4285 -3.86536 1.16725

Fourier series term #1
 -0.000262351 -0.020191 -0.0105958 0.00137043
 -0.000199372 -0.010745 -0.00855791 0.00119958
 -0.000276482 -0.0134735 -0.0112076 0.00190551
 -0.000388052 -0.0203922 -0.014343 0.00287735
 -0.000509662 -0.0292707 -0.0159368 0.00391938
 -0.000519045 -0.0317224 -0.00950643 0.00344696
 -0.000505417 -0.0333356 0.00275175 0.00128549
 -0.000521805 -0.0313255 0.0202246 -0.00333071
 -0.000596639 -0.0272453 0.0291714 -0.00642737
 -0.000783198 -0.0197581 0.0357929 -0.0094199
 -0.0011511 -0.00784441 0.0368414 -0.0111329
 -0.00168846 0.00866053 0.0286714 -0.00985698
 -0.00101723 -0.0533485 -0.0443377 0.00686687
 -0.0018242 -0.101088 -0.0728654 0.0135602
 -0.00234029 -0.134771 -0.0823487 0.0181884
 -0.00275249 -0.16825 -0.0743152 0.0208182
 -0.00299406 -0.196552 -0.0381454 0.0178154
 -0.0030297 -0.20488 0.0358219 0.00337304
 -0.00327576 -0.180706 0.136129 -0.0251705
 -0.00383692 -0.15038 0.183412 -0.0428454
 -0.00506173 -0.101692 0.214876 -0.0588775
 -0.00729939 -0.0296998 0.213309 -0.0667314
 -0.0104005 0.0661127 0.160062 -0.0573116
 -0.00283158 -0.174241 -0.101657 0.0220642
 -0.00348575 -0.223306 -0.100837 0.0265703
 -0.00404457 -0.270959 -0.0725074 0.0267302
 -0.00445253 -0.301914 -0.00397197 0.0171295
 -0.00493997 -0.305015 0.104357 -0.00694519
 -0.00617141 -0.251781 0.232612 -0.0469373
 -0.00760292 -0.192911 0.284938 -0.0692391
 -0.0100965 -0.107264 0.308974 -0.0866713
 -0.0140168 0.00880358 0.28249 -0.0901669
 -0.0188312 0.153632 0.184408 -0.0685471
 -0.00457342 -0.27896 -0.0897582 0.0309754
 -0.00516992 -0.326125 -0.0398404 0.0261936
 -0.00561082 -0.354772 0.0505039 0.00932575
 -0.00613205 -0.341447 0.17857 -0.0243035
 -0.00758297 -0.267827 0.312691 -0.0722227
 -0.00923339 -0.196756 0.360775 -0.09665
 -0.0120219 -0.095558 0.374439 -0.114084
 -0.0162583 0.0402234 0.329811 -0.114372
 -0.0211082 0.206446 0.205461 -0.0854177
 -0.0059309 -0.36885 0.030111 0.0149198
 -0.00639343 -0.381627 0.139555 -0.0108327
 -0.00716338 -0.351242 0.27273 -0.0515892
 -0.00919475 -0.249968 0.394927 -0.102551
 -0.0113009 -0.16569 0.427881 -0.12508
 -0.0145735 -0.051352 0.420324 -0.137737
 -0.0191232 0.0974191 0.349754 -0.13041
 -0.0236549 0.273464 0.199337 -0.0922838
 -0.00725594 -0.375654 0.252662 -0.0433816
 -0.00876018 -0.316543 0.37332 -0.0875021
 -0.0120122 -0.189059 0.459122 -0.133557
 -0.0148402 -0.0882477 0.465327 -0.149943
 -0.0187982 0.0414289 0.425714 -0.153357
 -0.0236965 0.201551 0.320383 -0.134066
 -0.0276579 0.380027 0.140265 -0.0837872
 -0.0112157 -0.23367 0.460638 -0.128386
 -0.0159965 -0.0746237 0.490892 -0.162212
 -0.0195923 0.0367897 0.46104 -0.167752
 -0.0240983 0.177739 0.382059 -0.157727
 -0.028934 0.344304 0.238712 -0.123522
 -0.0315156 0.517288 0.0318006 -0.0603285
 -0.0222968 0.105211 0.446375 -0.173394
 -0.02653 0.230852 0.37285 -0.163755
 -0.031166 0.375453 0.250643 -0.136262
 -0.0351115 0.535494 0.0709834 -0.0847215
 -0.0350939 0.68538 -0.150434 -0.0103654
 -0.0308316 0.352993 0.27705 -0.14454
 -0.0350588 0.500078 0.13341 -0.107481
 -0.0379769 0.65126 -0.0585573 -0.0482948
 -0.03586 0.778045 -0.276181 0.0289028
 -0.0385245 0.631617 -0.0237635 -0.0614126
 -0.0396934 0.769694 -0.220673 0.0032063
 -0.0346857 0.868628 -0.424234 0.079597
 -0.0380229 0.871216 -0.401741 0.0675615
 -0.0293856 0.932236 -0.573269 0.136258
 -0.0167035 0.930241 -0.67992 0.185261

Fourier series term #2
 -7.19732e-05 -0.00576116 -0.00287073 0.000373823
 -3.63187e-06 -0.000308468 -0.000174783 2.22226e-05
 2.64007e-06 0.000186681 -3.79106e-06 -8.78394e-06
 2.65031e-06 0.000190274 -0.000126711 5.33006e-06
 1.10672e-06 9.10235e-05 -0.000416343 5.60173e-05
 -1.08466e-06 -9.65078e-05 -0.000836965 0.000156072
 -5.86469e-06 -0.000816705 -0.00140674 0.000345005
 1.17051e-05 -1.81195e-05 -0.00118597 0.000318604
 1.809e-05 -0.000101821 -0.00112607 0.000332394
 2.12997e-05 -0.00104993 -0.000900107 0.00033349
 2.23256e-05 -0.00218696 -0.000216928 0.000183562
 9.99252e-06 -0.00238222 0.000534982 -7.0992e-05
 1.56227e-05 0.00043938 -0.000963927 2.89392e-05
 8.09856e-05 0.00444947 -0.00249631 3.76059e-05
 0.000110561 0.00601604 -0.00723764 0.000675626
 7.88981e-05 0.0016264 -0.0183859 0.00287564
 6.2577e-05 -0.0065188 -0.0332558 0.00672951
 0.000190436 -0.0147476 -0.0450864 0.0111466
 0.000534646 -0.0273438 -0.0470784 0.0142921
 0.000806474 -0.0367071 -0.0412831 0.0141801
 0.00112218 -0.0471075 -0.0289502 0.011832
 0.00134873 -0.0565272 -0.0101818 0.00666138
 0.00111247 -0.0605949 0.0106058 -0.000458242
 0.000172244 0.00726952 -0.0133386 0.00128168
 0.000223654 0.00507556 -0.0297439 0.00410114
 0.000293216 -0.00439318 -0.0549558 0.00969393
 0.000508284 -0.019884 -0.0833038 0.0179481
 0.000996436 -0.0494964 -0.106355 0.027877
 0.00202248 -0.0909355 -0.103172 0.0335165
 0.00277717 -0.113856 -0.0841708 0.0314493
 0.00359128 -0.136918 -0.0510821 0.0241689
 0.00412335 -0.156786 -0.00539083 0.0109013
 0.00347711 -0.163774 0.0425063 -0.00604541
 0.000211883 -0.000808791 -0.0580796 0.0102302
 0.000316412 -0.0140967 -0.0942307 0.019687
 0.000585008 -0.0423452 -0.133628 0.0330345
 0.00129467 -0.0852586 -0.158905 0.0467438
 0.00273574 -0.148423 -0.146678 0.0533618
 0.00380117 -0.18377 -0.116431 0.0494113
 0.00495274 -0.218115 -0.066522 0.0377751
 0.00567765 -0.245485 0.000657619 0.0174252
 0.00467476 -0.253229 0.0697974 -0.00801925
 0.000294984 -0.0370384 -0.143529 0.0347155
 0.000766281 -0.0772375 -0.186949 0.052058
 0.00183161 -0.141288 -0.20879 0.0683165
 0.00392715 -0.221563 -0.178512 0.0723602
 0.00537575 -0.267768 -0.134129 0.0649703
 0.00687394 -0.314329 -0.065843 0.047908
 0.00772742 -0.352539 0.0234677 0.0198939
 0.00618165 -0.363695 0.113844 -0.0143057
 0.00167096 -0.138704 -0.226685 0.0718053
 0.00343217 -0.219178 -0.232968 0.0864438
 0.00634019 -0.322977 -0.178436 0.0851514
 0.00819631 -0.378561 -0.117331 0.0726562
 0.00998841 -0.433578 -0.0301183 0.0489661
 0.0108164 -0.479616 0.0794618 0.0130319
 0.00847827 -0.494443 0.188221 -0.0294152
 0.00600717 -0.323484 -0.216955 0.0965655
 0.00976223 -0.444085 -0.132123 0.0859132
 0.0119239 -0.51272 -0.0538754 0.0674798
 0.0138117 -0.576948 0.0515327 0.0365487
 0.0142828 -0.627508 0.177937 -0.00710784
 0.0106935 -0.640085 0.29797 -0.0561437
 0.0141637 -0.59059 -0.0135895 0.0630951
 0.0163556 -0.662878 0.0800539 0.0375355
 0.0179012 -0.734395 0.200048 -0.000560563
 0.0173697 -0.791035 0.33735 -0.0503252
 0.0117531 -0.797215 0.45734 -0.102248
 0.0182601 -0.744311 0.181047 0.00878426
 0.0192622 -0.813285 0.303174 -0.0317277
 0.0178567 -0.866751 0.439506 -0.082832
 0.0107874 -0.867373 0.55194 -0.133272
 0.0195014 -0.890323 0.428796 -0.0742285
 0.0166368 -0.93206 0.554464 -0.123413
 0.00794022 -0.920345 0.65058 -0.169405
 0.0120905 -0.972682 0.669736 -0.169366
 0.00116302 -0.94184 0.737155 -0.205904
 -0.0117784 -0.901746 0.775862 -0.230743

Fourier series term #3
 -2.52637e-06 -0.000203942 -0.000100217 1.31108e-05
 4.84135e-06 0.000376381 0.000197419 -2.80821e-05
 -4.69181e-06 -0.000354609 -0.000190848 3.14753e-05
 2.04076e-07 1.96937e-05 1.56539e-05 -2.66507e-06
 5.1153e-06 0.000393524 0.000222349 -4.77334e-05
 -7.29851e-06 -0.000562061 -0.000271728 6.9578e-05
 1.90307e-06 0.00021816 9.02234e-05 -2.92835e-05
 3.8128e-06 0.000554731 0.000117402 -5.57322e-05
 -3.20232e-06 -0.000331806 -4.88387e-05 2.78252e-05
 -6.02053e-06 -0.00098314 2.23906e-05 3.89953e-05
 -3.78027e-06 -0.000600589 0.000104115 -6.21154e-06
 4.12192e-06 0.000466944 -0.000201007 4.58761e-05
 5.97196e-06 0.000437126 0.000390437 -5.44321e-05
 -2.9797e-05 -0.00228071 -0.000644631 0.000137624
 1.98445e-05 0.0017757 0.00216627 -0.000392661
 4.31772e-05 0.00424418 0.00397487 -0.000870789
 -7.69483e-06 0.00144503 0.00225168 -0.00061595
 -3.89701e-05 0.000829002 0.000371827 -0.000295469
 -2.88149e-05 0.00358919 -0.00192282 0.000150689
 -1.40855e-05 0.00403008 -0.00381956 0.000709822
 2.48996e-05 0.00370621 -0.00561635 0.00136662
 0.00010561 0.00269767 -0.00663304 0.00188341
 0.000231237 0.000881506 -0.00615728 0.00195061
 2.52147e-05 0.00299716 0.00406133 -0.000703913
 4.40967e-05 0.00649285 0.0075079 -0.00151641
 6.06561e-06 0.00661203 0.00834421 -0.0020235
 -2.66941e-05 0.0102008 0.00771326 -0.00247824
 -8.41421e-05 0.0111719 0.000886145 -0.00139146
 -5.26949e-05 0.0113582 -0.0105894 0.00155158
 5.48298e-05 0.0118182 -0.0165507 0.00346608
 0.000264015 0.010838 -0.0214417 0.00539553
 0.000616624 0.00663631 -0.0232542 0.00668232
 0.00110096 -0.000851088 -0.0196715 0.00628211
 4.44453e-05 0.00807979 0.010691 -0.00255857
 2.89257e-05 0.0135667 0.012964 -0.0037705
 -5.51005e-05 0.0170408 0.00845668 -0.00361593
 -0.000114164 0.0236516 -0.00306546 -0.0015484
 -5.88077e-05 0.0242785 -0.0233096 0.00424107
 0.000115425 0.0209628 -0.0335849 0.00804439
 0.000470095 0.0147612 -0.0405962 0.0114225
 0.00106313 0.00712531 -0.0418887 0.0132032
 0.00185663 -0.00365581 -0.0350313 0.0121803
 -1.65946e-05 0.0197676 0.0122876 -0.00465268
 -0.000104149 0.0296995 0.00404974 -0.00386584
 -0.000187905 0.0367852 -0.0163496 0.000852578
 -3.2473e-05 0.0381562 -0.0442457 0.0096736
 0.000276233 0.0331054 -0.057575 0.015077
 0.000856201 0.0226673 -0.0659238 0.0197153
 0.00177628 0.00768205 -0.0651101 0.0217287
 0.00292857 -0.0104019 -0.0522786 0.0193301
 -0.000190739 0.0409411 -0.0121235 -0.00076335
 -0.000166021 0.050349 -0.0391581 0.00653921
 0.000272206 0.0462032 -0.0725219 0.0185681
 0.00084686 0.0397487 -0.0859214 0.0247445
 0.00178426 0.0272142 -0.092608 0.0295452
 0.00314191 0.00737886 -0.0875259 0.0308191
 0.00473864 -0.0181518 -0.0670316 0.0263325
 3.26571e-05 0.054222 -0.0722611 0.0173167
 0.00103272 0.0505041 -0.104617 0.0304766
 0.00195635 0.0378467 -0.11511 0.0367763
 0.00335537 0.0218673 -0.116499 0.0404437
 0.00519678 -0.000317554 -0.104756 0.0396993
 0.00718089 -0.0282626 -0.0765038 0.0324293
 0.00273009 0.0357785 -0.129617 0.043284
 0.00415821 0.026979 -0.134283 0.0476223
 0.00606959 0.00766939 -0.127476 0.0486925
 0.00834914 -0.0201478 -0.105343 0.0443262
 0.0106101 -0.0479903 -0.0693838 0.0336341
 0.00589938 0.00878574 -0.132197 0.0503159
 0.00800058 -0.00700938 -0.121859 0.0495932
 0.0104483 -0.0315973 -0.0965395 0.0433768
 0.0126216 -0.061133 -0.0560856 0.0306802
 0.010352 -0.0306792 -0.103221 0.0460789
 0.0127152 -0.0494079 -0.0766565 0.0384262
 0.014729 -0.072232 -0.0373055 0.0249502
 0.0146648 -0.0728937 -0.0442496 0.0283593
 0.0162805 -0.0836495 -0.0121218 0.0161219
 0.0170094 -0.0951521 0.0192698 0.00393498

Fourier series term #4
 2.83082e-06 0.000226483 0.000112899 -1.47119e-05
 2.34139e-06 0.000183727 9.48411e-05 -1.35341e-05
 -1.52562e-06 -0.000118718 -6.37226e-05 1.04721e-05
 3.49981e-06 0.000259255 0.00014307 -2.66523e-05
 -2.34036e-06 -0.000186698 -0.000100974 2.18553e-05
 -9.35402e-07 -0.000101252 -5.01981e-05 1.27068e-05
 5.40789e-06 0.000430507 0.000174864 -5.52601e-05
 -2.42705e-06 -0.000432087 -9.16145e-05 4.257e-05
 -2.08625e-06 -0.000566281 -5.66477e-05 4.17006e-05
 1.84372e-06 -8.08497e-05 2.12527e-06 2.92364e-06
 5.62067e-06 0.000559464 -0.000117429 1.08013e-05
 9.39995e-06 0.000615485 -0.000229852 5.03877e-05
 6.65618e-07 3.34899e-06 3.61975e-05 -5.10258e-06
 -1.21687e-05 -0.00100527 -0.000547614 9.74808e-05
 -2.04958e-05 -0.00164398 -0.000906161 0.000185895
 1.52205e-05 0.00118045 0.00078303 -0.000158076
 1.67955e-05 0.00128623 0.00103824 -0.000238658
 -6.25915e-06 -0.000662855 0.000395091 -5.6903e-05
 -1.38621e-05 -0.000676937 0.000760789 -0.000171205
 -1.81058e-05 -0.000317116 0.000854726 -0.00023408
 -2.35331e-05 0.000247519 0.000722802 -0.000242755
 -2.85211e-05 0.000793138 0.00033675 -0.000159658
 -2.48624e-05 0.000984414 -0.000120289 -1.3378e-05
 -1.8019e-05 -0.00166317 -0.000849708 0.000179573
 1.08101e-05 0.000873118 0.000778775 -0.000107984
 1.26402e-05 0.00080856 0.00161285 -0.00026082
 1.8755e-05 0.00250101 0.00377972 -0.000795017
 -2.34523e-05 0.000833804 0.00458351 -0.00107494
 -9.21702e-05 -0.00113601 0.00468424 -0.00124095
 -0.000132612 -0.000339395 0.00454428 -0.00135082
 -0.000178939 0.00149358 0.00365186 -0.00126928
 -0.000214142 0.00323526 0.00177 -0.00081
 -0.000193727 0.00410455 -0.000466862 -8.90822e-05
 2.30434e-05 0.00121472 0.00199342 -0.000334966
 3.95993e-05 0.00265183 0.00472926 -0.000952943
 7.60234e-06 0.000952177 0.0070264 -0.00155287
 -4.07178e-05 0.0026209 0.0106004 -0.00283279
 -0.000181544 0.00252195 0.0111555 -0.00348601
 -0.000274928 0.00240133 0.00979478 -0.00332273
 -0.000364455 0.00420651 0.00720991 -0.00280303
 -0.000431941 0.00681186 0.0033556 -0.00176433
 -0.000407801 0.00761923 -0.000596227 -0.000394416
 3.2952e-05 0.00103895 0.00810355 -0.00175858
 1.52979e-05 0.00314545 0.0141064 -0.00359588
 -0.000116507 0.0030326 0.018366 -0.00532279
 -0.000341409 0.00930152 0.0191902 -0.00673776
 -0.00051398 0.0111314 0.0163398 -0.00636304
 -0.000687003 0.0128694 0.0112478 -0.00509674
 -0.000805211 0.0136953 0.00478776 -0.00303831
 -0.000772892 0.0126257 -0.00101915 -0.000794363
 -9.78402e-05 0.00318551 0.0208517 -0.00586955
 -0.000300954 0.0101928 0.0269627 -0.0088596
 -0.000708012 0.0167207 0.025208 -0.00984193
 -0.000974893 0.0217381 0.0205759 -0.00917462
 -0.00124987 0.0255233 0.0130317 -0.00722073
 -0.00143365 0.0271052 0.00355307 -0.00406132
 -0.00136931 0.0246625 -0.00469871 -0.000646273
 -0.000668979 0.0167188 0.030792 -0.0114947
 -0.00131859 0.0296105 0.0270326 -0.0124219
 -0.00167527 0.0331308 0.0202501 -0.0108742
 -0.00205138 0.0381864 0.0106504 -0.00819606
 -0.00233859 0.0410476 -0.00111636 -0.0041194
 -0.00222479 0.0397573 -0.0115774 0.000277616
 -0.0022022 0.0398849 0.0195698 -0.0117491
 -0.00272612 0.0500869 0.0108723 -0.00991596
 -0.00320933 0.0541847 0.000195794 -0.00650591
 -0.00353561 0.054434 -0.0112515 -0.00204898
 -0.00346737 0.0513838 -0.0208866 0.00244149
 -0.00321403 0.0512522 0.00436221 -0.0079697
 -0.00375513 0.0605195 -0.00772531 -0.00437021
 -0.00409905 0.0626575 -0.0195155 0.000202788
 -0.00401528 0.0562442 -0.026734 0.00416725
 -0.00427701 0.0605976 -0.0154873 -0.00140726
 -0.00461253 0.0665682 -0.0280245 0.00319083
 -0.00451233 0.0629625 -0.0357421 0.00718286
 -0.0050785 0.0629103 -0.0337762 0.00618199
 -0.00486144 0.063113 -0.0415361 0.00974576
 -0.00496439 0.054436 -0.0410575 0.0108981

Fourier series term #5
 7.21028e-07 5.69613e-05 2.84745e-05 -3.76513e-06
 -8.71023e-07 -6.73848e-05 -3.53464e-05 5.04273e-06
 1.20531e-06 9.05517e-05 4.95119e-05 -8.1556e-06
 -5.39685e-08 -3.28824e-06 -2.20801e-06 4.2654e-07
 -1.43134e-06 -0.000109096 -5.92453e-05 1.27605e-05
 2.10622e-06 0.00016579 8.26219e-05 -2.1204e-05
 -6.80482e-07 -6.20882e-05 -2.30448e-05 7.60064e-06
 -1.30585e-06 -0.000166007 -4.08946e-05 1.7866e-05
 8.85568e-07 0.000104399 6.72409e-06 -6.74374e-06
 1.74691e-06 0.000305747 -1.41763e-05 -1.0265e-05
 1.07334e-06 0.000192006 -3.73809e-05 3.01743e-06
 -1.21441e-06 -0.000135978 5.5216e-05 -1.24475e-05
 -2.46696e-05 -0.00202325 -0.00103071 0.000159435
 1.11998e-05 0.000862042 0.000485722 -8.58823e-05
 -1.44229e-05 -0.00116406 -0.000651062 0.000127753
 -4.53823e-06 -0.000351207 -0.000235458 5.20456e-05
 9.97412e-06 0.000878176 0.000425344 -0.000112336
 -5.92806e-08 -7.87309e-05 -3.42083e-05 1.29875e-05
 1.64883e-06 -1.69929e-05 -3.02496e-05 1.18089e-05
 6.37422e-07 -0.000190451 -4.78164e-06 1.42197e-05
 -1.09611e-06 -0.000357064 0.000100398 -8.84074e-06
 -3.36564e-06 -0.000247481 0.000188608 -4.53517e-05
 -4.81618e-06 7.97288e-05 0.000102743 -3.62758e-05
 -7.16251e-06 -0.000675643 -0.000392089 7.083e-05
 -2.99654e-06 -0.000193872 -0.000293813 5.63056e-05
 -1.60321e-05 -0.00176265 -0.00106052 0.00024827
 1.73859e-05 0.00164728 0.00051677 -0.000145735
 2.08688e-05 0.0020613 0.000689236 -0.000213321
 6.19511e-06 -0.000931003 0.000189003 2.69761e-05
 4.14884e-06 -0.00158374 0.000456234 -1.91997e-05
 -2.05321e-06 -0.00127393 0.000853989 -0.000163787
 -1.8376e-05 -0.000783115 0.00105908 -0.000274266
 -4.29642e-05 -0.000287595 0.000958035 -0.0002862
 -1.75158e-05 -0.00153194 -0.00108453 0.000253362
 1.17307e-05 0.000845811 -6.69496e-05 7.27104e-06
 1.88624e-05 0.000745817 -8.14896e-05 2.925e-05
 3.56838e-05 0.00202432 0.000990087 -0.000271459
 2.56567e-05 0.000613299 0.00148025 -0.000372704
 9.6698e-06 -0.00134127 0.00182593 -0.000400169
 -1.31403e-05 -0.00240584 0.00251001 -0.000597697
 -5.02014e-05 -0.00216223 0.00295846 -0.000818106
 -9.9036e-05 -0.000887885 0.00253227 -0.000800316
 1.55482e-05 0.000275162 -0.000479651 0.000144128
 4.78233e-05 0.00192774 0.000680686 -0.000156626
 5.15615e-05 0.000220522 0.00136538 -0.00024604
 4.44624e-05 0.000680805 0.00387259 -0.00106773
 1.65022e-05 0.000484095 0.00473339 -0.00141325
 -3.47766e-05 -0.000312544 0.0053114 -0.00165745
 -0.000106875 -0.00120996 0.00550947 -0.00177194
 -0.000183085 -0.000775781 0.00468447 -0.00159134
 5.40612e-05 -0.000262392 0.000990467 -8.91514e-05
 7.44007e-05 0.000614247 0.00400042 -0.000989496
 2.71042e-05 -0.00120528 0.00709372 -0.00198875
 -2.76372e-05 0.000570936 0.0084312 -0.00269478
 -0.000115479 0.00286867 0.00843026 -0.00303501
 -0.000233112 0.00426841 0.00721147 -0.00286241
 -0.000337403 0.00496987 0.00497834 -0.00218212
 0.000178395 -0.00239483 0.00754678 -0.00199362
 -0.000126449 0.00160335 0.0111549 -0.00369946
 -5.91568e-05 0.00203473 0.0122892 -0.00435588
 -0.000272772 0.00479359 0.0112818 -0.00441714
 -0.000473189 0.00901509 0.00853275 -0.00397183
 -0.000449315 0.0136941 0.00273145 -0.00220629
 -0.000202741 0.00262571 0.0141116 -0.0051896
 -0.00036428 0.00919385 0.013023 -0.00560839
 -0.000551667 0.0139478 0.00992017 -0.00510905
 -0.00071085 0.0165465 0.00551307 -0.00380851
 -0.00075683 0.0205911 -0.00123036 -0.00155907
 -0.000499673 0.00926125 0.0124274 -0.00563233
 -0.000701722 0.0189031 0.00687574 -0.00463273
 -0.000846763 0.0242223 0.000375025 -0.00271082
 -0.000788488 0.0259202 -0.0059871 -0.000303222
 -0.000846316 0.0193167 0.00412541 -0.00375648
 -0.000920653 0.0300598 -0.00591894 -0.000908362
 -0.000747228 0.0339374 -0.0140903 0.00211911
 -0.000863666 0.0299431 -0.0101655 0.000841814
 -0.000446863 0.0377517 -0.0207688 0.0044705
 -3.94325e-05 0.0347494 -0.023051 0.0058962


