**************************************************************
***  MERIS LUT-169: Fourier series terms (s0,..,s5)[TERM]] ***
***                 of polynomial coefficients (k0,..,k3)  ***
***                 for each of 81 aerosol models [IAER],  ***
***                 & for each of 78 geometries [SVZA]     ***
***  - - - - - - - - - - - - - - - - - - - - - - - - - - - ***
***  => useful for multiplicative aer.scat.fct. retrieval  ***
**************************************************************

12 Gaussian angles (deg): SZA/VZA
------------------------         

 2.84 17.64 28.77 36.19 43.61 51.03 58.46 65.88 69.59 73.30 77.01 80.72

Coefficients: [SVZA x (k0,k1,k2,k3)]
------------                        

 Aerosol model #33
 - - - - - - -  

Fourier series term #0
 1.00645 0.829258 0.396881 -0.0398596
 1.00811 0.938084 0.493137 -0.0554516
 1.01255 1.23633 0.75013 -0.100508
 1.01925 1.70879 1.12884 -0.175491
 1.02574 2.16518 1.47114 -0.271151
 1.03038 2.62223 1.68772 -0.376694
 1.03045 3.10953 1.66517 -0.464101
 1.02146 3.69623 1.23672 -0.46935
 1.01176 4.00768 0.765676 -0.392628
 0.999949 4.30878 0.0711208 -0.225726
 0.992987 4.56375 -0.838305 0.051668
 1.01186 4.62389 -1.79533 0.406049
 1.01175 1.15768 0.687483 -0.0883896
 1.01786 1.51807 0.998188 -0.151673
 1.02283 1.80144 1.22324 -0.214314
 1.02821 2.16738 1.45175 -0.298739
 1.03311 2.63788 1.63567 -0.402451
 1.03392 3.12898 1.60636 -0.487411
 1.02613 3.66841 1.18877 -0.487863
 1.01763 3.97633 0.747563 -0.415318
 1.00718 4.30187 0.0912384 -0.257301
 1.0014 4.59257 -0.789067 0.0119581
 1.02127 4.66506 -1.72876 0.362206
 1.02196 1.80535 1.2183 -0.220257
 1.02562 2.06836 1.36653 -0.28164
 1.02865 2.35936 1.46799 -0.351401
 1.03025 2.7118 1.49738 -0.42508
 1.02883 3.1925 1.40428 -0.491469
 1.01954 3.76774 0.986733 -0.483652
 1.01031 4.08442 0.559322 -0.409105
 0.999124 4.41582 -0.0749683 -0.251586
 0.992479 4.71576 -0.929648 0.0148093
 1.01099 4.81178 -1.85188 0.362851
 1.0295 2.27564 1.42576 -0.326578
 1.03172 2.54731 1.45994 -0.384831
 1.03232 2.85154 1.40654 -0.437761
 1.02983 3.2551 1.22597 -0.473612
 1.02035 3.7994 0.777963 -0.443476
 1.01152 4.12488 0.360158 -0.364417
 1.00105 4.45602 -0.255252 -0.204883
 0.99553 4.76569 -1.08341 0.0591559
 1.0154 4.88522 -1.97966 0.402078
 1.03182 2.76771 1.4066 -0.42382
 1.03062 3.07078 1.2951 -0.460464
 1.02586 3.42293 1.04082 -0.468857
 1.01437 3.8842 0.529483 -0.405028
 1.00513 4.18861 0.100787 -0.31389
 0.994622 4.53326 -0.502522 -0.151207
 0.989336 4.85875 -1.30429 0.10988
 1.00969 4.99978 -2.17301 0.446801
 1.02747 3.31711 1.10619 -0.470325
 1.02103 3.66282 0.799144 -0.454825
 1.0082 4.07983 0.232745 -0.358687
 0.998846 4.34174 -0.213338 -0.250907
 0.98916 4.64681 -0.820374 -0.0753836
 0.9857 4.94681 -1.59968 0.188014
 1.00838 5.0915 -2.4294 0.51662
 1.01283 3.94451 0.424178 -0.403524
 0.999152 4.37972 -0.19174 -0.27619
 0.989961 4.63734 -0.657871 -0.151363
 0.981833 4.89884 -1.27326 0.0412814
 0.981784 5.15013 -2.03007 0.310307
 1.00964 5.22591 -2.79511 0.627527
 0.985483 4.76902 -0.85712 -0.108308
 0.977963 5.02785 -1.34796 0.0371858
 0.973282 5.26574 -1.95915 0.242983
 0.978642 5.49537 -2.68735 0.514631
 1.01547 5.49554 -3.36465 0.813281
 0.972628 5.22027 -1.82201 0.188732
 0.970554 5.46738 -2.42225 0.396392
 0.980723 5.68964 -3.12924 0.666729
 1.02445 5.62131 -3.72482 0.943874
 0.973278 5.67863 -2.9918 0.602472
 0.990598 5.82199 -3.62013 0.855325
 1.04301 5.68741 -4.10751 1.09836
 1.0171 5.837 -4.10723 1.06828
 1.08015 5.62188 -4.44558 1.25886
 1.15228 5.24515 -4.53363 1.35829

Fourier series term #1
 -0.000374969 -0.0437795 -0.0232872 0.00233729
 -0.000159496 -0.00331436 -0.00760928 0.000772029
 -0.00116972 -0.0840568 -0.0655497 0.00871695
 -0.00119094 -0.0677706 -0.0593614 0.00935253
 -0.00112333 -0.0571264 -0.0452156 0.00902064
 -0.000967417 -0.0510966 -0.0243894 0.00714082
 -0.000668259 -0.0394337 0.00560968 0.00180774
 -0.000461748 -0.0249419 0.0355705 -0.00625741
 -0.000522474 -0.0158092 0.046452 -0.010451
 -0.000795512 -0.00234906 0.0513081 -0.0137031
 -0.00135163 0.0138005 0.0465659 -0.0142655
 -0.00208798 0.0269214 0.0324952 -0.0111184
 -0.00275406 -0.162097 -0.145188 0.0182323
 -0.00544316 -0.301115 -0.266508 0.0405485
 -0.00682822 -0.366907 -0.304529 0.0547631
 -0.00708337 -0.370807 -0.262618 0.0584266
 -0.00606015 -0.316623 -0.133537 0.0432205
 -0.00432481 -0.247225 0.0383645 0.00953337
 -0.00289313 -0.156755 0.210705 -0.0399305
 -0.00311296 -0.106506 0.275419 -0.0653622
 -0.00453751 -0.0398429 0.310824 -0.0862626
 -0.00761838 0.0530544 0.294987 -0.09354
 -0.0117607 0.168661 0.206767 -0.0751942
 -0.00774691 -0.422951 -0.348692 0.0646031
 -0.00883942 -0.476877 -0.34619 0.0755634
 -0.00930048 -0.523629 -0.292552 0.0790462
 -0.00856777 -0.50886 -0.153159 0.0612939
 -0.00690647 -0.417609 0.0701139 0.0120442
 -0.00578087 -0.271447 0.311824 -0.0634701
 -0.00657481 -0.170863 0.405448 -0.103655
 -0.00931241 -0.0452439 0.450959 -0.135199
 -0.014636 0.109676 0.416651 -0.143897
 -0.0215225 0.291642 0.275858 -0.113509
 -0.0101687 -0.543654 -0.322988 0.0822046
 -0.0102511 -0.56588 -0.233514 0.0762571
 -0.00972657 -0.575964 -0.0929552 0.055285
 -0.00839262 -0.520935 0.114603 0.00677534
 -0.00728865 -0.348506 0.361413 -0.0750379
 -0.00824205 -0.214163 0.460747 -0.120203
 -0.0114029 -0.0542045 0.502168 -0.153572
 -0.0174197 0.134424 0.453325 -0.159884
 -0.0249595 0.363883 0.281687 -0.121045
 -0.0104728 -0.608435 -0.138061 0.0655605
 -0.009997 -0.595787 0.0178215 0.0343877
 -0.00930452 -0.549876 0.206346 -0.0159375
 -0.00938876 -0.39672 0.413836 -0.0919417
 -0.0111117 -0.265381 0.495336 -0.133498
 -0.0151944 -0.069682 0.52169 -0.16546
 -0.0223209 0.172867 0.447541 -0.167091
 -0.0307293 0.445956 0.242476 -0.118624
 -0.0100372 -0.590783 0.156467 0.000289435
 -0.0100769 -0.511201 0.326302 -0.0544218
 -0.0114775 -0.356918 0.478421 -0.120831
 -0.0139087 -0.23399 0.523095 -0.152223
 -0.018614 -0.0611484 0.517151 -0.172594
 -0.0261319 0.182314 0.416309 -0.164522
 -0.0344268 0.486736 0.181137 -0.106139
 -0.0112374 -0.425914 0.44304 -0.101448
 -0.0141583 -0.243351 0.528091 -0.154378
 -0.0175542 -0.108332 0.526612 -0.172604
 -0.0228157 0.049543 0.471841 -0.174671
 -0.030086 0.262348 0.339701 -0.151528
 -0.0368812 0.519327 0.096192 -0.0840563
 -0.0190515 -0.0519748 0.517088 -0.179428
 -0.0231773 0.0825996 0.462886 -0.178874
 -0.0286569 0.245021 0.355089 -0.160404
 -0.0350507 0.454411 0.170231 -0.114059
 -0.0389492 0.666885 -0.0848637 -0.0343904
 -0.0274196 0.204722 0.382548 -0.166803
 -0.0326737 0.377041 0.243764 -0.13591
 -0.0380973 0.570499 0.0422377 -0.079327
 -0.039732 0.767731 -0.220313 0.00718972
 -0.0370637 0.518348 0.0936027 -0.095377
 -0.040751 0.697879 -0.121559 -0.0294062
 -0.0389231 0.861498 -0.374411 0.0591485
 -0.0412927 0.826894 -0.32244 0.0388375
 -0.0351984 0.93008 -0.533505 0.118775
 -0.0240399 0.950703 -0.669134 0.177245

Fourier series term #2
 -4.60251e-05 -0.00594313 -0.00287118 0.000290031
 1.18096e-05 0.00127212 0.000775692 -9.15324e-05
 4.12108e-05 0.00255436 0.00220907 -0.000308863
 -8.94327e-05 -0.00736709 -0.00553383 0.000808706
 2.91326e-06 0.00228125 0.000341002 -0.000152121
 -2.58875e-05 0.00142768 -0.000898162 6.6789e-05
 -0.00018371 -0.0119659 -0.00852303 0.00221379
 -2.60369e-05 0.00883485 0.00169964 -0.000806825
 -4.70532e-05 0.0116027 0.00107222 -0.000819896
 -8.48592e-05 -0.000140569 -0.00112287 0.000352315
 -7.29144e-05 -0.0133107 0.00163269 0.000126894
 -0.000153402 -0.0126687 0.00464127 -0.00100563
 0.00061743 0.0449129 0.0325293 -0.00432523
 0.000377953 0.0165951 0.00667126 -0.00188897
 -0.00041399 -0.0426261 -0.0507203 0.00688958
 -0.0011046 -0.0789577 -0.0994472 0.0169054
 -0.00102941 -0.056898 -0.102123 0.0201026
 -0.000833405 -0.0526052 -0.0982555 0.0235196
 -0.000237948 -0.0567744 -0.0770128 0.0231244
 0.000262864 -0.0540022 -0.0580231 0.0196746
 0.000768805 -0.0496554 -0.0352948 0.0140237
 0.00108512 -0.0447207 -0.0111686 0.0066285
 0.000877837 -0.0391873 0.00958093 -0.000903709
 -0.000203356 -0.0294815 -0.0548399 0.00683525
 -0.000758374 -0.0593017 -0.112285 0.017459
 -0.00153222 -0.112912 -0.188644 0.035799
 -0.00206039 -0.164867 -0.250831 0.0572126
 -0.00139272 -0.161284 -0.247517 0.0667847
 0.000329463 -0.149147 -0.192053 0.0626778
 0.00148159 -0.151631 -0.146893 0.0543387
 0.0026735 -0.156763 -0.0896224 0.0401022
 0.0034696 -0.159828 -0.0246898 0.0200829
 0.002833 -0.150407 0.0341416 -0.001908
 -0.00152605 -0.100487 -0.185402 0.0329263
 -0.00228941 -0.148748 -0.264057 0.0548824
 -0.00254087 -0.202627 -0.329309 0.0801032
 -0.00180156 -0.251206 -0.350695 0.100845
 0.000630547 -0.271943 -0.28511 0.0993762
 0.00247145 -0.270676 -0.21698 0.0855654
 0.00440578 -0.274574 -0.132438 0.0635368
 0.00570778 -0.277005 -0.0336788 0.0321969
 0.00470643 -0.256636 0.0565656 -0.00247933
 -0.00254374 -0.197062 -0.341894 0.0802763
 -0.00216283 -0.243762 -0.398989 0.106979
 -0.00085184 -0.337061 -0.425524 0.134074
 0.00264551 -0.420455 -0.358986 0.137798
 0.00527619 -0.447464 -0.276161 0.121948
 0.00799311 -0.455871 -0.160125 0.090229
 0.00973591 -0.454314 -0.0236254 0.0449136
 0.00816716 -0.419698 0.100169 -0.00464672
 -0.0012363 -0.333489 -0.458933 0.139542
 0.00124576 -0.42509 -0.463694 0.162989
 0.006071 -0.555221 -0.379002 0.164384
 0.00955406 -0.624826 -0.281565 0.146086
 0.0132991 -0.678591 -0.140854 0.108088
 0.0157514 -0.702147 0.032809 0.0496024
 0.0134758 -0.658044 0.191157 -0.0162434
 0.00519266 -0.562127 -0.449153 0.183861
 0.0117103 -0.698739 -0.32877 0.172666
 0.016073 -0.792824 -0.213922 0.148418
 0.0205385 -0.881645 -0.0482902 0.101803
 0.0234858 -0.942451 0.155225 0.0322294
 0.0206426 -0.953505 0.359216 -0.0499994
 0.0203446 -0.905259 -0.17172 0.14962
 0.0253011 -0.994991 -0.0360211 0.114358
 0.0297525 -1.06836 0.139529 0.0586895
 0.0323507 -1.17217 0.367597 -0.0203071
 0.0273019 -1.20446 0.589737 -0.111836
 0.0299456 -1.08927 0.105319 0.0752305
 0.0342579 -1.19098 0.291606 0.0158068
 0.0359497 -1.29542 0.52344 -0.0670156
 0.0291682 -1.2897 0.717765 -0.153277
 0.0376881 -1.32858 0.496007 -0.049755
 0.0374441 -1.39287 0.70189 -0.128794
 0.0280186 -1.36999 0.870947 -0.208253
 0.0342348 -1.45591 0.892622 -0.203793
 0.0213285 -1.42256 1.02995 -0.272184
 0.00450011 -1.38124 1.12573 -0.323661

Fourier series term #3
 2.04367e-05 0.00260069 0.00125476 -0.000125894
 1.9373e-05 0.00220234 0.00120069 -0.000135631
 -1.79549e-06 -0.000154913 -8.8656e-05 1.31678e-05
 7.55936e-06 0.000550183 0.000445 -6.82587e-05
 6.9191e-05 0.00576456 0.00404015 -0.000743286
 -0.000123266 -0.0101774 -0.00675431 0.00149996
 3.40368e-05 0.00397674 0.00218779 -0.000615342
 4.95947e-05 0.0100314 0.00348678 -0.00131367
 -3.13215e-05 -0.00630246 -0.00135363 0.000656922
 -1.54947e-05 -0.0177519 -0.000592286 0.00101531
 -5.15711e-06 -0.0108635 0.00188798 -0.000101742
 -1.95836e-05 0.00784201 -0.00281413 0.000589693
 -6.57992e-05 -0.00573121 -0.0031401 0.000442634
 0.00048862 0.0400102 0.0308662 -0.00446834
 0.000274109 0.0136449 0.016374 -0.0026026
 -0.000100077 -0.0185662 -0.00835817 0.00164457
 -0.00017317 -0.0143206 -0.011686 0.00234308
 -0.000147708 -0.00470806 -0.0106925 0.00209422
 -0.000155533 -0.00301685 -0.0133212 0.00313853
 -0.00016261 -0.0102663 -0.0145876 0.0042073
 -9.59397e-05 -0.0137141 -0.0119498 0.00398175
 -1.33767e-05 -0.00865873 -0.00809363 0.00275574
 6.31034e-05 0.00183057 -0.00784356 0.00229837
 0.000602954 0.0381012 0.0390501 -0.0064783
 0.000567182 0.0330378 0.0357944 -0.00685679
 0.00013408 -0.00456878 0.00451213 -0.00134819
 -0.000294844 -0.0351728 -0.0319949 0.00673767
 -0.000536871 -0.0412267 -0.0525693 0.0130054
 -0.000398721 -0.0313753 -0.0550131 0.0155639
 -0.000156546 -0.0237303 -0.0524957 0.0157479
 0.000186209 -0.0172336 -0.0479227 0.0152265
 0.000614054 -0.0152248 -0.0402223 0.0136417
 0.00102044 -0.0160047 -0.0286511 0.0103712
 0.000421235 0.0155452 0.0238204 -0.00530107
 0.000306301 0.0154914 0.0100617 -0.00389897
 -0.000452182 -0.035087 -0.0423983 0.00874655
 -0.00094001 -0.072351 -0.0878239 0.0230222
 -0.000571295 -0.056751 -0.0999678 0.0294022
 -0.000116598 -0.0469588 -0.0975414 0.0304639
 0.000515783 -0.049169 -0.0871774 0.0296181
 0.00130124 -0.0387624 -0.0709909 0.0253288
 0.00211718 -0.0315774 -0.0530766 0.0196474
 -9.30489e-05 -0.0088026 -0.0203041 0.00250998
 -0.00057703 -0.0328723 -0.0611778 0.0132803
 -0.000719292 -0.060574 -0.111957 0.0297572
 -0.000170649 -0.103032 -0.148633 0.0478083
 0.000723288 -0.109169 -0.148615 0.0516689
 0.00193742 -0.102689 -0.132392 0.0493682
 0.0033576 -0.0946097 -0.104587 0.0418844
 0.00459108 -0.085652 -0.069964 0.0301858
 -0.000632931 -0.0419183 -0.100211 0.0246879
 -0.000437835 -0.0578197 -0.145938 0.0415432
 0.000790296 -0.113186 -0.184773 0.0629634
 0.00223608 -0.145881 -0.186441 0.0699274
 0.00434391 -0.175174 -0.164949 0.0689488
 0.00674833 -0.196129 -0.11873 0.057326
 0.00841641 -0.187649 -0.062373 0.0371755
 0.000419474 -0.0914938 -0.190345 0.0613109
 0.00268069 -0.120038 -0.215028 0.07866
 0.00490335 -0.173024 -0.208923 0.0851567
 0.00769734 -0.213041 -0.174359 0.080421
 0.0111819 -0.279068 -0.107299 0.0645772
 0.0134851 -0.31983 -0.0143662 0.0335767
 0.00672711 -0.201079 -0.21743 0.0938815
 0.00954151 -0.223647 -0.19445 0.0918254
 0.013024 -0.260461 -0.147828 0.0816984
 0.0170218 -0.335607 -0.0637007 0.0592486
 0.0194259 -0.403775 0.0493471 0.0214899
 0.0126089 -0.265575 -0.161882 0.0876803
 0.0163775 -0.309635 -0.106768 0.0743611
 0.0204455 -0.368051 -0.0211536 0.0486998
 0.0223714 -0.442281 0.104814 0.00522948
 0.0201261 -0.367438 -0.0389301 0.0563431
 0.0235769 -0.430975 0.059551 0.0248663
 0.0242813 -0.473324 0.169199 -0.0165057
 0.0256323 -0.492051 0.163064 -0.0103773
 0.0249373 -0.492066 0.239221 -0.0434808
 0.0215783 -0.494566 0.30863 -0.0740811

Fourier series term #4
 9.4799e-06 0.00123787 0.000579904 -5.8143e-05
 8.66671e-06 0.00100393 0.00053573 -6.04766e-05
 -1.27262e-06 -0.000124691 -8.64813e-05 1.1434e-05
 3.86306e-05 0.00328409 0.00223565 -0.000346945
 -4.01395e-05 -0.00343808 -0.00241074 0.000444795
 -1.45819e-05 -0.00179849 -0.0011898 0.000259858
 9.30921e-05 0.00816525 0.00456427 -0.00126118
 -2.65018e-05 -0.00786429 -0.0026592 0.00101098
 -4.05366e-06 -0.0102947 -0.00212761 0.00105146
 3.52119e-05 -0.00160638 -9.91878e-05 9.6969e-05
 2.77947e-05 0.0094956 -0.00159168 5.03795e-05
 7.77628e-05 0.010395 -0.00378017 0.000825771
 -0.00024351 -0.0248826 -0.0149953 0.00192841
 0.000137603 0.0154695 0.00921589 -0.00138585
 0.0002689 0.0220854 0.0165775 -0.00276994
 -4.44476e-05 -0.00806893 -0.00245856 0.000655316
 -1.42082e-06 -0.00356585 -0.000808949 0.000281207
 2.12672e-05 9.7219e-05 0.000859737 -0.000198232
 -8.12001e-06 -0.00144994 -0.000243757 0.000107355
 -5.97902e-06 -0.00187145 -0.00123044 0.00039335
 6.25896e-06 -0.00219745 -0.00159524 0.000547051
 1.33563e-05 -0.00171207 -0.000935022 0.000351721
 -9.86704e-06 -0.00136886 8.64684e-05 8.62052e-06
 0.000263577 0.0237401 0.0189945 -0.00315787
 0.00045483 0.0389278 0.0326109 -0.00606765
 0.000389462 0.0245467 0.0268654 -0.00548317
 5.57636e-05 -0.0108234 0.00464006 -0.000454719
 -1.9021e-05 -0.0153949 -0.00292312 0.00131542
 -2.63473e-05 -0.00718175 -0.00289129 0.00101332
 -5.30794e-05 -0.00862442 -0.00336233 0.00132162
 -5.27349e-05 -0.0115293 -0.0027323 0.00140349
 -1.49069e-05 -0.014131 -0.00105005 0.00107702
 7.60098e-06 -0.0144177 0.00107175 0.000346455
 0.000592205 0.0384775 0.0388505 -0.0076772
 0.00060185 0.03782 0.0429073 -0.00935004
 0.000377156 0.0119438 0.027149 -0.00635846
 2.30818e-05 -0.0230377 0.00142396 0.000513898
 -0.000169588 -0.0360229 -0.00682143 0.00359321
 -0.000158235 -0.0383369 -0.00731249 0.00413357
 -7.33468e-05 -0.0240771 -0.0057638 0.00297253
 -3.43592e-05 -0.0130844 -0.00499786 0.0021656
 7.98697e-06 -0.0236909 0.00113556 0.000736778
 0.000596343 0.0300894 0.044789 -0.0105759
 0.000548549 0.0312226 0.0442017 -0.0119783
 3.89059e-05 -0.0163842 0.019388 -0.0046484
 -0.00016645 -0.0527237 -0.00301522 0.00337111
 -0.000122555 -0.0718766 -0.00645632 0.00595847
 1.59207e-05 -0.060703 -0.0042332 0.00486284
 0.000158118 -0.0480011 -0.00169643 0.00334991
 0.000190043 -0.0456974 0.00500097 0.000814114
 0.000234115 0.00587661 0.0394436 -0.0108608
 -7.44992e-05 -0.000778713 0.032643 -0.00999886
 -0.000320721 -0.0395682 0.0122474 -0.00235679
 -0.000288967 -0.068804 0.00497259 0.00207897
 -4.83959e-07 -0.095256 0.00792029 0.00332443
 0.000430472 -0.108417 0.0164863 0.00154993
 0.000486033 -0.0914823 0.0226904 -0.00216794
 -0.000400352 -0.0113899 0.0302118 -0.00985738
 -0.000834369 -0.030773 0.0216481 -0.0065447
 -0.000792506 -0.0539344 0.0168772 -0.00322974
 -0.000598987 -0.0711347 0.0172147 -0.00187759
 0.00018427 -0.128534 0.0349907 -0.00325952
 0.000212061 -0.132167 0.0503643 -0.00902155
 -0.00128966 -0.0466412 0.0224667 -0.00598307
 -0.00143371 -0.0457166 0.0209506 -0.00558862
 -0.00126832 -0.0682759 0.0272154 -0.00573674
 -0.00103963 -0.0889962 0.0366359 -0.00726208
 -0.000853193 -0.141942 0.0714302 -0.0158865
 -0.00146697 -0.0735533 0.0302576 -0.00639573
 -0.00166119 -0.0690326 0.0312512 -0.00712527
 -0.00163201 -0.0784587 0.0384904 -0.00891272
 -0.00149039 -0.133285 0.0769804 -0.0188744
 -0.00199323 -0.0785241 0.0403103 -0.00971004
 -0.00208037 -0.0934857 0.0533469 -0.0132748
 -0.00234015 -0.126057 0.0818235 -0.0215634
 -0.00253306 -0.12226 0.0795486 -0.020936
 -0.00393597 -0.139163 0.103058 -0.0291407
 -0.00625689 -0.142922 0.117124 -0.034971

Fourier series term #5
 1.22813e-06 0.000166137 7.48848e-05 -7.45964e-06
 -3.91272e-06 -0.000428294 -0.000238721 2.68174e-05
 7.61803e-06 0.000732294 0.000460293 -6.17152e-05
 -3.90074e-06 -0.000278436 -0.000213738 3.34444e-05
 -2.09357e-05 -0.00177364 -0.00123029 0.000225172
 3.6829e-05 0.00307132 0.00203261 -0.00045277
 -1.17164e-05 -0.00116796 -0.000597775 0.000173131
 -1.67993e-05 -0.00311524 -0.00116698 0.000425025
 8.28133e-06 0.00173177 0.000265292 -0.00015579
 3.68122e-06 0.00535793 0.000157571 -0.000302376
 -1.94279e-06 0.00347362 -0.000523233 6.70253e-06
 1.24343e-06 -0.00221806 0.00087833 -0.000194162
 -9.09647e-05 -0.0117131 -0.00599937 0.0007892
 -7.26547e-05 -0.0047055 -0.00413861 0.000598004
 9.0611e-05 0.0101748 0.00621834 -0.00106709
 5.02065e-05 0.00234157 0.00251164 -0.000488361
 -2.17464e-05 -0.00258746 -0.00123641 0.000327482
 -9.60728e-06 -0.00112443 -4.7166e-05 7.87659e-05
 1.57615e-05 0.00122391 0.000307074 -0.000141097
 7.22792e-06 -0.000199842 -0.000385108 0.000110579
 2.42801e-06 -0.00106494 -0.000122222 9.10479e-05
 -6.73092e-06 -0.000186656 0.000392947 -0.000111551
 -5.00678e-06 0.00120299 -0.000100504 -1.86344e-05
 -3.39827e-05 -0.00142158 -0.00169617 0.000276198
 0.000226204 0.0249707 0.0161496 -0.00321367
 0.000228395 0.0228478 0.0177709 -0.00384719
 0.000119423 0.00615106 0.00801939 -0.00184045
 -1.14781e-05 -0.00913659 -0.00155683 0.000842172
 1.89887e-05 -0.00301334 0.00131969 -0.000163959
 3.28136e-05 0.00186149 0.00172374 -0.000594296
 3.34993e-05 0.00458055 0.000497955 -0.0004194
 5.60939e-05 0.00162016 -0.000712138 0.00015996
 8.79946e-05 -0.00535928 0.00116118 -5.91902e-05
 0.000195637 0.0191685 0.0151074 -0.00309175
 0.000364979 0.0346628 0.0267761 -0.00621251
 0.000353524 0.0276397 0.0254403 -0.00652265
 8.51629e-05 -0.00499561 0.00792227 -0.00160552
 6.86703e-05 -0.0101372 0.00130496 0.000245197
 7.26031e-05 -0.00974522 0.000903524 0.00036086
 4.55998e-05 -0.00305703 0.00266441 -0.000607479
 2.28207e-05 -0.00245004 0.00263909 -0.000667746
 8.06449e-05 -0.00999109 0.00389315 -0.000699769
 0.000369247 0.0310221 0.0292027 -0.00721007
 0.000423873 0.0398085 0.0371821 -0.0103083
 0.00032728 0.0275969 0.0290216 -0.00895093
 9.90263e-05 -0.0135385 0.0115528 -0.00250816
 0.000129872 -0.0264746 0.0066855 -0.000331085
 0.000136465 -0.0247411 0.00776139 -0.000799678
 0.000112901 -0.0247673 0.0104364 -0.00179441
 0.000130075 -0.0231135 0.0108438 -0.00224186
 0.000439981 0.0409021 0.0406864 -0.012367
 0.000272057 0.0449497 0.0422146 -0.0144272
 -1.02583e-06 0.00888921 0.0289842 -0.00953621
 -6.1745e-05 -0.0130559 0.0236782 -0.00683465
 4.33154e-05 -0.031882 0.019597 -0.00436299
 0.000255314 -0.0542222 0.024912 -0.00468197
 1.73249e-05 -0.049914 0.0283841 -0.00670975
 3.33364e-06 0.0383212 0.0459853 -0.0164649
 -0.000321822 0.0332796 0.0369768 -0.0147707
 -0.000648059 0.028064 0.0340313 -0.0141501
 -0.000659618 -0.00769917 0.0318715 -0.0110053
 -0.000501965 -0.0418154 0.0367316 -0.0102518
 -0.000598856 -0.0525197 0.040785 -0.0112731
 -0.00115514 0.0372188 0.0399144 -0.0176238
 -0.0014675 0.0304245 0.0354795 -0.0160748
 -0.0017594 0.0277091 0.0275886 -0.0134509
 -0.00191976 0.013273 0.0250127 -0.0114926
 -0.00185238 -0.024131 0.0371993 -0.0128907
 -0.00182484 0.0215409 0.0344775 -0.0155624
 -0.00233497 0.0322676 0.0244642 -0.0132743
 -0.00279146 0.032917 0.0159289 -0.0102927
 -0.00267648 0.013051 0.0153561 -0.0080761
 -0.00293434 0.0261592 0.0237111 -0.012836
 -0.00341565 0.0477922 0.00248304 -0.00679469
 -0.00325944 0.0349578 -0.00108392 -0.0038552
 -0.00388104 0.0411522 -0.00100039 -0.00482185
 -0.00361723 0.0348407 -0.00661625 -0.00163055
 -0.0040021 0.0195056 -0.000689436 -0.00239158


