**************************************************************
***  MERIS LUT-169: Fourier series terms (s0,..,s5)[TERM]] ***
***                 of polynomial coefficients (k0,..,k3)  ***
***                 for each of 81 aerosol models [IAER],  ***
***                 & for each of 78 geometries [SVZA]     ***
***  - - - - - - - - - - - - - - - - - - - - - - - - - - - ***
***  => useful for multiplicative aer.scat.fct. retrieval  ***
**************************************************************

12 Gaussian angles (deg): SZA/VZA
------------------------         

 2.84 17.64 28.77 36.19 43.61 51.03 58.46 65.88 69.59 73.30 77.01 80.72

Coefficients: [SVZA x (k0,k1,k2,k3)]
------------                        

 Aerosol model #43
 - - - - - - -  

Fourier series term #0
 1.01687 1.32863 0.618903 -0.0945544
 1.01812 1.41841 0.671322 -0.11069
 1.02122 1.65561 0.789004 -0.147127
 1.02422 1.90329 0.88896 -0.185076
 1.02711 2.18572 0.9575 -0.227998
 1.02926 2.50602 0.950129 -0.267488
 1.02944 2.86597 0.796028 -0.2837
 1.02553 3.25426 0.384428 -0.232946
 1.02159 3.44698 0.0350151 -0.157776
 1.01745 3.61958 -0.431543 -0.0313863
 1.01752 3.72723 -0.997612 0.153292
 1.03426 3.64695 -1.53285 0.364517
 1.0209 1.56578 0.758629 -0.137943
 1.02466 1.7949 0.861827 -0.176549
 1.02789 1.99787 0.925765 -0.211243
 1.03166 2.2615 0.96675 -0.251906
 1.03519 2.57065 0.936867 -0.288807
 1.03701 2.90786 0.766663 -0.301356
 1.03498 3.25885 0.358947 -0.249013
 1.03209 3.43128 0.0240192 -0.175876
 1.02899 3.58587 -0.419156 -0.0543908
 1.02988 3.68097 -0.95636 0.122839
 1.04667 3.59904 -1.46734 0.327025
 1.03189 1.97928 0.976588 -0.237555
 1.03555 2.17481 1.01012 -0.272268
 1.03931 2.39803 0.999487 -0.306646
 1.04279 2.6645 0.920414 -0.334672
 1.04471 2.96643 0.719775 -0.339008
 1.04297 3.28113 0.308864 -0.281601
 1.04036 3.4358 -0.0143562 -0.208728
 1.03766 3.57522 -0.43658 -0.0903187
 1.03893 3.6609 -0.946428 0.0811347
 1.05568 3.58076 -1.43287 0.27948
 1.03361 2.39378 0.910471 -0.258102
 1.03626 2.616 0.848143 -0.278278
 1.03806 2.8539 0.708222 -0.286077
 1.03808 3.12537 0.455881 -0.268339
 1.03455 3.42547 0.0140562 -0.191357
 1.03118 3.57783 -0.316581 -0.110309
 1.02792 3.71686 -0.740438 0.0145217
 1.02897 3.80428 -1.2455 0.189669
 1.046 3.7275 -1.72073 0.388095
 1.03684 2.79255 0.759117 -0.294608
 1.03735 3.01374 0.583865 -0.290098
 1.03582 3.24578 0.298848 -0.256589
 1.0311 3.51137 -0.158486 -0.165566
 1.02754 3.65476 -0.487733 -0.079875
 1.02449 3.78909 -0.903265 0.0471243
 1.0263 3.87314 -1.3922 0.221083
 1.04465 3.79363 -1.84411 0.414436
 1.03681 3.194 0.371936 -0.269212
 1.03443 3.4127 0.0651408 -0.221804
 1.02903 3.64705 -0.40811 -0.114765
 1.02546 3.77494 -0.73835 -0.0223282
 1.02286 3.89834 -1.14764 0.108849
 1.02573 3.97522 -1.6212 0.282998
 1.04577 3.89042 -2.04855 0.471722
 1.03122 3.59739 -0.264146 -0.156512
 1.02563 3.83245 -0.751194 -0.033683
 1.02245 3.95037 -1.0835 0.0666423
 1.02092 4.05529 -1.48542 0.203279
 1.02587 4.11027 -1.93684 0.377166
 1.04901 4.00195 -2.32461 0.557464
 1.02089 4.03921 -1.24661 0.107708
 1.01898 4.15738 -1.57838 0.215595
 1.01984 4.25612 -1.96865 0.356275
 1.02882 4.28196 -2.38373 0.525966
 1.05743 4.12357 -2.70136 0.688412
 1.01836 4.2577 -1.90213 0.326523
 1.02147 4.34412 -2.27509 0.465842
 1.03356 4.35701 -2.66216 0.629354
 1.06641 4.16793 -2.92733 0.77597
 1.02773 4.39803 -2.61272 0.598358
 1.0442 4.3795 -2.94913 0.747713
 1.08229 4.15602 -3.14477 0.870881
 1.06624 4.30292 -3.20146 0.870666
 1.11039 4.02576 -3.29388 0.956355
 1.15943 3.67441 -3.24659 0.988463

Fourier series term #1
 -0.000255588 -0.0192324 -0.00935264 0.00142879
 -0.000167248 -0.00763101 -0.00549495 0.000914323
 -0.000538124 -0.0322644 -0.0171501 0.00325139
 -0.000594744 -0.0336861 -0.0155641 0.00339946
 -0.000635234 -0.033916 -0.0104822 0.00290676
 -0.000678195 -0.0337234 -0.00179497 0.00149594
 -0.000723839 -0.0307618 0.0107552 -0.00134542
 -0.000818477 -0.0220791 0.0246642 -0.00564123
 -0.000937169 -0.0144911 0.0298379 -0.00785254
 -0.00115248 -0.00415466 0.0316002 -0.00939807
 -0.00149184 0.00905685 0.0276708 -0.00931046
 -0.00186531 0.0241594 0.016442 -0.0065677
 -0.001676 -0.0928062 -0.0534558 0.00966818
 -0.00294344 -0.160011 -0.0794303 0.0166101
 -0.00371407 -0.19744 -0.0793131 0.0192723
 -0.00415852 -0.210249 -0.050753 0.0163375
 -0.00437138 -0.204969 0.00435349 0.00620381
 -0.00444484 -0.179969 0.0796004 -0.0124406
 -0.0046541 -0.122327 0.157256 -0.0383646
 -0.00509716 -0.0766292 0.184405 -0.0511658
 -0.00604259 -0.0169239 0.191955 -0.0598802
 -0.00763523 0.0577855 0.167763 -0.0592016
 -0.00936453 0.142846 0.102891 -0.0434131
 -0.00507572 -0.23687 -0.0999481 0.0260851
 -0.0061132 -0.278155 -0.082231 0.0262071
 -0.00699722 -0.31197 -0.0377213 0.0202474
 -0.00731975 -0.309901 0.0449321 0.00232581
 -0.00712047 -0.261252 0.155708 -0.0294868
 -0.00703945 -0.162734 0.260489 -0.0699186
 -0.00748335 -0.0907925 0.292404 -0.0885032
 -0.00862702 -0.000852703 0.29485 -0.100217
 -0.0106179 0.108001 0.252046 -0.0977347
 -0.0126145 0.229022 0.153225 -0.0734885
 -0.00683973 -0.331052 -0.0429791 0.0196041
 -0.00776644 -0.352532 0.0201968 0.00823834
 -0.00847417 -0.34745 0.108376 -0.0124686
 -0.00887304 -0.285474 0.214675 -0.0450427
 -0.00964776 -0.154821 0.303232 -0.0833876
 -0.0107051 -0.0624229 0.319896 -0.0985649
 -0.012592 0.049591 0.30095 -0.104411
 -0.0153442 0.181261 0.230449 -0.0931307
 -0.0177243 0.323503 0.0998578 -0.0575451
 -0.00880329 -0.368186 0.0924561 -0.00744195
 -0.00962941 -0.340172 0.187283 -0.0339255
 -0.0105372 -0.269325 0.282413 -0.0676298
 -0.0120852 -0.126017 0.347996 -0.103174
 -0.0135912 -0.0223304 0.349166 -0.115278
 -0.0159067 0.10382 0.311366 -0.11641
 -0.0189064 0.249857 0.219129 -0.0985614
 -0.0209607 0.402341 0.0676588 -0.0555436
 -0.0108977 -0.298453 0.26933 -0.0610221
 -0.0122366 -0.201823 0.342801 -0.0935199
 -0.0145508 -0.0519966 0.369806 -0.120297
 -0.0164565 0.0536321 0.34813 -0.125684
 -0.0190736 0.183698 0.286494 -0.118926
 -0.0220757 0.335389 0.17061 -0.092363
 -0.0234402 0.490766 -0.000172259 -0.0411724
 -0.0142418 -0.0958867 0.379001 -0.118507
 -0.017384 0.07424 0.356948 -0.132436
 -0.0196757 0.180405 0.30717 -0.128237
 -0.0224557 0.304449 0.218586 -0.110683
 -0.0251144 0.446395 0.0808298 -0.0738215
 -0.0252142 0.587672 -0.101117 -0.0153824
 -0.0212101 0.243405 0.277326 -0.126556
 -0.0237446 0.353978 0.196191 -0.110408
 -0.0263413 0.476963 0.0782214 -0.0800923
 -0.0278814 0.602008 -0.0780206 -0.0322493
 -0.0257888 0.70842 -0.256888 0.0307467
 -0.0261766 0.457 0.100961 -0.0872801
 -0.0282487 0.57473 -0.0284625 -0.050754
 -0.0289022 0.691575 -0.191016 0.00193824
 -0.0249974 0.777245 -0.361708 0.0651942
 -0.0294409 0.674493 -0.16079 -0.00976943
 -0.0286041 0.774525 -0.320622 0.0451647
 -0.0224011 0.837079 -0.475861 0.105911
 -0.0255233 0.841299 -0.460548 0.0970274
 -0.016505 0.869225 -0.584036 0.149283
 -0.00450883 0.846525 -0.652574 0.184196

Fourier series term #2
 -3.96832e-05 -0.003132 -0.00145859 0.00022284
 2.32907e-05 0.00177562 0.000813567 -0.000135441
 -5.17662e-07 -0.000232908 -0.000246754 3.97744e-05
 -7.98441e-06 -0.000877267 -0.000724071 0.000137134
 -9.96598e-09 -0.00037936 -0.000700059 0.000140365
 2.82659e-06 -0.000433161 -0.000923266 0.000210194
 2.43453e-06 -0.00105452 -0.00119185 0.000327265
 1.50259e-05 -0.000766575 -0.000938599 0.000296662
 1.96973e-05 -0.000896143 -0.000744108 0.000265539
 2.16903e-05 -0.00145818 -0.000389412 0.000196474
 1.98626e-05 -0.00201015 0.000186136 3.93005e-05
 5.68075e-06 -0.00194327 0.000671059 -0.000141575
 0.000196597 0.0125117 0.00444092 -0.000869981
 0.00010259 0.0023014 -0.00569027 0.000893697
 -9.62057e-05 -0.0155548 -0.0203718 0.00404435
 -0.000113413 -0.0214659 -0.030495 0.00674309
 -1.65537e-05 -0.0230031 -0.0374111 0.00927336
 0.00010911 -0.0300801 -0.041194 0.0118165
 0.000322292 -0.0427877 -0.0354334 0.0124172
 0.000480891 -0.0497956 -0.0266816 0.0109191
 0.000638823 -0.0559519 -0.0135314 0.00764115
 0.000672912 -0.059536 0.00278623 0.0025605
 0.000291778 -0.0572973 0.0177985 -0.00312504
 -1.47441e-05 -0.00980679 -0.0272499 0.00549199
 -0.000102398 -0.0203759 -0.0480488 0.0106653
 -0.000336227 -0.0446922 -0.0766006 0.0191315
 -0.00041503 -0.0676852 -0.0985567 0.0278065
 -0.000210993 -0.0891303 -0.104009 0.0338259
 0.000307864 -0.115986 -0.0845711 0.0336864
 0.000694444 -0.13046 -0.0620636 0.0293246
 0.0010808 -0.143273 -0.0302955 0.0209386
 0.0011869 -0.150732 0.00812797 0.00848065
 0.000333478 -0.14538 0.0435432 -0.00545044
 1.32318e-06 -0.0418821 -0.0746556 0.0171838
 2.86873e-05 -0.0675953 -0.10406 0.026616
 6.1702e-05 -0.111967 -0.129645 0.0378091
 0.000455108 -0.157372 -0.131528 0.045031
 0.00138804 -0.198703 -0.0956436 0.0419164
 0.00202194 -0.217766 -0.0607468 0.0342659
 0.00260583 -0.233992 -0.014408 0.0213483
 0.00271124 -0.242635 0.039684 0.00324972
 0.00133788 -0.233065 0.0880091 -0.0162851
 0.000196331 -0.108604 -0.13985 0.0399532
 0.000545364 -0.159164 -0.160094 0.0517498
 0.00119794 -0.22892 -0.155066 0.0595548
 0.00251786 -0.293154 -0.102855 0.0535392
 0.00337334 -0.318999 -0.0553514 0.0422911
 0.00410755 -0.338833 0.00584506 0.0243119
 0.00413319 -0.348076 0.0755785 5.1383e-05
 0.00212572 -0.333628 0.136624 -0.0255699
 0.00109839 -0.229867 -0.172907 0.06383
 0.00217743 -0.305678 -0.151413 0.0680269
 0.00386813 -0.393433 -0.0811248 0.0576661
 0.00489715 -0.431924 -0.0217251 0.042863
 0.00572978 -0.460635 0.0533905 0.0199373
 0.00560035 -0.473015 0.137424 -0.0103437
 0.00283263 -0.453936 0.209073 -0.0416788
 0.00368418 -0.400931 -0.112466 0.0679058
 0.00581353 -0.493204 -0.0216578 0.0499721
 0.00694214 -0.54147 0.0483682 0.0311901
 0.00771764 -0.583488 0.135498 0.00371395
 0.00720849 -0.605882 0.231655 -0.0317584
 0.00337927 -0.587597 0.311187 -0.0676985
 0.00812814 -0.60523 0.0891963 0.0242695
 0.00917486 -0.653938 0.167053 0.00111046
 0.00953226 -0.69538 0.259168 -0.0300607
 0.00821197 -0.723241 0.359671 -0.0685237
 0.00285471 -0.709206 0.440196 -0.106105
 0.00996252 -0.709611 0.249088 -0.0240061
 0.00991275 -0.750653 0.341336 -0.0562773
 0.00787366 -0.77289 0.437175 -0.0944025
 0.00147809 -0.753629 0.509579 -0.129892
 0.00920881 -0.797295 0.434028 -0.0891525
 0.00617319 -0.813206 0.521017 -0.125136
 -0.0014855 -0.782959 0.578055 -0.156016
 0.00184725 -0.829456 0.599455 -0.158165
 -0.00735991 -0.787791 0.635245 -0.181544
 -0.0179893 -0.740948 0.650185 -0.196179

Fourier series term #3
 -1.12526e-06 -9.10898e-05 -4.15915e-05 6.30293e-06
 4.30055e-06 0.000341682 0.000161007 -2.65598e-05
 -8.70959e-07 -6.83589e-05 -2.80706e-05 5.34164e-06
 1.12717e-07 7.91864e-06 9.08322e-06 -1.80999e-06
 2.43173e-06 0.000202029 9.31253e-05 -2.21353e-05
 -4.22929e-06 -0.000346928 -0.00013112 3.66025e-05
 1.20704e-06 0.00013571 3.23074e-05 -1.27408e-05
 2.37159e-06 0.000324819 2.34272e-05 -1.97197e-05
 -1.22699e-06 -0.00018924 -2.24381e-05 1.40683e-05
 -2.45136e-06 -0.000548895 4.08607e-05 1.18026e-05
 -1.0364e-06 -0.000335856 6.5541e-05 -6.45959e-06
 3.0825e-06 0.000230363 -0.000116297 2.90531e-05
 2.44384e-05 0.0019037 0.00114143 -0.000202167
 0.000148109 0.0111576 0.00614815 -0.00123721
 1.07847e-05 0.000850653 0.00142988 -0.000305071
 -5.17814e-05 -0.00330677 -0.000713559 0.000176914
 -3.73396e-05 -0.00151647 -0.000732128 0.000136861
 -7.48602e-06 0.000944451 -0.0016031 0.00027856
 2.89867e-05 0.00200515 -0.00387739 0.000921966
 5.65802e-05 0.00148472 -0.00506411 0.00137296
 0.000102297 0.000409608 -0.00571508 0.00173298
 0.000170818 -0.00101281 -0.00542011 0.00181718
 0.000245121 -0.00259208 -0.00399008 0.00148028
 0.000157706 0.0102072 0.00748776 -0.00174652
 0.000149989 0.0105775 0.00793012 -0.00205609
 -2.57639e-05 0.000507818 0.00156089 -0.000567526
 -0.000108004 -0.00309299 -0.00447831 0.000958264
 -5.15211e-05 0.00112777 -0.0101718 0.0024427
 7.53192e-05 0.00381977 -0.017856 0.00499086
 0.000185889 0.00289435 -0.0213115 0.00649062
 0.000355478 1.29818e-05 -0.0229705 0.00765074
 0.000593933 -0.00481721 -0.0213656 0.00784045
 0.000841184 -0.0107144 -0.0156988 0.00648413
 6.38927e-05 0.00825983 0.00588006 -0.00169371
 6.54448e-05 0.0107868 0.00315853 -0.00143402
 -2.99722e-05 0.00290575 -0.0080036 0.00138934
 2.21393e-05 -0.000476874 -0.0207898 0.00520494
 0.000321949 -0.000155651 -0.0320983 0.00933966
 0.00058426 -0.0025573 -0.0357145 0.0112317
 0.000950771 -0.00802781 -0.0358425 0.0122878
 0.00142834 -0.0157013 -0.0307955 0.0116419
 0.00188975 -0.0247281 -0.0198257 0.00862264
 5.6075e-05 0.0114074 -0.00396158 -4.09634e-07
 0.000133348 0.0141609 -0.0162568 0.00305621
 0.000265909 0.00339685 -0.0362228 0.00970215
 0.000754765 -0.00923918 -0.0518863 0.016597
 0.00121237 -0.0154959 -0.0547655 0.0189124
 0.00182983 -0.0234101 -0.0522017 0.0195922
 0.00257352 -0.0338066 -0.0423991 0.0176987
 0.00322428 -0.0451184 -0.0251391 0.0125849
 0.000312662 0.0128276 -0.0340611 0.00830335
 0.000717569 0.00808282 -0.0547314 0.0156881
 0.00151263 -0.0177403 -0.0709198 0.0244283
 0.00220124 -0.0332301 -0.0712874 0.0269305
 0.00310988 -0.0486194 -0.0636662 0.0266872
 0.00414474 -0.0637457 -0.0467054 0.0226724
 0.0049513 -0.0767953 -0.0217301 0.0146736
 0.00142656 -0.00583232 -0.0755504 0.0246776
 0.00276694 -0.0270641 -0.0858081 0.0320793
 0.00375478 -0.0484717 -0.081487 0.0336905
 0.00497937 -0.0742343 -0.0665109 0.0317395
 0.00628566 -0.099184 -0.0400026 0.024884
 0.00713547 -0.117615 -0.00550744 0.0133269
 0.00469232 -0.0598182 -0.0849736 0.0371173
 0.0060432 -0.0773401 -0.0744721 0.036203
 0.00755597 -0.100034 -0.0534453 0.0315217
 0.00896357 -0.128897 -0.0192049 0.0216665
 0.0097004 -0.153986 0.0242038 0.00662862
 0.00752553 -0.10113 -0.0582248 0.0335496
 0.00908621 -0.122006 -0.0342368 0.0273177
 0.0104873 -0.144744 0.000462597 0.0162983
 0.0109376 -0.16678 0.0436577 0.000700137
 0.0106208 -0.147235 -0.00500056 0.0190965
 0.0118101 -0.16553 0.0296955 0.00723347
 0.0118815 -0.177697 0.0673071 -0.00752778
 0.0125582 -0.185018 0.0661473 -0.00569425
 0.0120341 -0.187664 0.0957636 -0.0184593
 0.0106634 -0.18659 0.119012 -0.029126

Fourier series term #4
 1.34748e-06 0.000105968 4.93808e-05 -7.54812e-06
 1.21301e-06 9.50939e-05 4.47363e-05 -7.3859e-06
 -4.39911e-07 -3.43649e-05 -1.65143e-05 3.12836e-06
 2.0235e-06 0.000155939 7.35186e-05 -1.52996e-05
 -1.51579e-06 -0.000125757 -5.49505e-05 1.31409e-05
 -5.50662e-07 -6.40206e-05 -2.45431e-05 6.80074e-06
 2.9677e-06 0.00026191 7.49303e-05 -2.64829e-05
 -1.4862e-06 -0.000248869 -2.70869e-05 1.721e-05
 -1.28487e-06 -0.000320649 -3.36006e-06 1.46239e-05
 7.55924e-07 -4.55258e-05 4.05167e-06 7.19599e-07
 2.54645e-06 0.000299462 -7.96114e-05 1.20849e-05
 4.22234e-06 0.000321286 -0.000131712 3.0949e-05
 -8.58884e-05 -0.00654721 -0.003163 0.000574921
 8.75379e-05 0.00672602 0.00327962 -0.000665851
 3.88722e-05 0.00281069 0.00152342 -0.000334952
 -1.12284e-05 -0.000963334 -0.000152269 5.58817e-05
 -1.36024e-05 -0.000997974 -4.47196e-06 3.17526e-05
 -1.14894e-05 -0.000489279 0.000409389 -8.72238e-05
 -1.44381e-05 -6.65966e-05 0.00058907 -0.000171182
 -1.59524e-05 0.000216404 0.000498173 -0.000169463
 -1.68625e-05 0.000489754 0.00027067 -0.000121306
 -1.5466e-05 0.000648806 -3.33912e-05 -3.18061e-05
 -7.51602e-06 0.000574847 -0.000267344 5.82981e-05
 0.000113896 0.0073095 0.00419787 -0.000980657
 0.000177653 0.0114325 0.00670902 -0.00170172
 5.5118e-05 0.00331685 0.00346033 -0.000885261
 -5.9499e-05 -0.0036764 0.00127466 -0.000181517
 -7.75624e-05 -0.00334812 0.00233159 -0.000515399
 -7.74717e-05 -0.000217002 0.00311062 -0.000995355
 -8.6902e-05 0.00122564 0.00262266 -0.0009851
 -9.76334e-05 0.00233637 0.00149947 -0.000727446
 -9.48725e-05 0.00292157 -1.37596e-05 -0.000251614
 -5.42716e-05 0.00271525 -0.00130681 0.000258521
 0.000108607 0.00866678 0.00593804 -0.00146902
 9.84922e-05 0.00954807 0.00778563 -0.00206923
 -4.90219e-05 0.000109139 0.0058412 -0.00149412
 -0.00015932 -0.00473345 0.00536056 -0.00135321
 -0.000209589 -0.00111396 0.00544611 -0.00174128
 -0.000233116 0.00157052 0.00427232 -0.00161568
 -0.000246325 0.00436722 0.00202431 -0.00110594
 -0.00023168 0.00600632 -0.000792718 -0.000240392
 -0.000147076 0.00535443 -0.00284363 0.000601958
 1.51949e-05 0.00639441 0.00941771 -0.00259421
 -4.81611e-05 0.0085375 0.0124043 -0.00378299
 -0.00024323 0.000955407 0.010861 -0.00341063
 -0.000390946 -0.000503223 0.00818978 -0.00286016
 -0.000441917 0.001683 0.00599656 -0.00240386
 -0.000466456 0.00513988 0.00267099 -0.00157076
 -0.000439421 0.00756377 -0.00132113 -0.000309146
 -0.000304428 0.00745706 -0.00436964 0.000923984
 -0.000193063 0.00819351 0.0150049 -0.00492076
 -0.000356722 0.0138359 0.0155995 -0.00597061
 -0.00061062 0.00848667 0.0101806 -0.00443863
 -0.000706648 0.00634537 0.00664092 -0.00324641
 -0.000754792 0.00602235 0.00272228 -0.00189924
 -0.000720985 0.00691407 -0.00152359 -0.000368818
 -0.000548455 0.00712588 -0.00497598 0.00105707
 -0.00062488 0.0174261 0.0142842 -0.00636841
 -0.000924162 0.0245845 0.0079518 -0.00531729
 -0.00106224 0.0214129 0.00327005 -0.00357641
 -0.00113207 0.015551 -0.000642323 -0.00170748
 -0.00109678 0.00986085 -0.00348833 -3.90262e-05
 -0.000918284 0.00536038 -0.00474992 0.0010231
 -0.00131156 0.0277164 0.00116611 -0.00356976
 -0.00147864 0.0316302 -0.00443872 -0.00194295
 -0.00155345 0.0310947 -0.00942313 -2.22323e-05
 -0.00155113 0.0237291 -0.0117746 0.00179824
 -0.0013539 0.0113686 -0.00858673 0.00192816
 -0.00164205 0.0299158 -0.00775899 -0.000597781
 -0.00175428 0.0321556 -0.013201 0.00134234
 -0.00173111 0.0297514 -0.0167472 0.00316154
 -0.00154998 0.0184481 -0.0137128 0.00332252
 -0.00187274 0.0289163 -0.0151049 0.00248314
 -0.00187204 0.0286391 -0.0184943 0.00404092
 -0.00168685 0.0233967 -0.0182115 0.0047165
 -0.00196378 0.0233227 -0.0175029 0.00434813
 -0.00182804 0.0206003 -0.0173186 0.00473189
 -0.00198666 0.0143237 -0.0135029 0.0039684

Fourier series term #5
 3.71865e-07 2.7803e-05 1.31835e-05 -2.06896e-06
 -4.99981e-07 -3.82181e-05 -1.83873e-05 3.05944e-06
 6.95779e-07 5.38806e-05 2.58468e-05 -4.82935e-06
 -6.6454e-08 -5.3863e-06 -2.33063e-06 4.58642e-07
 -8.56253e-07 -6.96572e-05 -3.10439e-05 7.3911e-06
 1.21025e-06 0.000102997 3.90594e-05 -1.09872e-05
 -4.04032e-07 -3.69116e-05 -9.05855e-06 3.4059e-06
 -6.86627e-07 -9.77494e-05 -1.34157e-05 7.48814e-06
 4.71135e-07 5.75673e-05 -1.50288e-06 -2.0464e-06
 9.00298e-07 0.000167911 -1.98569e-05 -1.50364e-06
 4.82758e-07 0.000103922 -2.57844e-05 3.64868e-06
 -6.74557e-07 -6.96677e-05 3.0676e-05 -7.38998e-06
 -9.45594e-05 -0.00732555 -0.00349968 0.000636417
 2.88156e-05 0.0023069 0.00106309 -0.000217648
 2.4775e-05 0.00189252 0.000911942 -0.000205145
 2.55111e-06 0.000129802 7.47258e-05 -1.84321e-05
 -2.67406e-06 -0.000262677 -0.000104201 3.17442e-05
 -1.68194e-06 -0.000192255 -4.30146e-05 1.91913e-05
 -7.9914e-08 -7.0207e-05 2.68255e-05 -2.86556e-06
 -1.09768e-06 -0.000120079 5.98907e-05 -1.0609e-05
 -2.46718e-06 -0.000128681 0.000106334 -2.58299e-05
 -3.75924e-06 -2.78494e-05 0.000113677 -3.54967e-05
 -3.84389e-06 0.000105538 4.79933e-05 -2.12152e-05
 1.78686e-05 0.00122373 0.000618887 -0.000147473
 0.000127735 0.00847969 0.0042288 -0.0011099
 7.76472e-05 0.00496018 0.00247697 -0.000717553
 3.50423e-06 -0.000182919 4.58352e-05 1.79947e-06
 -1.76463e-05 -0.00178363 -0.000339618 0.000187383
 -1.36844e-05 -0.00140611 0.000381319 -2.55544e-05
 -1.22762e-05 -0.000946857 0.000730856 -0.000167286
 -1.52167e-05 -0.000443522 0.000912025 -0.000272633
 -2.34481e-05 -2.76965e-05 0.000869075 -0.000301999
 -3.22632e-05 0.000265199 0.000630121 -0.000247067
 8.48536e-05 0.00656611 0.00296564 -0.000792821
 0.000134841 0.0107674 0.00453685 -0.00135518
 5.49246e-05 0.00398362 0.00189996 -0.000599884
 -2.19186e-05 -0.00302419 0.000258128 9.30362e-05
 -3.48174e-05 -0.00367331 0.00125394 -0.000155106
 -4.2159e-05 -0.00289879 0.00191829 -0.000419684
 -5.83204e-05 -0.00158326 0.00226702 -0.000643767
 -8.37387e-05 -0.000292876 0.00204669 -0.000684907
 -0.000103816 0.000719379 0.00129381 -0.000502261
 9.81152e-05 0.00791605 0.00358861 -0.00115211
 0.000105019 0.00975059 0.00457266 -0.00159677
 6.37827e-06 0.000919372 0.00290601 -0.00084169
 -7.4259e-05 -0.00573095 0.00340739 -0.00069614
 -0.000100758 -0.0056998 0.00423301 -0.00100486
 -0.000137345 -0.00389145 0.00467247 -0.00133238
 -0.000187826 -0.00157057 0.0042019 -0.00139282
 -0.000224114 0.000880045 0.00262313 -0.00103001
 5.67377e-05 0.00651365 0.00473258 -0.00161113
 1.35883e-05 0.00815381 0.00654109 -0.00241756
 -0.000128909 -0.000934577 0.00688066 -0.00218895
 -0.000198279 -0.00432724 0.00742566 -0.00223767
 -0.000265554 -0.00490741 0.00764438 -0.00236888
 -0.000344174 -0.00314044 0.00688118 -0.00231827
 -0.000408584 0.000313037 0.00451496 -0.00175903
 -9.68362e-05 0.00579195 0.00850081 -0.00313161
 -0.000249382 0.0103891 0.0089919 -0.00393599
 -0.000367191 0.00760574 0.00874821 -0.00382564
 -0.000483297 0.00315087 0.00840019 -0.00345393
 -0.000589327 0.000969615 0.0076661 -0.00310754
 -0.000656174 0.00131715 0.00548528 -0.00232166
 -0.000490128 0.0115981 0.00913223 -0.00445052
 -0.000647674 0.0164102 0.0067287 -0.00416592
 -0.000793868 0.0199339 0.00304044 -0.00324579
 -0.000897568 0.0178403 0.000342971 -0.00204115
 -0.00090919 0.0127529 -0.000596859 -0.00114898
 -0.000809183 0.017075 0.00505361 -0.00376359
 -0.000964917 0.0232529 -0.000103324 -0.00248165
 -0.001048 0.0267588 -0.00583417 -0.000582217
 -0.000964523 0.023316 -0.00834772 0.000868867
 -0.00110416 0.0240168 -0.00316295 -0.00143918
 -0.00113738 0.0301761 -0.0105919 0.000923332
 -0.000929261 0.0320306 -0.0165663 0.00331596
 -0.00113386 0.030275 -0.0143067 0.00246825
 -0.000768899 0.0340565 -0.021303 0.0051054
 -0.000385609 0.0317292 -0.0231106 0.00626716


