**************************************************************
***  MERIS LUT-169: Fourier series terms (s0,..,s5)[TERM]] ***
***                 of polynomial coefficients (k0,..,k3)  ***
***                 for each of 81 aerosol models [IAER],  ***
***                 & for each of 78 geometries [SVZA]     ***
***  - - - - - - - - - - - - - - - - - - - - - - - - - - - ***
***  => useful for multiplicative aer.scat.fct. retrieval  ***
**************************************************************

12 Gaussian angles (deg): SZA/VZA
------------------------         

 2.84 17.64 28.77 36.19 43.61 51.03 58.46 65.88 69.59 73.30 77.01 80.72

Coefficients: [SVZA x (k0,k1,k2,k3)]
------------                        



 Aerosol model #7
 - - - - - - -  

Fourier series term #0
 1.00612 0.952551 0.484965 -0.0264712
 1.00816 1.09928 0.621797 -0.042036
 1.01085 1.22033 0.785294 -0.0721115
 1.01294 1.27417 0.897936 -0.1047
 1.01865 1.61714 1.25237 -0.187215
 1.02604 2.12789 1.71203 -0.32785
 1.02904 2.65373 1.96703 -0.484922
 1.02186 3.41734 1.84095 -0.603264
 1.01101 3.87824 1.44578 -0.57779
 0.99558 4.37073 0.715833 -0.433795
 0.9828 4.85627 -0.375306 -0.128491
 0.998327 5.14308 -1.65009 0.316437
 1.01004 1.12462 0.701401 -0.0595329
 1.01391 1.31017 0.92944 -0.10223
 1.01853 1.54751 1.19741 -0.161961
 1.0235 1.82129 1.48123 -0.249139
 1.02833 2.19991 1.76216 -0.37071
 1.02995 2.74707 1.93842 -0.514573
 1.02135 3.49448 1.73016 -0.604463
 1.01038 3.94145 1.3161 -0.565756
 0.995376 4.44534 0.595806 -0.416835
 0.983268 4.95138 -0.473419 -0.11199
 0.999436 5.23336 -1.72035 0.32936
 1.01892 1.55447 1.21972 -0.166312
 1.02399 1.7904 1.47563 -0.242226
 1.02941 2.08998 1.73868 -0.346406
 1.03383 2.4574 1.93745 -0.47092
 1.03443 2.92562 1.97068 -0.593996
 1.02602 3.56199 1.64011 -0.648955
 1.0166 3.98002 1.22766 -0.604195
 1.00412 4.46385 0.546918 -0.460083
 0.995306 4.93462 -0.46071 -0.167626
 1.01471 5.18691 -1.6337 0.254481
 1.02463 2.04918 1.64303 -0.305991
 1.02681 2.3678 1.81909 -0.400005
 1.0268 2.75274 1.89865 -0.500316
 1.02181 3.25926 1.80211 -0.585673
 1.00641 3.88647 1.30825 -0.578796
 0.993293 4.27823 0.809103 -0.494557
 0.977545 4.71435 0.0602001 -0.311591
 0.965781 5.20334 -0.978525 0.00492812
 0.982273 5.52944 -2.17392 0.442636
 1.03108 2.62832 1.94719 -0.500238
 1.02986 3.00386 1.9546 -0.589483
 1.02343 3.48216 1.78238 -0.65419
 1.00694 4.08919 1.23007 -0.62087
 0.993772 4.47088 0.705703 -0.521701
 0.978822 4.867 -0.0562666 -0.323819
 0.969528 5.26475 -1.07204 -0.000927661
 0.990045 5.49027 -2.19657 0.42408
 1.02606 3.35262 1.85826 -0.650543
 1.01707 3.82231 1.59022 -0.680607
 0.998331 4.41858 0.955557 -0.606769
 0.984564 4.78928 0.402064 -0.487155
 0.969756 5.20773 -0.383842 -0.27159
 0.96224 5.59412 -1.41046 0.0669625
 0.986865 5.74531 -2.50127 0.494335
 1.00506 4.24068 1.21508 -0.663567
 0.983705 4.85681 0.497384 -0.544337
 0.969357 5.219 -0.0886049 -0.400219
 0.955508 5.62379 -0.89833 -0.161129
 0.950892 6.00981 -1.93033 0.193424
 0.980825 6.16498 -3.0018 0.624743
 0.961701 5.4299 -0.282858 -0.375947
 0.947946 5.8139 -0.912042 -0.202843
 0.937663 6.13878 -1.7248 0.0616844
 0.938018 6.51333 -2.72298 0.420123
 0.978138 6.63409 -3.72439 0.840087
 0.936602 6.09418 -1.52816 -0.0163167
 0.927927 6.47352 -2.32956 0.248453
 0.933178 6.84255 -3.31251 0.61022
 0.982115 6.8294 -4.19562 1.00311
 0.922952 6.84547 -3.12406 0.520814
 0.937328 7.1152 -4.02018 0.867469
 0.997124 7.00146 -4.7598 1.21802
 0.966672 7.20461 -4.73589 1.16783
 1.04026 7.03666 -5.31582 1.46011
 1.12648 6.65465 -5.57145 1.63668

Fourier series term #1
 -0.000415226 -0.0593024 -0.0329683 0.00182955
 -0.000273106 -0.0189913 -0.0179726 0.00114322
 -0.000202116 0.00108272 -0.00907771 0.00086217
 -0.000313511 -0.00261247 -0.0151932 0.00203645
 -0.00136571 -0.0808721 -0.0833836 0.0132039
 -0.00109381 -0.0558164 -0.0592743 0.0130149
 -0.000790687 -0.0541162 -0.03575 0.0119038
 -0.000316805 -0.0552607 0.00148277 0.00535903
 -0.000120513 -0.0565587 0.0231449 -0.00036519
 -0.000105903 -0.0512231 0.0449331 -0.0078498
 -0.000552478 -0.0345571 0.0593336 -0.0148732
 -0.00166907 -0.00581644 0.0553207 -0.0168097
 -0.0011772 -0.0420215 -0.0653142 0.00535648
 -0.00266451 -0.103473 -0.14717 0.0171356
 -0.00429581 -0.179134 -0.234898 0.0346477
 -0.00568629 -0.260929 -0.305147 0.057303
 -0.00642556 -0.353905 -0.332829 0.0808208
 -0.0049536 -0.378486 -0.219631 0.0774324
 -0.00187634 -0.339704 0.0211153 0.0288888
 -0.000822429 -0.323577 0.149492 -0.00754418
 -0.000983334 -0.281755 0.270777 -0.0508013
 -0.00379456 -0.187187 0.347599 -0.0894843
 -0.0103238 -0.0287667 0.319737 -0.098583
 -0.00552918 -0.238814 -0.304491 0.0453856
 -0.00730733 -0.318986 -0.383933 0.0704623
 -0.00847884 -0.404863 -0.422689 0.0971091
 -0.00821447 -0.480083 -0.376529 0.112226
 -0.0063485 -0.563189 -0.232544 0.103323
 -0.00248329 -0.587393 0.058149 0.0392263
 -0.000590068 -0.530447 0.254669 -0.0228338
 -0.000477119 -0.422277 0.436662 -0.0943582
 -0.00409039 -0.273436 0.540391 -0.151977
 -0.01258 -0.0614269 0.501246 -0.166367
 -0.00826648 -0.423473 -0.441145 0.0955389
 -0.00856636 -0.508103 -0.43418 0.116279
 -0.00767858 -0.588364 -0.344314 0.122059
 -0.00553242 -0.63944 -0.1457 0.0955121
 -0.00307518 -0.649088 0.147409 0.0235182
 -0.00287724 -0.602056 0.319709 -0.0336311
 -0.00506129 -0.496774 0.471295 -0.0969011
 -0.0117903 -0.3085 0.545959 -0.147013
 -0.0245051 -0.000372973 0.451593 -0.146576
 -0.00878231 -0.605316 -0.397971 0.131868
 -0.00708436 -0.669879 -0.255543 0.120437
 -0.00453531 -0.705255 -0.0216124 0.0749945
 -0.00239796 -0.662798 0.29648 -0.0182702
 -0.00282667 -0.61686 0.455747 -0.0773269
 -0.00570076 -0.51203 0.582469 -0.137594
 -0.0128342 -0.326209 0.625957 -0.180446
 -0.0251733 -0.0436067 0.516268 -0.174587
 -0.00523473 -0.733142 -0.0903211 0.0937943
 -0.00315284 -0.738433 0.159866 0.0305597
 -0.00262382 -0.648988 0.45444 -0.0711346
 -0.00432267 -0.561194 0.583086 -0.128449
 -0.00873875 -0.428837 0.666358 -0.179554
 -0.0171209 -0.223933 0.65231 -0.205172
 -0.0291313 0.0505744 0.488093 -0.178295
 -0.00298207 -0.707747 0.380956 -0.0401649
 -0.00521132 -0.583985 0.611444 -0.136289
 -0.00889255 -0.461713 0.688762 -0.183374
 -0.0151722 -0.296641 0.702383 -0.21501
 -0.0248805 -0.0655687 0.621647 -0.218234
 -0.0363626 0.226772 0.390419 -0.165064
 -0.0107405 -0.413413 0.741766 -0.213907
 -0.0164423 -0.283209 0.7475 -0.238847
 -0.0242271 -0.119296 0.686344 -0.243263
 -0.0345897 0.143363 0.51544 -0.2132
 -0.0441037 0.44409 0.222026 -0.132208
 -0.0228617 -0.157601 0.71653 -0.250318
 -0.0315153 0.0471955 0.601969 -0.236994
 -0.0413955 0.278038 0.403006 -0.190502
 -0.0490911 0.568606 0.083631 -0.0952094
 -0.0403067 0.225723 0.453005 -0.205412
 -0.0491037 0.468593 0.210901 -0.13973
 -0.0527875 0.707384 -0.106699 -0.0360228
 -0.0531038 0.659805 -0.0408443 -0.0597927
 -0.0517539 0.831814 -0.324514 0.0407506
 -0.0438678 0.911648 -0.535202 0.122981

Fourier series term #2
 -7.28734e-05 -0.0113331 -0.00583972 0.000324019
 -3.84457e-05 -0.00487387 -0.00291551 0.000194925
 6.68289e-06 0.00130438 0.000861468 -0.00010387
 -3.09851e-05 -0.00205547 -0.00143697 0.000125889
 6.64021e-06 0.00144803 0.00149445 -0.000333199
 -4.11964e-05 0.00138985 -0.000165162 -0.000153937
 -0.000277554 -0.0145108 -0.0135941 0.00310329
 -6.6028e-05 0.0152416 0.00601328 -0.00223904
 -0.000127722 0.0215193 0.00561551 -0.00263974
 -0.00021366 0.00245069 -0.00255765 0.000574724
 -0.000138908 -0.0256508 -0.000736698 0.00152867
 -0.000273953 -0.0291306 0.00793286 -0.0013198
 -0.000228051 -0.027164 -0.0182718 0.00130131
 0.000497388 0.0311421 0.0277962 -0.00406983
 0.000867425 0.0601422 0.0477169 -0.00841476
 0.000329612 0.0303444 0.00603932 -0.00454852
 -0.000577391 -0.0154154 -0.0634326 0.00719168
 -0.00114159 -0.0397872 -0.116781 0.0219952
 -0.000667736 -0.0329213 -0.119148 0.0294781
 -8.99626e-05 -0.0415572 -0.112371 0.03178
 0.000797828 -0.0527757 -0.0922569 0.0298262
 0.00178285 -0.0642017 -0.0565522 0.021515
 0.00214106 -0.073076 -0.0124627 0.00786335
 0.000735135 0.0436884 0.031859 -0.00773922
 0.000537998 0.0457376 0.00768291 -0.00743133
 -9.14572e-05 0.0415976 -0.0457324 -0.00100162
 -0.0013256 0.0118621 -0.141577 0.0192761
 -0.00253065 -0.0447123 -0.255354 0.054155
 -0.00219046 -0.118494 -0.322731 0.0905148
 -0.000730704 -0.144769 -0.301678 0.0956331
 0.00152763 -0.1633 -0.239526 0.0861377
 0.00396736 -0.191827 -0.147698 0.0631317
 0.00492466 -0.213796 -0.0389231 0.0278958
 0.000178922 0.0374396 -0.0437005 -0.0029081
 -0.000634782 0.0153093 -0.132718 0.0124216
 -0.00115907 -0.00311317 -0.230319 0.0365132
 -0.00108972 -0.0558541 -0.338664 0.0748037
 0.00110284 -0.189015 -0.408687 0.118925
 0.00385016 -0.261125 -0.382782 0.126792
 0.00775583 -0.334841 -0.302157 0.116231
 0.0117259 -0.387839 -0.160354 0.0792103
 0.0126519 -0.391388 0.00206787 0.0235717
 -0.0017953 0.000804524 -0.243701 0.0377272
 -0.00224489 -0.0275948 -0.367316 0.0748979
 -0.00162371 -0.109501 -0.490426 0.126723
 0.00215187 -0.228059 -0.533503 0.170098
 0.00594843 -0.317911 -0.496 0.177619
 0.0112207 -0.434934 -0.392598 0.163603
 0.0168556 -0.555148 -0.207075 0.11561
 0.0186061 -0.623306 0.0242387 0.0371663
 -0.00202341 -0.104874 -0.513821 0.127505
 0.000374376 -0.198459 -0.61932 0.182472
 0.00661825 -0.350601 -0.624708 0.221659
 0.0119666 -0.458009 -0.554129 0.220911
 0.0187872 -0.579472 -0.412445 0.194065
 0.0257449 -0.716699 -0.186397 0.131191
 0.0279742 -0.830226 0.0967689 0.0338581
 0.00484692 -0.345488 -0.701542 0.239164
 0.014029 -0.530676 -0.645991 0.263066
 0.020984 -0.67025 -0.541213 0.252211
 0.0290805 -0.809732 -0.352509 0.208091
 0.0364495 -0.936267 -0.0845191 0.125183
 0.0382903 -1.06988 0.239355 0.00979402
 0.026709 -0.809203 -0.525429 0.268514
 0.0350388 -0.952646 -0.370566 0.237009
 0.0433068 -1.08299 -0.14096 0.1715
 0.0510317 -1.28398 0.178681 0.0702179
 0.0491795 -1.39174 0.524284 -0.0622579
 0.0429359 -1.08854 -0.199438 0.195629
 0.0517077 -1.26812 0.0494626 0.12423
 0.0587335 -1.49589 0.39669 0.011262
 0.0537544 -1.53569 0.708566 -0.118195
 0.0606422 -1.51313 0.337815 0.0401743
 0.0642459 -1.65046 0.650053 -0.0723867
 0.0554778 -1.68393 0.943635 -0.198219
 0.063007 -1.77598 0.941968 -0.18168
 0.048979 -1.79096 1.19099 -0.29259
 0.0295053 -1.79278 1.38588 -0.383374

Fourier series term #3
 4.54843e-05 0.00702318 0.00359281 -0.000195926
 3.30468e-05 0.00424362 0.00254213 -0.000174199
 -4.32995e-05 -0.00463902 -0.0031437 0.000291015
 -1.04005e-05 -0.000907301 -0.000654875 7.66768e-05
 8.45823e-05 0.00707643 0.00581213 -0.000865001
 -0.000165007 -0.0127622 -0.010645 0.00203294
 5.40064e-05 0.00557273 0.00440752 -0.00109069
 8.33345e-05 0.0154919 0.00872511 -0.00284068
 -5.71754e-05 -0.0105932 -0.00426351 0.00166298
 -4.2967e-06 -0.0315115 -0.0058273 0.0033176
 1.97324e-05 -0.0202191 0.00135044 0.000570307
 -9.61426e-05 0.0155828 -0.00441611 0.000708101
 -5.70195e-05 -0.00787526 -0.00458033 0.000424274
 -0.000423831 -0.0361773 -0.028175 0.00322558
 0.000128132 0.0105739 0.010613 -0.0010932
 0.000620438 0.041618 0.0430957 -0.00663087
 0.000234849 0.0090894 0.0180855 -0.00339217
 -0.000197647 -0.0194974 -0.00983305 0.00204119
 -0.000131304 0.00676168 -0.00198405 -0.000829943
 -0.000221782 0.0023511 -0.00862959 0.00122613
 -0.00022436 -0.00478474 -0.0127794 0.00311769
 -0.000147332 -0.0023125 -0.0125442 0.00332826
 5.78017e-06 0.00686008 -0.0140254 0.00375272
 0.000102584 0.000910291 0.00854019 -0.000582801
 0.000528014 0.0245408 0.0380697 -0.00511886
 0.000791213 0.0350256 0.0572629 -0.00983717
 0.000911016 0.0473486 0.0677318 -0.0154228
 0.000140089 0.0212634 0.0283802 -0.00972219
 -0.00092539 -0.0189601 -0.0327416 0.00645723
 -0.00108466 -0.0119768 -0.0468564 0.0110041
 -0.00102912 0.0100268 -0.0534209 0.0132013
 -0.000738429 0.015968 -0.0604066 0.0168425
 -4.50579e-05 0.00426812 -0.0567842 0.0179837
 0.000595426 0.0264998 0.0520099 -0.00794548
 0.000894716 0.0506658 0.0805922 -0.0161134
 0.000565874 0.0468225 0.0714049 -0.0184412
 -5.44339e-05 0.0515331 0.0456366 -0.0173779
 -0.000838069 0.0413425 -0.0189404 -0.00325848
 -0.000916856 0.0149237 -0.0594125 0.0101477
 -0.000310701 -0.0334069 -0.0839399 0.0225196
 0.000663348 -0.031612 -0.0839237 0.0250243
 0.00206325 -0.0126901 -0.0787815 0.0244242
 0.000859727 0.0482075 0.0857104 -0.0211921
 0.000271404 0.047319 0.069503 -0.0222569
 -0.000463844 0.0872894 0.0433239 -0.0227942
 -0.0016313 0.0827632 -0.0381484 -0.00187132
 -0.00180453 0.071635 -0.0882488 0.0148665
 -0.00113418 0.0314041 -0.129887 0.0334915
 0.000719298 -0.0160868 -0.142359 0.0445566
 0.00348162 -0.0627683 -0.117057 0.0419285
 -0.000338303 0.0785236 0.0559881 -0.0256194
 -0.00148738 0.101459 0.00353261 -0.0165431
 -0.00243465 0.109115 -0.0870915 0.00961119
 -0.0022788 0.109854 -0.138994 0.028171
 -0.00112125 0.0939428 -0.183539 0.0478657
 0.00156881 0.0443659 -0.200549 0.0621465
 0.00580636 -0.0346207 -0.166265 0.0597733
 -0.00261352 0.105861 -0.0701666 0.00272716
 -0.00303593 0.135193 -0.161162 0.03199
 -0.00208309 0.110735 -0.215084 0.0554636
 -0.000474917 0.120488 -0.245662 0.0701823
 0.00320756 0.0707356 -0.255298 0.0831431
 0.00863395 -0.010428 -0.208847 0.0771799
 -0.00203651 0.104698 -0.259258 0.0734292
 -0.000621427 0.123004 -0.289651 0.0871609
 0.00218894 0.111941 -0.306607 0.0997328
 0.00710309 0.0518325 -0.293077 0.105713
 0.0132213 -0.0123216 -0.23907 0.0948416
 0.00140937 0.111755 -0.317558 0.103326
 0.0050605 0.0914435 -0.324562 0.113252
 0.0106739 0.0410487 -0.301671 0.11445
 0.0171813 -0.0603355 -0.207422 0.0906704
 0.00971341 0.0533854 -0.315666 0.118363
 0.0157482 -0.0195368 -0.259527 0.108005
 0.0215124 -0.0959212 -0.164205 0.0798208
 0.0206 -0.0970309 -0.177797 0.0854954
 0.0258442 -0.106923 -0.11843 0.0630253
 0.0285139 -0.143722 -0.0423457 0.036734

Fourier series term #4
 1.85586e-05 0.00293473 0.0014607 -7.90631e-05
 1.68277e-05 0.00225045 0.00129796 -8.90035e-05
 -1.51115e-05 -0.0017525 -0.00114323 0.000105409
 4.14237e-05 0.00382255 0.00282021 -0.000329854
 -3.85284e-05 -0.00340251 -0.00281177 0.000422846
 -1.42842e-05 -0.00205406 -0.00160877 0.000299921
 0.000145815 0.0109895 0.00851804 -0.0020838
 -3.91685e-05 -0.0124287 -0.00688886 0.00225864
 7.68812e-06 -0.0169591 -0.00668462 0.00262135
 8.0297e-05 -0.0025052 -0.000491075 0.000249376
 3.61638e-05 0.01835 -0.000973571 -0.000648912
 0.0001247 0.0211233 -0.006135 0.00107965
 2.74445e-06 -0.000864083 4.28505e-05 6.69876e-06
 -6.02745e-05 -0.00815719 -0.00512696 0.000526271
 -0.000273695 -0.0206565 -0.0183749 0.00240533
 5.04169e-05 0.00684068 0.00430209 -0.000553875
 0.000317105 0.0225352 0.0208991 -0.00398219
 -1.28858e-05 -0.00749731 -0.0025949 0.000837118
 8.97813e-07 -0.00767479 -0.000924633 0.000728805
 2.18943e-05 -0.00565227 0.000175357 0.000281129
 2.91519e-05 -0.000694831 0.000427737 -0.00013791
 5.50223e-06 0.00565911 -0.000346542 -0.000239159
 9.2326e-07 0.00722299 -0.0015689 0.000163397
 -0.000451803 -0.0355454 -0.0309111 0.00407918
 -0.000263325 -0.0175914 -0.0171009 0.00284745
 0.000195472 0.0114484 0.012245 -0.00181199
 0.000547147 0.0290748 0.0349951 -0.00664807
 0.000549819 0.0218319 0.0354924 -0.00812165
 0.000114684 -0.0128151 0.00906467 -0.00156822
 -3.57984e-06 -0.0227863 0.00365733 0.000285962
 -4.96455e-05 -0.0142754 0.00750351 -0.00148374
 -0.000168002 -0.0066893 0.00687583 -0.0019683
 -0.00024393 -0.00366927 0.00244365 -0.000768847
 5.09942e-05 0.000905578 0.00270695 2.07611e-05
 0.000239285 0.0118076 0.0190547 -0.00239195
 0.00047779 0.023809 0.0402583 -0.00717484
 0.000592467 0.0407743 0.0586937 -0.0138824
 0.000178822 0.0137654 0.0454458 -0.0121163
 1.44287e-05 -0.0181522 0.0279646 -0.0068372
 -6.1423e-05 -0.023265 0.018078 -0.00459485
 -0.000232524 -0.0140357 0.0124608 -0.00376999
 -0.000314178 -0.0210545 0.0122894 -0.00346646
 0.00046255 0.00881655 0.0325385 -0.00496227
 0.000869406 0.0305774 0.0648437 -0.0139238
 0.000758875 0.0206434 0.0780725 -0.0189221
 0.000306277 0.0472908 0.086364 -0.0271007
 -0.000203806 0.0285755 0.0707839 -0.0234717
 -0.000694173 0.0184924 0.0495358 -0.017943
 -0.000911894 -0.00101401 0.0286406 -0.0106594
 -0.000810568 -0.0429216 0.0277032 -0.00794213
 0.000808958 0.00871495 0.0776032 -0.0174697
 0.000663861 0.0277058 0.106161 -0.0293431
 -0.00015965 0.0529472 0.113706 -0.0385318
 -0.00103756 0.0602807 0.10026 -0.0374376
 -0.00196496 0.0601255 0.0793932 -0.0327383
 -0.00260847 0.0497354 0.0460972 -0.0217582
 -0.00254228 0.0277396 0.0207499 -0.011159
 8.43136e-05 0.0354593 0.126835 -0.0403156
 -0.00150535 0.042636 0.130459 -0.0473606
 -0.00264048 0.0570313 0.116657 -0.0465651
 -0.00441672 0.107327 0.0900935 -0.0437837
 -0.0050733 0.0788738 0.0524422 -0.0288597
 -0.00593275 0.110744 0.00204697 -0.0125666
 -0.00396101 0.0624872 0.126139 -0.0524533
 -0.00586117 0.0992973 0.107624 -0.0515038
 -0.00740892 0.0958026 0.0806967 -0.0429294
 -0.00971545 0.141098 0.0289154 -0.0285731
 -0.0100554 0.133493 -0.0133055 -0.0107959
 -0.00713622 0.0765345 0.0952555 -0.0468582
 -0.0097131 0.128656 0.0587872 -0.0397319
 -0.0120307 0.167485 0.00719656 -0.0242319
 -0.0119056 0.133553 -0.0213014 -0.0085245
 -0.0121854 0.155418 0.0252798 -0.0306507
 -0.0137882 0.172316 -0.018537 -0.0150993
 -0.0134445 0.144763 -0.043879 -0.000793216
 -0.0150304 0.153172 -0.0413256 -0.00282808
 -0.0142789 0.131536 -0.0451095 -0.000305692
 -0.014967 0.130177 -0.0728989 0.0137302

Fourier series term #5
 1.53177e-06 0.000256576 0.000119382 -6.3305e-06
 -8.44054e-06 -0.00107572 -0.00064321 4.39091e-05
 1.17671e-05 0.00124965 0.000850731 -7.85802e-05
 9.49712e-08 8.04853e-05 1.9417e-05 -1.42918e-06
 -1.86705e-05 -0.00162178 -0.00127108 0.000188271
 4.87219e-05 0.00379154 0.00318338 -0.000608559
 -1.99209e-05 -0.00176983 -0.00137209 0.000347907
 -2.86008e-05 -0.00459181 -0.00268206 0.000853764
 1.36728e-05 0.0031177 0.00110476 -0.000462093
 -9.32706e-07 0.0095839 0.00176373 -0.00101107
 -1.14717e-05 0.0064841 -0.00025149 -0.000238969
 2.12373e-05 -0.00472039 0.00152599 -0.00027719
 -2.96302e-05 -0.00394388 -0.0021836 0.000192564
 7.12673e-05 0.00500923 0.00458346 -0.000487774
 -8.78404e-05 -0.00805403 -0.00620278 0.000798866
 -0.000130743 -0.00937662 -0.00883074 0.00135781
 0.000144836 0.0131839 0.0102753 -0.00200853
 -4.64169e-05 -0.00509066 -0.00276403 0.00080206
 2.59421e-05 0.00402824 0.00140831 -0.000596685
 2.81865e-06 0.000478722 -0.000441539 7.01417e-05
 5.13353e-06 -0.00624597 -0.000690012 0.000561285
 -2.29016e-06 -0.00511976 0.00169964 -0.00022215
 -4.76771e-05 0.00343243 0.000219391 -0.000205638
 -0.00010862 -0.0119205 -0.0083755 0.00104116
 -0.000306523 -0.0230731 -0.0210473 0.00310878
 -0.000359607 -0.0227627 -0.0227837 0.00417864
 0.000141155 0.0133265 0.00869978 -0.00201343
 0.000362795 0.0270718 0.0223823 -0.00592052
 5.91634e-05 -0.00486499 0.0029056 -0.000271158
 2.28299e-05 -0.0142912 -0.00250445 0.00170672
 8.334e-05 -0.00450138 0.000907434 0.000142056
 8.18266e-05 0.000924551 0.00159589 -0.000458797
 5.91751e-05 -0.00349326 0.00247935 -0.000543803
 -0.000411003 -0.0332465 -0.0306201 0.00515587
 -0.000272043 -0.0198549 -0.0213129 0.00410723
 8.10938e-05 0.0108498 0.00552509 -0.00136542
 0.000183753 0.0237886 0.0198936 -0.00480362
 0.000150318 0.0321003 0.022352 -0.00694197
 9.02584e-05 0.0123697 0.0126423 -0.00375219
 0.000112696 -0.00784696 0.00894377 -0.00184773
 0.000201377 -0.0215331 0.0100034 -0.00161919
 0.000147989 -0.0187398 0.0105655 -0.00228603
 -0.00018535 -0.0126324 -0.015038 0.00333553
 2.7896e-05 0.000472053 0.000495443 0.000430079
 0.000336937 0.0256525 0.0228465 -0.0061737
 0.00033666 0.037574 0.0365383 -0.0113751
 0.00016677 0.0450879 0.0350545 -0.0124872
 -2.36039e-05 0.0327303 0.0270104 -0.010021
 -3.30573e-05 0.00151223 0.0223701 -0.00701697
 0.000137651 -0.0279313 0.0228105 -0.00583605
 0.000194143 0.00654881 0.00889017 -0.00173936
 0.000351509 0.0156285 0.0250536 -0.00644004
 0.000371366 0.0264569 0.0429077 -0.0130801
 0.000134035 0.0427527 0.0483814 -0.0170748
 -0.000358108 0.0656788 0.0393687 -0.0169887
 -0.000581459 0.0551268 0.0262861 -0.0124866
 -0.000857257 0.0372102 0.01746 -0.00852737
 0.00039425 0.00662063 0.0378496 -0.00982021
 0.000312928 0.0197059 0.0450737 -0.0144259
 -0.00029514 0.0505345 0.0580523 -0.02223
 -0.000883147 0.056938 0.0508893 -0.0215388
 -0.0015635 0.066737 0.0347326 -0.0175464
 -0.00231502 0.104492 -0.00124076 -0.00765866
 -0.000441745 0.0348973 0.065972 -0.024695
 -0.000814032 0.0354485 0.0630208 -0.0247487
 -0.00173952 0.0579982 0.0507614 -0.0236068
 -0.0029867 0.0891002 0.0288455 -0.0192546
 -0.00350225 0.105357 -0.00114252 -0.00937075
 -0.00124704 0.031392 0.0619339 -0.0253659
 -0.002479 0.0703539 0.0455476 -0.0241663
 -0.00391733 0.0985223 0.0231697 -0.0192776
 -0.0044214 0.129321 -0.0219992 -0.00452686
 -0.00331635 0.066641 0.0405978 -0.0228218
 -0.00492442 0.134605 -0.0103788 -0.0103577
 -0.00488582 0.142333 -0.0430158 0.00221998
 -0.00631444 0.142207 -0.0451272 0.00481253
 -0.00482076 0.140961 -0.0644461 0.0120016
 -0.00384552 0.106314 -0.0532349 0.0103733
