**************************************************************
***  MERIS LUT-169: Fourier series terms (s0,..,s5)[TERM]] ***
***                 of polynomial coefficients (k0,..,k3)  ***
***                 for each of 81 aerosol models [IAER],  ***
***                 & for each of 78 geometries [SVZA]     ***
***  - - - - - - - - - - - - - - - - - - - - - - - - - - - ***
***  => useful for multiplicative aer.scat.fct. retrieval  ***
**************************************************************

12 Gaussian angles (deg): SZA/VZA
------------------------         

 2.84 17.64 28.77 36.19 43.61 51.03 58.46 65.88 69.59 73.30 77.01 80.72

Coefficients: [SVZA x (k0,k1,k2,k3)]
------------                        

 Aerosol model #59
 - - - - - - -  

Fourier series term #0
 1.00471 0.5586 0.234793 -0.0327396
 1.01014 0.989593 0.502483 -0.0750926
 1.0187 1.53717 0.884399 -0.150204
 1.02532 1.89736 1.13126 -0.216386
 1.03237 2.28913 1.34563 -0.297098
 1.03829 2.68628 1.44997 -0.37954
 1.04077 3.09428 1.35793 -0.439535
 1.0364 3.54545 0.936766 -0.423418
 1.03066 3.77264 0.527348 -0.349417
 1.02392 3.98561 -0.0532559 -0.202956
 1.02208 4.14814 -0.796608 0.0314523
 1.04261 4.11974 -1.55462 0.322293
 1.0139 1.25228 0.685166 -0.110442
 1.0201 1.66031 0.938357 -0.171246
 1.02503 2.0004 1.11527 -0.228185
 1.02968 2.37609 1.25318 -0.294543
 1.03282 2.77526 1.29377 -0.359923
 1.03211 3.19293 1.15427 -0.400896
 1.02401 3.63068 0.698212 -0.363018
 1.01653 3.86485 0.285605 -0.281677
 1.00813 4.10203 -0.291921 -0.131088
 1.00449 4.29712 -1.03339 0.106171
 1.0231 4.29822 -1.79399 0.400045
 1.02536 1.89703 1.04805 -0.217716
 1.02941 2.15983 1.12836 -0.262344
 1.03318 2.46922 1.17629 -0.31349
 1.03564 2.82628 1.15727 -0.364589
 1.03463 3.20419 0.989362 -0.392183
 1.02704 3.62173 0.550896 -0.348654
 1.02018 3.84874 0.164551 -0.269062
 1.01271 4.08238 -0.377241 -0.124096
 1.01026 4.28214 -1.0785 0.103923
 1.03 4.30149 -1.8055 0.387957
 1.03175 2.33987 1.12098 -0.291068
 1.03387 2.59294 1.09716 -0.326663
 1.03452 2.88392 1.01111 -0.358331
 1.03212 3.24556 0.816213 -0.372947
 1.02355 3.64895 0.374845 -0.319245
 1.01655 3.88237 -0.00143483 -0.237968
 1.00916 4.12137 -0.526572 -0.0936147
 1.007 4.33496 -1.20732 0.130956
 1.02699 4.3803 -1.91771 0.410653
 1.0343 2.75162 0.993372 -0.34092
 1.03335 2.98597 0.850532 -0.353267
 1.02946 3.2908 0.610543 -0.346885
 1.02012 3.69799 0.158496 -0.280236
 1.01311 3.93611 -0.21653 -0.193683
 1.00604 4.18018 -0.731207 -0.046958
 1.00455 4.402 -1.39166 0.175572
 1.02551 4.46309 -2.08023 0.45047
 1.03081 3.13736 0.649584 -0.341908
 1.02557 3.40231 0.366179 -0.313449
 1.01539 3.76583 -0.117308 -0.223307
 1.00842 4.0047 -0.494889 -0.129055
 1.002 4.26707 -1.00646 0.0224699
 1.00195 4.49737 -1.65224 0.245758
 1.02507 4.55447 -2.30918 0.514299
 1.01898 3.58257 0.0333484 -0.255246
 1.00835 3.92377 -0.488279 -0.13769
 1.00187 4.143 -0.875694 -0.0306719
 0.997061 4.37094 -1.38068 0.129528
 0.999812 4.60231 -2.00824 0.353908
 1.02707 4.66417 -2.62987 0.614676
 0.998536 4.18108 -1.0407 0.0133135
 0.993908 4.37137 -1.43709 0.135596
 0.99238 4.56482 -1.92901 0.3042
 1.00033 4.75064 -2.51288 0.524845
 1.03496 4.75172 -3.047 0.762899
 0.991653 4.50255 -1.80801 0.258448
 0.992717 4.67848 -2.28239 0.427164
 1.00492 4.83806 -2.83462 0.64247
 1.04502 4.78261 -3.29579 0.859638
 0.99754 4.81251 -2.72157 0.590684
 1.01559 4.89549 -3.19948 0.788442
 1.06264 4.77103 -3.56116 0.974243
 1.04091 4.87052 -3.5567 0.951075
 1.09623 4.65688 -3.7795 1.0888
 1.15811 4.31114 -3.79964 1.15241

Fourier series term #1
 -0.000307581 -0.0315222 -0.0158217 0.00216627
 -0.00090845 -0.0665451 -0.0434575 0.00625447
 -0.00107554 -0.0572355 -0.0422579 0.00690486
 -0.00117619 -0.054767 -0.0369183 0.00698017
 -0.00118964 -0.0503529 -0.0246963 0.00583924
 -0.00111904 -0.0456159 -0.00714622 0.00317813
 -0.000901119 -0.0337711 0.0164302 -0.0021829
 -0.000724094 -0.0177112 0.0385943 -0.00928669
 -0.000745429 -0.00821423 0.0456235 -0.0125672
 -0.000905849 0.00360299 0.0474232 -0.0147405
 -0.0012394 0.0197659 0.0411736 -0.0145657
 -0.0016084 0.037518 0.0250572 -0.0105789
 -0.00439585 -0.289761 -0.198804 0.0309743
 -0.00607045 -0.344361 -0.230203 0.0410651
 -0.00660186 -0.338503 -0.198773 0.040853
 -0.00660199 -0.309918 -0.126063 0.0326402
 -0.00624243 -0.27142 -0.0241764 0.015518
 -0.00548844 -0.199234 0.101278 -0.0142382
 -0.00520532 -0.0941397 0.21288 -0.0516974
 -0.00582146 -0.0286455 0.245267 -0.0684372
 -0.00737693 0.0517759 0.24704 -0.0783559
 -0.010075 0.151068 0.201149 -0.0736447
 -0.0129292 0.259606 0.0977145 -0.0464893
 -0.009043 -0.476732 -0.278034 0.0580162
 -0.0100566 -0.500932 -0.239751 0.0582152
 -0.0102767 -0.48484 -0.148169 0.0468083
 -0.00947379 -0.405304 -0.000235445 0.0174769
 -0.00831141 -0.294872 0.16666 -0.0264165
 -0.00774176 -0.132218 0.314198 -0.0804512
 -0.00845486 -0.0249966 0.354984 -0.104422
 -0.0104933 0.0994052 0.351055 -0.117568
 -0.0140791 0.240332 0.281613 -0.109446
 -0.0177028 0.389069 0.13565 -0.0705037
 -0.0112228 -0.562023 -0.202272 0.0583617
 -0.0114114 -0.548018 -0.102922 0.0432784
 -0.0108364 -0.479349 0.0413653 0.0120112
 -0.00976652 -0.334263 0.215715 -0.0386437
 -0.00966545 -0.140366 0.359213 -0.0964818
 -0.0108363 -0.0138493 0.395466 -0.121567
 -0.0134725 0.13235 0.381379 -0.133814
 -0.0177882 0.29726 0.295046 -0.12199
 -0.0220016 0.479324 0.121346 -0.075107
 -0.0119724 -0.563443 -0.0161283 0.0283185
 -0.011628 -0.495992 0.115665 -0.00453792
 -0.0110907 -0.36004 0.264619 -0.0528258
 -0.0116854 -0.134207 0.389455 -0.110634
 -0.0133464 0.00189581 0.412089 -0.133224
 -0.0164629 0.165148 0.381683 -0.141749
 -0.0212042 0.35967 0.272977 -0.124061
 -0.0254836 0.567006 0.0735687 -0.0687897
 -0.0118354 -0.45946 0.214122 -0.0330566
 -0.0121297 -0.334494 0.326704 -0.0759191
 -0.0137314 -0.122253 0.405527 -0.122706
 -0.0158811 0.0315456 0.405022 -0.139795
 -0.0195057 0.212689 0.351448 -0.141749
 -0.0244871 0.422608 0.218585 -0.115862
 -0.0282761 0.639999 -0.00161501 -0.0522917
 -0.013529 -0.248968 0.384694 -0.105204
 -0.0164389 -0.047995 0.404164 -0.135309
 -0.0191132 0.0958676 0.371476 -0.141152
 -0.0228888 0.263048 0.289597 -0.131406
 -0.0277088 0.482754 0.130299 -0.0951506
 -0.0303815 0.705642 -0.107814 -0.023218
 -0.0205051 0.102871 0.352431 -0.138683
 -0.0235276 0.223459 0.285401 -0.129651
 -0.0271752 0.377786 0.170458 -0.104828
 -0.0308021 0.569517 -0.0100315 -0.0555188
 -0.031079 0.762076 -0.246717 0.0212163
 -0.0262406 0.319809 0.206672 -0.113354
 -0.0293956 0.462168 0.0768339 -0.0803861
 -0.031958 0.632168 -0.108052 -0.0255937
 -0.0302795 0.801775 -0.338192 0.0523541
 -0.0317939 0.569351 -0.054061 -0.0420105
 -0.0326486 0.70848 -0.235238 0.0164233
 -0.0281102 0.842369 -0.447093 0.0923809
 -0.0307791 0.794261 -0.391247 0.0721896
 -0.022844 0.865773 -0.555695 0.136623
 -0.0111496 0.860266 -0.647687 0.179635

Fourier series term #2
 -2.33378e-05 -0.00288852 -0.0011758 0.000165619
 4.95354e-05 0.00389367 0.00223268 -0.000326429
 2.29825e-06 -5.15789e-05 -0.000416532 5.68777e-05
 -7.43254e-05 -0.00513967 -0.00394587 0.000718179
 1.19259e-05 0.00182663 -4.61377e-05 -4.74724e-05
 -1.19212e-05 0.000732383 -0.00107561 0.000190288
 -0.000146622 -0.00841499 -0.00520085 0.00155493
 1.25969e-05 0.00505119 0.000423224 -0.000344427
 1.61167e-05 0.0068067 0.000157216 -0.000385033
 -4.44585e-05 -0.000649927 -0.000711912 0.000274531
 -9.67857e-05 -0.00932222 0.00132425 9.98386e-05
 -0.000163796 -0.00925843 0.00343246 -0.000694003
 -0.000283455 -0.0439527 -0.0254767 0.00409295
 -0.000444414 -0.0567188 -0.0476947 0.00806015
 -0.000519341 -0.0562579 -0.060935 0.0110356
 -0.000546773 -0.0522605 -0.069575 0.0139508
 -0.000488149 -0.0510214 -0.0732802 0.0168206
 -0.000326074 -0.0547906 -0.0678173 0.0184968
 5.1321e-05 -0.0638515 -0.0489099 0.0168793
 0.000357731 -0.0665667 -0.0330891 0.0136598
 0.000661617 -0.0664768 -0.0135618 0.00840771
 0.000765336 -0.0632259 0.00726247 0.00154873
 0.00032436 -0.0543907 0.0234352 -0.00501596
 -0.00104523 -0.112771 -0.10781 0.0200655
 -0.00132364 -0.128012 -0.142252 0.028682
 -0.00155829 -0.141776 -0.171284 0.0383746
 -0.00153734 -0.14444 -0.178813 0.0454739
 -0.00113142 -0.15527 -0.164978 0.0492429
 -8.22281e-05 -0.165819 -0.117496 0.0436533
 0.000664545 -0.170784 -0.0792777 0.0353069
 0.0014296 -0.172064 -0.0330884 0.0225037
 0.00181868 -0.165619 0.0154834 0.00613742
 0.000996116 -0.144591 0.0537893 -0.00980619
 -0.00183065 -0.178341 -0.198896 0.0439282
 -0.00217009 -0.214525 -0.2401 0.0588809
 -0.00203814 -0.239931 -0.255475 0.0708856
 -0.00122571 -0.249601 -0.229871 0.0741641
 0.000405257 -0.271309 -0.162304 0.0656179
 0.00161913 -0.272302 -0.108364 0.0529446
 0.00284938 -0.269945 -0.0442657 0.0344067
 0.00348447 -0.260447 0.0254195 0.0103694
 0.00229328 -0.229591 0.0820495 -0.0136452
 -0.00246248 -0.284523 -0.292503 0.0795968
 -0.0021637 -0.33471 -0.310377 0.0952213
 -0.0010484 -0.381034 -0.283427 0.101629
 0.00146941 -0.390802 -0.193617 0.0872213
 0.00315438 -0.395433 -0.125747 0.0705755
 0.0048358 -0.398798 -0.0422081 0.0457938
 0.00571529 -0.388989 0.0501495 0.0131087
 0.00410341 -0.348797 0.126183 -0.0199589
 -0.00168877 -0.436098 -0.332416 0.115763
 0.000143167 -0.499785 -0.29773 0.121592
 0.00348701 -0.548848 -0.194456 0.105136
 0.00566028 -0.556824 -0.111854 0.0834044
 0.00780986 -0.556585 -0.0109701 0.0515289
 0.00891824 -0.545846 0.100971 0.0103918
 0.00678625 -0.505087 0.197525 -0.032214
 0.00268491 -0.622868 -0.256865 0.128353
 0.00690954 -0.69956 -0.136537 0.106119
 0.00960023 -0.737474 -0.0417494 0.0809396
 0.0121331 -0.761283 0.0779792 0.0424776
 0.0132267 -0.744856 0.204153 -0.00663278
 0.0101872 -0.698426 0.314871 -0.0576161
 0.0121459 -0.864112 0.00660631 0.0787348
 0.0150807 -0.917663 0.113535 0.0479505
 0.0175053 -0.943662 0.239426 0.00443048
 0.018104 -0.971719 0.389176 -0.0525558
 0.0131335 -0.934717 0.512049 -0.110406
 0.0177703 -0.985751 0.223739 0.0157604
 0.0200003 -1.04312 0.360863 -0.03076
 0.019885 -1.07776 0.513361 -0.0898287
 0.0136668 -1.02435 0.621064 -0.144637
 0.0217416 -1.13429 0.512237 -0.0810949
 0.0204167 -1.1604 0.653551 -0.138242
 0.0122981 -1.10313 0.747272 -0.188924
 0.0171075 -1.19902 0.790344 -0.193497
 0.00637673 -1.14844 0.869841 -0.238092
 -0.00732876 -1.10418 0.927785 -0.272523

Fourier series term #3
 4.11542e-06 0.000463278 0.000205425 -2.84425e-05
 4.23815e-05 0.00412501 0.0021385 -0.000319721
 -3.42343e-05 -0.00277542 -0.00163852 0.000278044
 8.59888e-06 0.000599757 0.000383054 -7.2854e-05
 6.12377e-05 0.00430389 0.00258611 -0.000569728
 -0.000103518 -0.0070326 -0.00391311 0.0010177
 3.23783e-05 0.00261042 0.00115351 -0.000376072
 6.16551e-05 0.00638149 0.00173791 -0.000778954
 -3.95589e-05 -0.00398927 -0.00065315 0.000396782
 -7.44899e-05 -0.0108429 -3.72849e-05 0.000607788
 -4.67088e-05 -0.00649566 0.00115964 -2.59154e-05
 2.77795e-05 0.00463834 -0.0016485 0.00031689
 -1.40411e-05 -0.00704309 -0.00104924 0.000272374
 -6.03665e-05 -0.012318 -0.00434752 0.000913537
 -9.74708e-05 -0.0147248 -0.00721291 0.00151028
 -1.73288e-05 -0.00602273 -0.00469021 0.000951097
 -5.13727e-05 -0.0072269 -0.00777174 0.00171814
 6.42174e-07 -0.00266107 -0.00826345 0.00190429
 7.31693e-05 -0.000961552 -0.0100357 0.00263034
 0.000112619 -0.00443158 -0.0105341 0.00317144
 0.00018783 -0.0072699 -0.00905141 0.00310516
 0.000285355 -0.00653706 -0.00655266 0.00242916
 0.000369787 -0.0039541 -0.00458112 0.00169916
 -0.000161788 -0.0327928 -0.0132502 0.00292967
 -0.000169915 -0.0344284 -0.0176486 0.00391358
 -0.000264202 -0.0388986 -0.0270719 0.00627818
 -0.000128828 -0.0215805 -0.0287332 0.00670574
 -7.79527e-05 -0.0178046 -0.0364534 0.00939409
 0.00012301 -0.0169789 -0.0406656 0.0120068
 0.000348953 -0.0160647 -0.0397224 0.0125626
 0.000650388 -0.0185258 -0.0355693 0.0122459
 0.00100105 -0.0252678 -0.0262774 0.0102092
 0.00122165 -0.031811 -0.0124691 0.0060322
 -0.000336639 -0.053129 -0.0316385 0.00746113
 -0.000256529 -0.0486858 -0.041144 0.00989467
 -0.000332185 -0.0555739 -0.0592749 0.0154661
 -0.000112155 -0.0413768 -0.0675221 0.018942
 0.000389428 -0.0363816 -0.0729252 0.0229277
 0.000788934 -0.0419581 -0.070187 0.0239769
 0.0013223 -0.0529178 -0.0590665 0.0225439
 0.00197476 -0.0550661 -0.0420742 0.0179491
 0.00247362 -0.0566766 -0.0217866 0.0112122
 -0.000362876 -0.0722572 -0.0660914 0.0172458
 -0.000352142 -0.0830177 -0.0890752 0.0252066
 4.64841e-05 -0.0834736 -0.107516 0.0332818
 0.000839889 -0.0833376 -0.108627 0.0378948
 0.0015769 -0.0874081 -0.101305 0.0381467
 0.00254714 -0.0973975 -0.0840678 0.0351882
 0.00363746 -0.10435 -0.0565893 0.0275425
 0.00436115 -0.104795 -0.0239851 0.0161268
 -0.00014419 -0.111256 -0.120909 0.0375284
 0.000429678 -0.132567 -0.141119 0.0486696
 0.00186954 -0.158219 -0.139636 0.055505
 0.00305025 -0.160316 -0.125322 0.0539595
 0.00452011 -0.163125 -0.0994562 0.0478797
 0.00611796 -0.171595 -0.0597829 0.0359632
 0.00703046 -0.176474 -0.0113507 0.0185377
 0.00156807 -0.19452 -0.160429 0.063342
 0.00389585 -0.227331 -0.148022 0.0680354
 0.0056647 -0.255569 -0.123571 0.0651605
 0.00764835 -0.268941 -0.0831554 0.0545686
 0.00967969 -0.280747 -0.0284105 0.036793
 0.0105403 -0.276727 0.0320448 0.012964
 0.00739996 -0.3281 -0.112006 0.0697647
 0.0095963 -0.354375 -0.0745063 0.0614855
 0.0119758 -0.374793 -0.0216314 0.0458905
 0.0142233 -0.407598 0.0537678 0.0208696
 0.0145715 -0.418645 0.133152 -0.0106123
 0.0119353 -0.401135 -0.0271991 0.0508705
 0.0144569 -0.437804 0.0362087 0.0320237
 0.0165221 -0.46503 0.113386 0.00486733
 0.0160573 -0.480891 0.199775 -0.0298991
 0.0170916 -0.493971 0.113021 0.00897494
 0.0184842 -0.534156 0.201917 -0.0226644
 0.0169075 -0.533916 0.277899 -0.0558815
 0.0185912 -0.580146 0.294949 -0.056458
 0.0156998 -0.563179 0.352603 -0.0845898
 0.0103684 -0.552506 0.404526 -0.109871

Fourier series term #4
 2.46072e-06 0.000297776 0.000121263 -1.69207e-05
 2.63001e-06 0.000327821 0.000137954 -2.14882e-05
 -9.9242e-06 -0.000855435 -0.000491979 8.36814e-05
 3.84296e-05 0.00280046 0.00171234 -0.000326665
 -3.53249e-05 -0.00250871 -0.00150396 0.000331502
 -1.45697e-05 -0.00128253 -0.000728821 0.0001877
 7.84974e-05 0.00542161 0.00248502 -0.000796156
 -4.24008e-05 -0.005002 -0.00132595 0.000599679
 -3.92638e-05 -0.0064369 -0.000991401 0.000622587
 1.28287e-05 -0.00098564 -3.56073e-05 6.24119e-05
 5.40086e-05 0.00576147 -0.00102244 1.19117e-05
 9.28018e-05 0.00625112 -0.00220602 0.000433999
 -9.39165e-06 -0.00284336 -0.000497083 0.00011333
 2.75972e-05 0.000824473 0.0014851 -0.000225936
 -2.5359e-05 -0.00474723 -0.00170836 0.000401104
 -3.1832e-05 -0.00350519 -0.00110687 0.000311387
 -6.17218e-06 -0.00166341 -0.000365032 0.000130479
 1.17676e-05 0.000957361 0.000699408 -0.000214
 -2.24971e-05 -0.00211154 -0.000195279 0.000134958
 -1.27869e-05 -0.00247652 -0.000522938 0.000255575
 7.27776e-06 -0.000734537 -0.000694332 0.000230302
 1.50132e-05 0.00144768 -0.00100579 0.000229981
 2.38842e-05 0.00241708 -0.00138297 0.000335683
 -5.79119e-05 -0.0124846 -0.00284747 0.000796652
 -5.74332e-05 -0.0125406 -0.0023426 0.000817421
 -8.80592e-05 -0.0170638 -0.00468315 0.00149514
 -6.76903e-05 -0.0104988 -0.00137759 0.000686985
 -5.7626e-05 -0.00742709 -0.000816717 0.000458419
 -3.40643e-05 -0.00256434 -0.00108722 0.000319539
 -3.78378e-05 -0.00137527 -0.00154668 0.000414665
 -2.32734e-05 -0.000395628 -0.00241373 0.000671649
 3.12037e-05 -0.000249669 -0.00344975 0.00107122
 0.00012632 -0.00153335 -0.00337079 0.00119032
 -5.17492e-05 -0.0200762 -0.00302683 0.00124744
 -0.000100891 -0.0236542 -0.00317714 0.00152618
 -0.00015668 -0.0285918 -0.00536236 0.00235855
 -8.9214e-05 -0.0156163 -0.00225379 0.00116524
 -9.71658e-05 -0.0109326 -0.00268719 0.00115134
 -6.62921e-05 -0.0118428 -0.00459491 0.00188878
 2.45352e-05 -0.00229786 -0.00645994 0.00202562
 0.00011485 0.00333 -0.0083698 0.00246544
 0.000242053 -0.006892 -0.00456191 0.00192295
 -0.000180089 -0.0392725 -0.00595082 0.00287084
 -0.000128165 -0.0349074 -0.00397761 0.0023951
 -0.000224819 -0.0423528 -0.00648374 0.00369078
 -9.06537e-05 -0.019433 -0.00626188 0.00268072
 -6.70292e-05 -0.0197103 -0.00730764 0.00323286
 4.77492e-05 -0.0170868 -0.0085484 0.00370761
 0.000231842 -0.0155194 -0.00839021 0.00378112
 0.000401428 -0.0201722 -0.00341093 0.00244794
 -0.000258489 -0.0568587 -0.00682705 0.00440784
 -0.000212411 -0.0523383 -0.00710732 0.00464161
 -8.16336e-05 -0.0533291 -0.00914691 0.00593982
 1.1173e-05 -0.0479488 -0.00835229 0.00570457
 9.88616e-05 -0.0427457 -0.00637181 0.00501565
 0.000392111 -0.0425962 -0.00271024 0.00397164
 0.000633412 -0.0425918 0.00334397 0.0018176
 -0.000144008 -0.0735659 -0.00797579 0.00669119
 -1.69636e-05 -0.0859932 -0.00393682 0.00708839
 0.000180392 -0.0910809 0.000409315 0.00649752
 0.000413692 -0.0888432 0.00642183 0.00459462
 0.000773057 -0.0970815 0.0182645 0.001195
 0.000818374 -0.0761502 0.0211252 -0.00182841
 0.000317517 -0.125452 0.0109869 0.00591889
 0.000525131 -0.131809 0.0208483 0.00337604
 0.000754008 -0.141658 0.036053 -0.00103008
 0.000914629 -0.145046 0.0521924 -0.0068687
 0.000587093 -0.15778 0.0774928 -0.0160559
 0.000768074 -0.162393 0.0416116 -0.00114705
 0.000873926 -0.16743 0.0580167 -0.00670277
 0.00082454 -0.168758 0.0757014 -0.0135805
 0.000175224 -0.185332 0.105485 -0.0244232
 0.000887985 -0.189358 0.0846635 -0.0148651
 0.000561379 -0.203428 0.111646 -0.0244621
 -0.000627144 -0.209939 0.137077 -0.034886
 -0.000382208 -0.23167 0.149659 -0.0373904
 -0.00273892 -0.237176 0.176243 -0.0487325
 -0.00635829 -0.238615 0.197317 -0.0583057

Fourier series term #5
 3.53912e-07 4.47512e-05 1.71782e-05 -2.4196e-06
 -6.22669e-06 -0.000591319 -0.00031181 4.64727e-05
 1.01763e-05 0.000807768 0.000481993 -8.15289e-05
 -2.715e-06 -0.000158448 -0.000103026 1.95905e-05
 -1.88519e-05 -0.00134327 -0.000813481 0.000178627
 3.10855e-05 0.00212272 0.00117109 -0.000305533
 -1.04436e-05 -0.000749631 -0.000299025 0.000100476
 -1.96451e-05 -0.00200163 -0.000603985 0.000259403
 1.10957e-05 0.00108766 0.000107881 -8.86671e-05
 2.21719e-05 0.00329551 -6.90561e-06 -0.00017984
 1.29849e-05 0.00210104 -0.000334288 -5.88584e-06
 -9.93333e-06 -0.00130207 0.000505872 -0.000104401
 -6.60814e-05 -0.00740682 -0.0035114 0.000584673
 5.36845e-05 0.00499166 0.00296394 -0.000536391
 -4.77347e-05 -0.00471935 -0.00233366 0.000492496
 2.71148e-05 0.00161979 0.000951017 -0.000217498
 -1.599e-05 -0.00162259 -0.000689098 0.000198959
 -1.00591e-05 -0.0005672 0.000136099 -5.06303e-06
 1.43233e-05 0.00151866 0.000148687 -0.000113178
 2.40444e-06 -0.000676499 -0.000302717 0.000121876
 -7.45615e-06 -0.00234343 0.000162264 7.64697e-05
 -1.79917e-05 -0.00107025 0.000555369 -0.000124133
 -2.01734e-05 0.00138274 -0.000234364 1.00139e-05
 -2.40325e-07 -0.00330566 -1.97501e-05 8.40366e-05
 3.07222e-05 -0.000387846 0.00140455 -0.000226203
 -7.9718e-05 -0.0104903 -0.00363998 0.00107285
 8.55591e-07 -0.00243769 -0.00011239 0.000135291
 -9.83216e-06 -0.00282531 -7.062e-05 0.000159746
 -2.54891e-05 -0.00302218 0.000746175 -4.44078e-05
 -2.05454e-05 -0.000843008 0.00116428 -0.000298536
 -2.68071e-05 0.000216914 0.00103645 -0.000342983
 -3.36649e-05 -0.000678889 0.000796416 -0.000228057
 -3.82001e-05 -0.00193876 0.000971042 -0.000229511
 -6.289e-05 -0.011549 -0.00245155 0.000852562
 -4.97093e-05 -0.0110776 -0.00186435 0.000825057
 -2.86284e-05 -0.012011 -0.00192857 0.000976067
 -5.25336e-05 -0.00955939 0.000412312 0.000386982
 -3.97579e-05 -0.00696725 0.00163791 -7.2244e-05
 -5.39255e-05 -0.00885099 0.00204271 -9.48923e-05
 -8.28441e-05 -0.00267759 0.00299935 -0.000823303
 -0.000116617 0.00104667 0.00206813 -0.000792612
 -7.98443e-05 -0.000743503 0.00112633 -0.00035917
 -6.48885e-05 -0.019984 -0.00300651 0.00153181
 -5.81085e-05 -0.0189227 3.91293e-05 0.000908016
 -6.77716e-05 -0.0234894 0.000325837 0.00118248
 -0.000102762 -0.0157867 0.00528296 -0.00064389
 -9.67459e-05 -0.0106787 0.00557991 -0.00111772
 -0.000133266 -0.00770633 0.00557858 -0.00138439
 -0.000181556 -0.00646791 0.00533431 -0.00145455
 -0.00014529 -0.00367895 0.00304616 -0.000867819
 -7.00326e-05 -0.0311068 0.0011682 0.00132078
 -8.39396e-05 -0.0323155 0.00636937 2.36146e-05
 -0.000161321 -0.0374978 0.00972433 -0.000636786
 -0.000164767 -0.0278077 0.0117895 -0.00203058
 -0.000205057 -0.0146014 0.00990157 -0.00244656
 -0.000278385 -0.0113246 0.00880217 -0.0023921
 -0.000315133 -0.0096859 0.00810637 -0.002328
 -0.000162892 -0.0459544 0.0133341 -0.00123174
 -0.000168849 -0.0472524 0.017569 -0.00254026
 -0.00029578 -0.0390785 0.0205129 -0.00430165
 -0.000357518 -0.0463232 0.0241689 -0.00511938
 -0.000482041 -0.0380847 0.023577 -0.00574837
 -0.000637284 -0.0153854 0.013872 -0.00415799
 -0.000399738 -0.0595936 0.0303368 -0.00620823
 -0.000527738 -0.06521 0.035928 -0.00785249
 -0.000730786 -0.0602436 0.037832 -0.00917078
 -0.00103024 -0.0557594 0.0394157 -0.0104269
 -0.00140418 -0.0579869 0.0437199 -0.0121849
 -0.000685262 -0.0767589 0.0447741 -0.0102446
 -0.00100259 -0.071942 0.0480101 -0.0121443
 -0.00146258 -0.0632153 0.0483972 -0.0134191
 -0.00185762 -0.0595109 0.0484505 -0.0140795
 -0.00150869 -0.0817247 0.0589481 -0.0156915
 -0.00205045 -0.0694724 0.0561473 -0.0160978
 -0.00265483 -0.0646832 0.0559463 -0.016778
 -0.00285971 -0.0783353 0.0666884 -0.0197553
 -0.0037014 -0.0752783 0.0677842 -0.0208073
 -0.00532856 -0.0806461 0.0761426 -0.0240395


