**************************************************************
***  MERIS LUT-169: Fourier series terms (s0,..,s5)[TERM]] ***
***                 of polynomial coefficients (k0,..,k3)  ***
***                 for each of 81 aerosol models [IAER],  ***
***                 & for each of 78 geometries [SVZA]     ***
***  - - - - - - - - - - - - - - - - - - - - - - - - - - - ***
***  => useful for multiplicative aer.scat.fct. retrieval  ***
**************************************************************

12 Gaussian angles (deg): SZA/VZA
------------------------         

 2.84 17.64 28.77 36.19 43.61 51.03 58.46 65.88 69.59 73.30 77.01 80.72

Coefficients: [SVZA x (k0,k1,k2,k3)]
------------                        

 Aerosol model #71
 - - - - - - -  

Fourier series term #0
 1.01689 1.20637 0.467012 -0.0872814
 1.02231 1.56407 0.608091 -0.121746
 1.02628 1.80012 0.687645 -0.154259
 1.02966 2.00126 0.733553 -0.182763
 1.03342 2.23631 0.75158 -0.213875
 1.03701 2.49691 0.707967 -0.240263
 1.0393 2.77103 0.551309 -0.246174
 1.03842 3.03733 0.203875 -0.19857
 1.03641 3.15638 -0.0743645 -0.136294
 1.03421 3.25138 -0.437392 -0.0348579
 1.03524 3.28812 -0.871182 0.111006
 1.04912 3.17169 -1.27462 0.276506
 1.02466 1.64609 0.642587 -0.139662
 1.02922 1.89443 0.711955 -0.17292
 1.03294 2.09418 0.742074 -0.200067
 1.03693 2.3158 0.736935 -0.227423
 1.04069 2.5583 0.669961 -0.248594
 1.04304 2.80683 0.496693 -0.248873
 1.04222 3.04244 0.150446 -0.198419
 1.04033 3.14745 -0.117085 -0.137436
 1.03835 3.2316 -0.462226 -0.039968
 1.03962 3.2628 -0.873117 0.0992883
 1.05351 3.14944 -1.25539 0.257442
 1.03147 2.06526 0.70027 -0.189986
 1.0347 2.25509 0.688539 -0.208232
 1.03804 2.47246 0.638395 -0.224307
 1.04055 2.69166 0.521314 -0.229739
 1.04118 2.91181 0.305922 -0.212553
 1.03834 3.12493 -0.0639567 -0.146456
 1.03543 3.22374 -0.334323 -0.0796914
 1.03248 3.30658 -0.675907 0.0212842
 1.03289 3.34251 -1.07766 0.161219
 1.04601 3.24135 -1.44885 0.317762
 1.03919 2.38156 0.634651 -0.212178
 1.04223 2.5688 0.550828 -0.218592
 1.04446 2.76928 0.409294 -0.21505
 1.04461 2.9621 0.176603 -0.188222
 1.04141 3.15198 -0.197148 -0.114226
 1.03852 3.24326 -0.463235 -0.0450366
 1.03583 3.32123 -0.795952 0.0567754
 1.03681 3.35486 -1.18412 0.195399
 1.0508 3.25436 -1.53845 0.34843
 1.04181 2.69783 0.423846 -0.211163
 1.0429 2.86369 0.256371 -0.196721
 1.04216 3.04166 0.0106808 -0.161192
 1.03837 3.21559 -0.366606 -0.0792522
 1.03546 3.30123 -0.629499 -0.00723938
 1.03305 3.37585 -0.954601 0.0958122
 1.03466 3.40814 -1.33007 0.233365
 1.04958 3.30874 -1.6678 0.382855
 1.04281 2.96613 0.0640508 -0.168645
 1.04127 3.11718 -0.194045 -0.122487
 1.03715 3.28989 -0.575643 -0.0317739
 1.03433 3.37376 -0.837358 0.0441966
 1.03237 3.44578 -1.1568 0.149824
 1.03493 3.47485 -1.51979 0.287162
 1.05132 3.37192 -1.83743 0.432625
 1.03888 3.21483 -0.464292 -0.0622635
 1.0347 3.37335 -0.851774 0.0402598
 1.03236 3.46131 -1.11358 0.121032
 1.03142 3.53472 -1.42765 0.229805
 1.0358 3.55807 -1.77447 0.366397
 1.05483 3.44266 -2.06156 0.504879
 1.03123 3.48241 -1.23771 0.156896
 1.03009 3.55527 -1.49311 0.242667
 1.03128 3.62106 -1.79379 0.35318
 1.03904 3.63401 -2.11285 0.485443
 1.06265 3.49646 -2.3495 0.609899
 1.03004 3.60751 -1.73715 0.329312
 1.03307 3.65337 -2.01895 0.437585
 1.04348 3.64811 -2.30974 0.563094
 1.07044 3.49026 -2.50487 0.674341
 1.03864 3.66724 -2.26898 0.539534
 1.05258 3.62657 -2.51232 0.651747
 1.08365 3.43435 -2.64585 0.74213
 1.07101 3.53323 -2.68299 0.740912
 1.10657 3.28836 -2.72791 0.799695
 1.14581 2.97888 -2.65809 0.814868

Fourier series term #1
 -0.000332214 -0.0229827 -0.00911879 0.0016915
 -0.000398187 -0.0226616 -0.00951132 0.00182912
 -0.000492286 -0.0241821 -0.00868511 0.00187577
 -0.000604385 -0.0274653 -0.00736225 0.00184673
 -0.00070276 -0.028775 -0.00338731 0.00123962
 -0.000784475 -0.0278533 0.00340948 -0.000185298
 -0.000833784 -0.0230418 0.0126426 -0.00268182
 -0.000868167 -0.0124741 0.021743 -0.00600119
 -0.000912168 -0.004534 0.0243869 -0.00750975
 -0.00100553 0.00527142 0.0241168 -0.00833816
 -0.00115815 0.0168028 0.0193535 -0.00775159
 -0.00127723 0.0288745 0.00932322 -0.00508639
 -0.00256063 -0.139127 -0.0549543 0.0115692
 -0.00326024 -0.152658 -0.0482936 0.01155
 -0.00384502 -0.163425 -0.0342535 0.00987493
 -0.0044518 -0.170765 -0.00840707 0.00541305
 -0.00487377 -0.161221 0.033144 -0.00407211
 -0.00503139 -0.126961 0.0857631 -0.0194091
 -0.00507703 -0.0609045 0.133159 -0.0382912
 -0.00524179 -0.0143051 0.145099 -0.0464908
 -0.00567902 0.0418414 0.140451 -0.0506057
 -0.0064322 0.106649 0.111032 -0.0466952
 -0.00691104 0.173773 0.0534246 -0.0314455
 -0.00538393 -0.244081 -0.0539703 0.0154417
 -0.00633052 -0.25945 -0.0259053 0.0108915
 -0.0070753 -0.252844 0.0219978 0.000692781
 -0.00764095 -0.226209 0.0835127 -0.0151486
 -0.00791429 -0.162623 0.15051 -0.0370062
 -0.00825354 -0.054142 0.198752 -0.0602447
 -0.00876087 0.0181534 0.202343 -0.068315
 -0.00972175 0.102819 0.18117 -0.0696204
 -0.0111065 0.19836 0.125364 -0.0591023
 -0.0119565 0.295725 0.0317928 -0.032706
 -0.00794712 -0.300181 0.0042712 0.00548538
 -0.0087805 -0.289247 0.0610684 -0.0078359
 -0.00916604 -0.240049 0.130769 -0.0278155
 -0.00931429 -0.156607 0.196263 -0.0516836
 -0.0096282 -0.0274505 0.232703 -0.0739573
 -0.0101707 0.0561112 0.226206 -0.0800304
 -0.0111843 0.152518 0.191569 -0.0778373
 -0.0125357 0.259656 0.119072 -0.0621082
 -0.0129716 0.366501 0.0074596 -0.0291682
 -0.00995569 -0.290794 0.114558 -0.0213889
 -0.0105129 -0.229355 0.180154 -0.0428138
 -0.0108259 -0.121242 0.234859 -0.0669807
 -0.0115543 0.0251508 0.24996 -0.0855838
 -0.0123626 0.116284 0.229352 -0.0881269
 -0.0136043 0.220362 0.17874 -0.0812555
 -0.0150187 0.334703 0.0891036 -0.0597553
 -0.0150752 0.445858 -0.0380932 -0.0207651
 -0.0114731 -0.17904 0.227415 -0.0609911
 -0.0120732 -0.0632271 0.260006 -0.0813057
 -0.0131402 0.100696 0.246266 -0.0933807
 -0.014153 0.196963 0.208563 -0.0908186
 -0.0155219 0.304017 0.14023 -0.0778052
 -0.0168078 0.419362 0.0339251 -0.0496842
 -0.0161783 0.527555 -0.105165 -0.0049857
 -0.0132838 0.0321527 0.261406 -0.0926097
 -0.0149023 0.194753 0.212234 -0.0937028
 -0.0160943 0.296189 0.154907 -0.0844956
 -0.0174708 0.405518 0.0673592 -0.0640347
 -0.0183698 0.517125 -0.0542071 -0.0287381
 -0.0166305 0.614042 -0.199361 0.0206692
 -0.0171287 0.32443 0.127422 -0.0794226
 -0.0183912 0.414629 0.0524927 -0.0619486
 -0.0194831 0.518207 -0.0518451 -0.0332806
 -0.01948 0.622367 -0.184907 0.00891056
 -0.0159144 0.70166 -0.327894 0.0609293
 -0.019573 0.490475 -0.0279801 -0.0403057
 -0.0202644 0.580342 -0.135121 -0.00825842
 -0.0194624 0.672473 -0.267507 0.0359415
 -0.0145494 0.737872 -0.402568 0.0871086
 -0.0202457 0.64889 -0.23888 0.0257433
 -0.0182569 0.71841 -0.36115 0.0693096
 -0.0116851 0.761423 -0.478735 0.116501
 -0.0146375 0.755371 -0.461146 0.108154
 -0.00607754 0.763833 -0.546771 0.146376
 0.00449568 0.728002 -0.584431 0.169224

Fourier series term #2
 -1.76961e-05 -0.00127486 -0.000492673 9.2274e-05
 -2.49586e-05 -0.00182493 -0.000763967 0.000152634
 4.91948e-07 -0.000162352 -0.000214178 4.50612e-05
 -1.01586e-06 -0.000398226 -0.000410366 9.35745e-05
 2.14502e-06 -0.000359838 -0.000525154 0.000128304
 2.99936e-06 -0.000529976 -0.000691387 0.000187841
 1.51161e-06 -0.000934351 -0.000798737 0.000253566
 4.81155e-06 -0.00110153 -0.000626131 0.000242661
 6.04368e-06 -0.0012386 -0.000432612 0.000204138
 5.57701e-06 -0.00146426 -0.000138669 0.000131064
 2.24463e-06 -0.00161182 0.000237214 1.37742e-05
 -9.04979e-06 -0.00148142 0.000540349 -0.000109579
 -0.00048987 -0.0365247 -0.0163928 0.00354358
 -0.00013258 -0.0164941 -0.012575 0.0028717
 -1.4796e-06 -0.0122502 -0.0149124 0.00355935
 2.44245e-05 -0.0165915 -0.0208316 0.00539555
 3.39972e-05 -0.0235252 -0.0261568 0.00753807
 2.87308e-05 -0.0336381 -0.0278407 0.00928667
 5.21065e-05 -0.045525 -0.021506 0.00910582
 9.08021e-05 -0.0507491 -0.0140824 0.0075806
 0.000124174 -0.0543501 -0.00382594 0.00477632
 6.21113e-05 -0.0550031 0.00801886 0.000811767
 -0.000299109 -0.0504094 0.0179214 -0.00330119
 -0.000346833 -0.0480719 -0.0343469 0.00851715
 -0.000138862 -0.0472319 -0.0427366 0.0111085
 5.31352e-05 -0.0507226 -0.0516937 0.0144001
 8.64383e-05 -0.0701621 -0.060145 0.0187328
 0.000124205 -0.0962148 -0.0583985 0.0214298
 0.000309439 -0.122127 -0.038245 0.0190985
 0.000469404 -0.132773 -0.0195976 0.0148034
 0.000602658 -0.139894 0.00444214 0.0078762
 0.000492366 -0.140777 0.0312446 -0.00139525
 -0.000359835 -0.130165 0.0531341 -0.0107668
 -0.000374858 -0.0780069 -0.064726 0.0178839
 -0.00027985 -0.0948288 -0.0777628 0.0232391
 -0.000193814 -0.117566 -0.0829176 0.0277144
 -0.000139277 -0.153321 -0.074505 0.0298457
 0.000151332 -0.188333 -0.042043 0.0249522
 0.000401391 -0.201905 -0.0149513 0.0182814
 0.000605129 -0.210715 0.0187976 0.00817051
 0.000447122 -0.211371 0.0558057 -0.00498109
 -0.000788635 -0.19653 0.0857726 -0.0181326
 -0.000328318 -0.147952 -0.0971092 0.0322175
 -0.000233018 -0.186008 -0.0980617 0.0370846
 2.68409e-05 -0.224032 -0.0784756 0.0369157
 0.000512884 -0.265267 -0.0323008 0.0285081
 0.000847595 -0.281861 0.00300925 0.0192884
 0.0010871 -0.292597 0.0458872 0.00593188
 0.000817997 -0.293188 0.0922128 -0.0110451
 -0.000893729 -0.27436 0.129308 -0.0278634
 -0.000333942 -0.258981 -0.0952555 0.0431516
 3.56102e-05 -0.308948 -0.0645992 0.0406578
 0.000774137 -0.348751 -0.00437049 0.0274914
 0.00119251 -0.366929 0.0383984 0.0155073
 0.00144459 -0.379822 0.0892175 -0.00102347
 0.00101965 -0.381276 0.143387 -0.0215333
 -0.00123324 -0.359531 0.186004 -0.041567
 0.00036984 -0.392353 -0.0232331 0.0365123
 0.00123844 -0.443015 0.0499652 0.0188441
 0.00169375 -0.459266 0.0986146 0.0039395
 0.00186308 -0.47075 0.154812 -0.0155271
 0.00113254 -0.471743 0.213741 -0.038847
 -0.0018426 -0.447305 0.258599 -0.0610068
 0.00196816 -0.529879 0.138336 -0.00308586
 0.00226251 -0.555815 0.193336 -0.0205962
 0.00210621 -0.56754 0.252498 -0.0423578
 0.000762071 -0.563095 0.310271 -0.0669436
 -0.00326784 -0.53049 0.349368 -0.088661
 0.00234884 -0.592757 0.252564 -0.039363
 0.00184653 -0.61123 0.313925 -0.0619968
 -4.1811e-05 -0.606406 0.369655 -0.0864273
 -0.0047749 -0.567554 0.401523 -0.106312
 0.000855807 -0.639625 0.377974 -0.0853588
 -0.00173041 -0.638876 0.431838 -0.109143
 -0.00745081 -0.595992 0.454873 -0.12613
 -0.00534865 -0.644411 0.482679 -0.131335
 -0.0121769 -0.601699 0.496593 -0.144523
 -0.0201533 -0.561607 0.500595 -0.152898

Fourier series term #3
 -5.7998e-07 -4.17746e-05 -1.60374e-05 3.03336e-06
 -2.92384e-06 -0.000209012 -8.08958e-05 1.62747e-05
 -9.78377e-07 -6.48393e-05 -2.37856e-05 5.3751e-06
 1.26731e-07 1.01762e-05 5.59903e-06 -1.34292e-06
 9.80618e-07 6.73044e-05 2.43877e-05 -6.91652e-06
 -1.52142e-06 -0.000101214 -2.95278e-05 9.82936e-06
 6.84271e-07 4.57664e-05 2.63974e-06 -2.43602e-06
 1.4574e-06 9.78099e-05 -7.2275e-06 -2.36348e-06
 -2.44496e-07 -5.32583e-05 -1.58561e-05 7.58782e-06
 -9.99956e-07 -0.000152174 1.23623e-06 7.89923e-06
 -2.17763e-07 -0.000101342 7.70751e-06 3.12206e-06
 1.93087e-06 4.78121e-05 -3.55131e-05 9.91292e-06
 -0.000318788 -0.0220734 -0.00853312 0.00186652
 -0.000106088 -0.00705457 -0.00247078 0.000607594
 -1.62678e-05 -0.000765226 3.88109e-05 -9.43528e-07
 -5.88318e-06 -0.0001139 0.00011025 -3.53135e-05
 1.22907e-05 0.00067404 -0.000326753 4.4878e-05
 4.4012e-05 0.00158462 -0.0014622 0.000325142
 7.99935e-05 0.00128196 -0.00323321 0.000912431
 0.000101978 0.00039863 -0.00395083 0.00124114
 0.000132004 -0.000934795 -0.00415036 0.00145561
 0.000170594 -0.00254567 -0.00353304 0.00141035
 0.00019745 -0.00410842 -0.00205424 0.0010152
 -0.000341059 -0.0243504 -0.0081092 0.00221177
 -0.000193061 -0.013701 -0.00419076 0.00124594
 -9.79124e-06 -0.00114731 -0.00112833 0.000259419
 9.08413e-05 0.00305148 -0.00296674 0.000613309
 0.000197392 0.00394437 -0.00757763 0.00193785
 0.000344733 0.00127798 -0.0126942 0.00386845
 0.000449943 -0.00198559 -0.0141179 0.00472503
 0.000589684 -0.0065737 -0.0136699 0.00510393
 0.000756971 -0.0121212 -0.0105173 0.0045799
 0.00087516 -0.0175062 -0.00465794 0.00290589
 -0.000310214 -0.022148 -0.00771728 0.00237646
 -9.38104e-05 -0.00992024 -0.00659875 0.00191185
 0.000172312 0.00282185 -0.00868793 0.0021661
 0.000364538 0.00400265 -0.0159942 0.00443364
 0.000608669 -0.00233337 -0.0229795 0.00743055
 0.000788468 -0.00809253 -0.0240974 0.0085198
 0.00102481 -0.0155758 -0.0220596 0.00871164
 0.00129965 -0.0240648 -0.0158844 0.00742474
 0.00147422 -0.0320502 -0.00580969 0.00438438
 -6.07422e-05 -0.0179612 -0.0139682 0.00429098
 0.000255615 -0.00835183 -0.0196445 0.00585022
 0.000650322 -0.00202937 -0.0277087 0.00850447
 0.00108577 -0.0118314 -0.0344215 0.0121084
 0.00139179 -0.0206381 -0.0339966 0.0131256
 0.00177758 -0.031229 -0.0291208 0.0127501
 0.00219839 -0.0427444 -0.0187144 0.0102655
 0.0024374 -0.0530119 -0.00354268 0.00546296
 0.000445912 -0.0232056 -0.0320825 0.0107444
 0.000965904 -0.0238967 -0.0407337 0.0144677
 0.00170203 -0.0303966 -0.0440187 0.0173513
 0.00217023 -0.0404939 -0.0406922 0.0177026
 0.00272559 -0.0536734 -0.0317184 0.0162151
 0.00329119 -0.0678802 -0.0160796 0.0120366
 0.00355478 -0.0797772 0.00460579 0.00513599
 0.00151486 -0.053152 -0.0482854 0.0200957
 0.00255415 -0.0672984 -0.0451387 0.0218183
 0.0032291 -0.0744313 -0.0378817 0.020689
 0.0039691 -0.0854939 -0.0245125 0.0174324
 0.00464612 -0.0995021 -0.003798 0.0111836
 0.00484427 -0.111182 0.0216153 0.00215013
 0.0038462 -0.111911 -0.0291762 0.0215286
 0.0046789 -0.126037 -0.0148595 0.0182996
 0.00553766 -0.135435 0.0037108 0.0126764
 0.00619598 -0.142795 0.0269506 0.00443459
 0.00614794 -0.147147 0.0525605 -0.00585599
 0.00555095 -0.149535 0.00527029 0.0135572
 0.00637626 -0.163981 0.0282433 0.00648888
 0.00690743 -0.170147 0.0530892 -0.00282076
 0.00659173 -0.16824 0.0760694 -0.0129784
 0.00709339 -0.186711 0.057402 -0.00252685
 0.00735857 -0.195963 0.0849696 -0.0129355
 0.00661047 -0.189646 0.104964 -0.0226077
 0.00716383 -0.210671 0.115647 -0.0243073
 0.00583142 -0.203913 0.13373 -0.0334662
 0.00369399 -0.198616 0.149256 -0.0414242

Fourier series term #4
 3.27505e-07 2.3772e-05 9.17396e-06 -1.71831e-06
 4.90282e-08 2.25993e-06 1.0483e-06 -2.0286e-07
 -3.53963e-07 -2.47011e-05 -9.4409e-06 2.10914e-06
 7.9347e-07 5.33662e-05 1.96589e-05 -4.89402e-06
 -5.90821e-07 -3.9806e-05 -1.33036e-05 3.8168e-06
 -2.43491e-07 -2.00102e-05 -5.66677e-06 1.90129e-06
 1.15021e-06 7.7544e-05 1.61372e-05 -7.10308e-06
 -8.02908e-07 -7.05026e-05 -3.89771e-06 4.35841e-06
 -8.87495e-07 -8.95056e-05 2.18775e-06 3.84247e-06
 7.81558e-08 -1.18811e-05 1.25898e-06 2.34369e-07
 1.10148e-06 8.12194e-05 -2.15133e-05 2.73876e-06
 1.56009e-06 8.65285e-05 -3.41364e-05 7.3065e-06
 -0.000174649 -0.0122005 -0.00473179 0.00103561
 -7.27268e-05 -0.00498878 -0.00190342 0.000464076
 -6.00864e-06 -0.000351734 -7.57859e-05 2.32293e-05
 -5.37243e-06 -0.000217504 7.20094e-05 -1.17501e-05
 -9.1514e-06 -0.000304451 0.000177902 -3.68761e-05
 -9.26096e-06 -3.03238e-05 0.000375173 -0.000105864
 -9.18858e-06 0.000326478 0.000402426 -0.000144099
 -8.56288e-06 0.000513713 0.000287531 -0.000125815
 -6.83763e-06 0.000668693 8.44993e-05 -7.33121e-05
 -2.90591e-06 0.000702442 -0.000150708 5.31419e-06
 5.99162e-06 0.000561122 -0.000307303 7.55751e-05
 -0.000262527 -0.0191583 -0.00673349 0.00182896
 -0.000164661 -0.0117675 -0.0035852 0.00109244
 -5.54261e-05 -0.00283675 7.57086e-05 5.71827e-05
 -4.7378e-05 -0.000903177 0.00138151 -0.000343655
 -5.5487e-05 0.000223728 0.00202841 -0.000611148
 -5.54825e-05 0.00227566 0.0017689 -0.000704483
 -5.46489e-05 0.0031909 0.00106235 -0.000565763
 -4.93384e-05 0.0037425 2.72152e-05 -0.000274605
 -2.95038e-05 0.00371699 -0.00107165 0.000114501
 1.97445e-05 0.00291346 -0.00172796 0.000434292
 -0.000311809 -0.0209524 -0.0056374 0.00189461
 -0.000219602 -0.0130088 -0.00158865 0.000799166
 -0.000112717 -0.00262761 0.00267034 -0.000656582
 -0.000100072 0.00164317 0.00395284 -0.00129005
 -0.000104912 0.0049089 0.00292293 -0.00127955
 -0.000104438 0.00633101 0.00146738 -0.000948853
 -9.29863e-05 0.00733615 -0.000494556 -0.000376757
 -5.61025e-05 0.00729862 -0.00247071 0.000339876
 3.2204e-05 0.00569878 -0.00352903 0.000895761
 -0.000350321 -0.0218735 -0.00170119 0.00122515
 -0.000272874 -0.0111788 0.00285992 -0.000394315
 -0.000190748 0.00263199 0.00546632 -0.00191159
 -0.000190609 0.00910022 0.00334605 -0.00179752
 -0.000194137 0.0107311 0.00101809 -0.00120039
 -0.000177973 0.011602 -0.00181234 -0.000306076
 -0.000117333 0.0112113 -0.00450328 0.000729202
 2.42701e-05 0.00890518 -0.00586323 0.00150176
 -0.000407498 -0.017816 0.00363743 -0.000310481
 -0.000347141 -0.00384935 0.00533783 -0.00165072
 -0.00029827 0.0118104 0.00241161 -0.00184816
 -0.000297123 0.0151027 -0.000707225 -0.00107606
 -0.000276455 0.0159362 -0.00413396 7.32933e-05
 -0.000194735 0.0149036 -0.00711292 0.0013222
 -6.64562e-06 0.0117278 -0.00836136 0.00218552
 -0.000473879 -0.00999419 0.00466076 -0.0011194
 -0.000452482 0.00384788 0.00126065 -0.00100838
 -0.000428699 0.0122343 -0.00252861 -0.000338857
 -0.000388411 0.0169623 -0.00673709 0.000839495
 -0.000286172 0.0171677 -0.00991977 0.00212464
 -6.97004e-05 0.0135793 -0.0106509 0.00288295
 -0.000546517 -0.00639807 0.0013638 -0.000212815
 -0.000542586 -0.00305789 -0.000491644 0.000228206
 -0.000488944 0.00389888 -0.00409285 0.00100722
 -0.000396431 0.0101249 -0.00852633 0.00224305
 -0.000179479 0.0109548 -0.0103285 0.00300937
 -0.000553007 -0.00834751 0.00114594 0.000134808
 -0.000532881 -0.00618139 5.13896e-05 0.000417893
 -0.000453346 -9.17456e-05 -0.00324878 0.00117967
 -0.000300957 0.00453006 -0.00646339 0.00210705
 -0.000552858 -0.0128464 0.004075 -0.000474401
 -0.000569051 -0.0115187 0.00415006 -0.000611205
 -0.000499517 -0.00600618 0.00131149 1.97259e-05
 -0.000712204 -0.01861 0.0103431 -0.00238928
 -0.000864573 -0.0170216 0.0109836 -0.00287438
 -0.00138207 -0.0222142 0.0171663 -0.00497283

Fourier series term #5
 8.4367e-08 6.48702e-06 2.43981e-06 -4.45023e-07
 -2.6505e-07 -1.73756e-05 -6.95618e-06 1.43149e-06
 2.62057e-07 1.81894e-05 6.85187e-06 -1.51601e-06
 -2.69944e-08 -1.37535e-06 -4.69497e-07 1.16405e-07
 -3.30836e-07 -2.23467e-05 -7.62611e-06 2.16396e-06
 4.46579e-07 3.15856e-05 8.68423e-06 -2.93209e-06
 -1.6299e-07 -1.05623e-05 -1.84181e-06 8.92593e-07
 -3.46827e-07 -2.80328e-05 -2.43778e-06 2.01673e-06
 2.26851e-07 1.60246e-05 -7.99661e-07 -5.7168e-07
 4.99577e-07 4.59763e-05 -6.22233e-06 -4.66824e-07
 2.92267e-07 2.82854e-05 -7.03125e-06 8.05702e-07
 -2.98903e-07 -1.86649e-05 7.90441e-06 -1.76982e-06
 -8.12558e-05 -0.00571751 -0.0022033 0.000483074
 -4.74219e-05 -0.00328032 -0.0012606 0.000307056
 -4.29081e-06 -0.000287955 -0.000113959 3.02532e-05
 1.30591e-06 7.30914e-05 1.66115e-05 -5.45744e-06
 -8.92925e-07 -8.12817e-05 -3.04457e-05 1.05383e-05
 -1.30634e-06 -9.63101e-05 -8.51623e-06 6.60712e-06
 -1.27429e-06 -5.32311e-05 3.76553e-05 -8.48084e-06
 -2.01117e-06 -5.35891e-05 6.10135e-05 -1.63713e-05
 -2.96978e-06 -3.62767e-05 7.9659e-05 -2.4554e-05
 -3.52032e-06 2.77306e-05 6.99011e-05 -2.64158e-05
 -3.17784e-06 0.00010132 2.40055e-05 -1.51995e-05
 -0.000192216 -0.0142208 -0.00512258 0.00138495
 -0.000117484 -0.00889134 -0.00308721 0.000913527
 -2.09232e-05 -0.00170496 -0.000587058 0.000193043
 -3.68605e-06 -0.000386915 -8.96361e-05 3.97244e-05
 -1.07985e-05 -0.000759373 5.75789e-05 1.98124e-05
 -1.7196e-05 -0.000633015 0.000434379 -9.96008e-05
 -2.09101e-05 -0.000330706 0.000582056 -0.000169781
 -2.62211e-05 6.32437e-05 0.000599435 -0.000208989
 -3.2338e-05 0.000469443 0.000438056 -0.000187945
 -3.37581e-05 0.000798911 0.000124255 -9.90723e-05
 -0.000228249 -0.0165386 -0.00541042 0.00172986
 -0.000137284 -0.0103569 -0.00306693 0.00110796
 -3.56342e-05 -0.00274542 -0.000474856 0.000240033
 -2.98373e-05 -0.00160698 0.000455248 -5.22635e-05
 -4.47277e-05 -0.00127828 0.00121821 -0.000312792
 -5.43879e-05 -0.00069312 0.00146993 -0.000445516
 -6.63106e-05 0.000242385 0.00142428 -0.000511473
 -7.9004e-05 0.00123895 0.000965555 -0.000435298
 -7.92349e-05 0.00202338 0.000180473 -0.000205593
 -0.000227299 -0.0193049 -0.00471076 0.00197939
 -0.000150917 -0.0129085 -0.00182591 0.00109427
 -7.84651e-05 -0.00431671 0.00117346 -0.000123883
 -9.62596e-05 -0.00162168 0.00256325 -0.000742561
 -0.000117307 -0.000515584 0.00277438 -0.000920116
 -0.000143385 0.000917539 0.0024888 -0.000960889
 -0.000168457 0.00254 0.00154973 -0.000772403
 -0.000167242 0.00399121 5.1899e-05 -0.000326358
 -0.000259257 -0.0228748 -0.00146218 0.00161263
 -0.000207271 -0.01483 0.00222737 0.000173884
 -0.000184425 -0.00311073 0.00429589 -0.00126606
 -0.000213101 0.000214575 0.00419251 -0.00152365
 -0.000254038 0.00268632 0.0033411 -0.00146732
 -0.000292132 0.00488424 0.00169857 -0.00107609
 -0.000288003 0.00673677 -0.00056449 -0.000362636
 -0.00032337 -0.0243905 0.00520826 -0.000100787
 -0.000332823 -0.0125897 0.00727104 -0.00164723
 -0.000359288 -0.00365864 0.0062564 -0.00204854
 -0.000408544 0.00339156 0.00399292 -0.00187423
 -0.000453051 0.00797787 0.000934765 -0.00115408
 -0.000428959 0.0105422 -0.00233437 -8.81359e-05
 -0.000475697 -0.0210584 0.0116581 -0.00258205
 -0.000545769 -0.015698 0.0111405 -0.00289493
 -0.0006029 -0.00534863 0.00767136 -0.00258796
 -0.000644259 0.00544476 0.00177764 -0.00136119
 -0.000584526 0.0127989 -0.00451091 0.000484454
 -0.000628935 -0.0176905 0.0129029 -0.00342498
 -0.00070819 -0.0115598 0.0108554 -0.00327913
 -0.000756382 -0.00046945 0.00465295 -0.00196296
 -0.000672197 0.0101187 -0.00350888 0.000313454
 -0.000815868 -0.0133824 0.012267 -0.00371205
 -0.000889397 -0.00666523 0.00819729 -0.00278801
 -0.000791673 0.00424061 -0.000107489 -0.000510452
 -0.000996708 -0.00828536 0.0092324 -0.00307901
 -0.000950494 -0.00168957 0.00375765 -0.00150069
 -0.0010215 -0.00302046 0.00438382 -0.00162099


