**************************************************************
***  MERIS LUT-169: Fourier series terms (s0,..,s5)[TERM]] ***
***                 of polynomial coefficients (k0,..,k3)  ***
***                 for each of 81 aerosol models [IAER],  ***
***                 & for each of 78 geometries [SVZA]     ***
***  - - - - - - - - - - - - - - - - - - - - - - - - - - - ***
***  => useful for multiplicative aer.scat.fct. retrieval  ***
**************************************************************

12 Gaussian angles (deg): SZA/VZA
------------------------         

 2.84 17.64 28.77 36.19 43.61 51.03 58.46 65.88 69.59 73.30 77.01 80.72

Coefficients: [SVZA x (k0,k1,k2,k3)]
------------                        

 Aerosol model #30
 - - - - - - -  

Fourier series term #0
 1.00389 0.702484 0.276666 -0.0284374
 1.00578 0.851688 0.393865 -0.0441655
 1.01014 1.11535 0.650252 -0.0846201
 1.01889 1.6826 1.15448 -0.172761
 1.02817 2.18574 1.63424 -0.289698
 1.03566 2.64577 1.96893 -0.423968
 1.03789 3.10698 2.03587 -0.547158
 1.02947 3.72269 1.69522 -0.603453
 1.01796 4.04794 1.2213 -0.543351
 1.00261 4.3556 0.4738 -0.376099
 0.990932 4.6412 -0.541241 -0.0763244
 1.00671 4.7965 -1.67296 0.331665
 1.00941 1.0682 0.597407 -0.0722613
 1.01665 1.47432 0.985891 -0.140211
 1.02271 1.77034 1.27085 -0.209838
 1.02931 2.13552 1.56776 -0.307354
 1.03619 2.64099 1.86966 -0.4423
 1.03843 3.13462 1.9468 -0.568414
 1.03011 3.67628 1.60718 -0.616791
 1.01967 4.01388 1.17747 -0.565735
 1.00544 4.39931 0.486044 -0.416211
 0.994133 4.78797 -0.508229 -0.126377
 1.01018 4.98041 -1.6561 0.288334
 1.02184 1.76879 1.24314 -0.204043
 1.02633 2.03846 1.43225 -0.270148
 1.03011 2.33279 1.58108 -0.348975
 1.03202 2.66513 1.65402 -0.43448
 1.03094 3.17225 1.64369 -0.528978
 1.0203 3.81337 1.30602 -0.560627
 1.0086 4.17606 0.885139 -0.500587
 0.993232 4.57461 0.208713 -0.343663
 0.981088 4.97135 -0.76561 -0.049717
 0.996683 5.18291 -1.89271 0.364618
 1.02964 2.24668 1.52928 -0.327204
 1.0316 2.50954 1.59539 -0.394447
 1.03181 2.81223 1.58492 -0.462545
 1.02845 3.23595 1.46356 -0.523594
 1.01611 3.84681 1.07801 -0.529539
 1.00404 4.23895 0.671082 -0.46744
 0.988587 4.64326 0.0158738 -0.309526
 0.976562 5.06729 -0.930779 -0.0195305
 0.991913 5.34064 -2.04066 0.39021
 1.03183 2.7208 1.56988 -0.444185
 1.03036 3.03204 1.49971 -0.497555
 1.02481 3.41085 1.29748 -0.530786
 1.01054 3.91134 0.820992 -0.493607
 0.998358 4.27033 0.389284 -0.41361
 0.983069 4.70198 -0.25239 -0.252441
 0.971399 5.15366 -1.16396 0.0322529
 0.987381 5.46013 -2.24144 0.434268
 1.02678 3.28436 1.34425 -0.523367
 1.01899 3.65657 1.07423 -0.529442
 1.00287 4.12438 0.52752 -0.455722
 0.99032 4.43121 0.067566 -0.354199
 0.975979 4.81049 -0.591501 -0.173613
 0.966546 5.22005 -1.48356 0.117029
 0.985018 5.53044 -2.51639 0.509468
 1.00899 3.95022 0.718779 -0.494125
 0.991476 4.44613 0.0986825 -0.381435
 0.978677 4.76924 -0.388016 -0.261313
 0.965917 5.09637 -1.07092 -0.0562549
 0.960136 5.46405 -1.956 0.246996
 0.985216 5.67673 -2.92057 0.63093
 0.973575 4.90745 -0.586725 -0.221636
 0.962565 5.22281 -1.12656 -0.0684753
 0.954014 5.50034 -1.81392 0.158136
 0.953742 5.87875 -2.68568 0.468982
 0.989081 6.04115 -3.58119 0.841345
 0.954197 5.4318 -1.64548 0.0939622
 0.947701 5.75378 -2.32629 0.321896
 0.9527 6.13432 -3.19159 0.637307
 0.996808 6.18954 -3.98568 0.985344
 0.945471 6.07316 -3.00048 0.55647
 0.959403 6.32447 -3.77228 0.855536
 1.01398 6.281 -4.43387 1.16415
 0.9846 6.39517 -4.36683 1.10649
 1.0523 6.26937 -4.87162 1.36074
 1.13169 5.92787 -5.06859 1.5059

Fourier series term #1
 -0.000342029 -0.0524192 -0.0250596 0.00254913
 -0.000135455 -0.000318647 -0.00642512 0.000408511
 -0.00140908 -0.109199 -0.0861308 0.0106676
 -0.00148827 -0.0782607 -0.0788369 0.01119
 -0.00141205 -0.0608761 -0.0607212 0.010758
 -0.00117292 -0.0530769 -0.0351491 0.00885303
 -0.000600947 -0.0350986 0.00533243 0.00184765
 -0.000100598 -0.0176596 0.0440272 -0.00841941
 -5.50314e-05 -0.00887952 0.0571191 -0.0135126
 -0.000267408 0.00659141 0.0628087 -0.0176039
 -0.000827021 0.0223184 0.0563224 -0.0180856
 -0.00159385 0.0237867 0.043166 -0.0149657
 -0.0029372 -0.182295 -0.168242 0.0183241
 -0.00635741 -0.343527 -0.334272 0.0449037
 -0.00821142 -0.413639 -0.393596 0.0633786
 -0.00863004 -0.41108 -0.355099 0.0708888
 -0.00714362 -0.327007 -0.194205 0.0537496
 -0.00425423 -0.228237 0.0275201 0.0118545
 -0.00145219 -0.121809 0.243861 -0.0494011
 -0.00125203 -0.0821835 0.321394 -0.0794229
 -0.0024632 -0.026419 0.369663 -0.106007
 -0.00578645 0.0640955 0.362722 -0.118996
 -0.0108422 0.187748 0.268 -0.10146
 -0.00919609 -0.470888 -0.43856 0.0703067
 -0.0105563 -0.519996 -0.44488 0.0845182
 -0.0109914 -0.55995 -0.391295 0.091817
 -0.00972521 -0.527436 -0.235071 0.0757942
 -0.00720163 -0.418426 0.0224168 0.0245366
 -0.00470546 -0.259872 0.317696 -0.0609256
 -0.00495347 -0.153005 0.439456 -0.109029
 -0.00760322 -0.0210784 0.507463 -0.148694
 -0.0135823 0.139204 0.482714 -0.162552
 -0.0219544 0.330693 0.331246 -0.130531
 -0.0117859 -0.58569 -0.429012 0.0964072
 -0.0115312 -0.590097 -0.330568 0.0924112
 -0.0106612 -0.595659 -0.180605 0.0745218
 -0.00880366 -0.547959 0.0446881 0.0277557
 -0.00672384 -0.362927 0.343266 -0.0646127
 -0.00745623 -0.207742 0.481385 -0.12221
 -0.0110149 -0.0315037 0.552103 -0.167279
 -0.01842 0.167335 0.518679 -0.181905
 -0.0288287 0.432389 0.334433 -0.143253
 -0.0115657 -0.638028 -0.23646 0.0860039
 -0.0107187 -0.62396 -0.0703434 0.0571879
 -0.00931351 -0.586469 0.136286 0.00747145
 -0.00816232 -0.437166 0.386828 -0.0771856
 -0.00947989 -0.308323 0.501699 -0.128534
 -0.0138646 -0.0853002 0.56352 -0.175126
 -0.0225816 0.198045 0.508017 -0.188501
 -0.0341585 0.523518 0.287951 -0.140619
 -0.0103146 -0.63163 0.0743221 0.0259189
 -0.00958941 -0.557791 0.266549 -0.0309132
 -0.00978344 -0.400015 0.459819 -0.107757
 -0.0118502 -0.279445 0.531581 -0.147832
 -0.0167981 -0.106898 0.556086 -0.179683
 -0.025845 0.161591 0.476224 -0.183279
 -0.037655 0.533051 0.222898 -0.125757
 -0.00991046 -0.479392 0.40645 -0.0833387
 -0.0120028 -0.300317 0.526056 -0.145926
 -0.0152885 -0.150404 0.549407 -0.174328
 -0.0208126 0.00543415 0.514743 -0.184762
 -0.0299422 0.23866 0.3966 -0.170408
 -0.0397843 0.526449 0.142403 -0.103318
 -0.0163039 -0.0995302 0.541187 -0.180301
 -0.0204628 0.0280909 0.503524 -0.185993
 -0.026478 0.188346 0.410657 -0.174274
 -0.0348563 0.440475 0.22064 -0.131748
 -0.0418404 0.703399 -0.0627248 -0.0470906
 -0.0248232 0.142655 0.437568 -0.179726
 -0.0309811 0.329325 0.304247 -0.153705
 -0.0384378 0.550396 0.0989331 -0.100014
 -0.0430946 0.811036 -0.204406 -0.00470092
 -0.0368104 0.479603 0.155792 -0.115599
 -0.0427125 0.69207 -0.0733773 -0.0488225
 -0.0433817 0.907393 -0.368221 0.0506807
 -0.0449344 0.84518 -0.29126 0.0225608
 -0.0408645 0.977447 -0.534585 0.11248
 -0.0309101 1.01623 -0.698123 0.180851

Fourier series term #2
 -3.97387e-05 -0.00729004 -0.00289512 0.000303099
 -3.61988e-06 -0.000393365 -0.000142574 1.19541e-05
 9.76367e-05 0.00697176 0.00608862 -0.000753866
 -0.000173302 -0.0137296 -0.0104845 0.00152158
 3.27683e-05 0.00677461 0.00368558 -0.000775412
 -3.13852e-05 0.0049153 0.00138531 -0.000490998
 -0.000492679 -0.026462 -0.0206577 0.00531185
 -1.81346e-05 0.0223983 0.00956689 -0.00351206
 -8.97393e-05 0.0285872 0.00788785 -0.00367257
 -0.000237867 0.00114598 -0.00144933 0.000364964
 -0.000202995 -0.0280071 0.00165965 0.000998487
 -0.000350958 -0.0263995 0.00854625 -0.00158971
 0.000785618 0.0571682 0.0453896 -0.00529988
 0.000633818 0.0265516 0.020479 -0.00345811
 -0.000428011 -0.0509818 -0.0575998 0.00755319
 -0.0016881 -0.111617 -0.138041 0.0227903
 -0.00167974 -0.068977 -0.135138 0.0253236
 -0.00159538 -0.0599502 -0.127427 0.0293193
 -0.000880613 -0.0601585 -0.0964544 0.0281582
 -0.000202699 -0.0471462 -0.070286 0.0227783
 0.000443435 -0.031292 -0.0424947 0.0152835
 0.000846915 -0.0163301 -0.0168642 0.00694483
 0.000796918 -0.00768317 0.00232269 -0.000133436
 -0.000226312 -0.0419422 -0.0623461 0.00710156
 -0.0010731 -0.0780358 -0.136181 0.0191152
 -0.00225666 -0.137633 -0.232627 0.0401286
 -0.00343949 -0.210142 -0.323552 0.0683508
 -0.00283144 -0.185668 -0.314464 0.0784693
 -0.000800048 -0.139723 -0.236165 0.0704414
 0.000539789 -0.132421 -0.180749 0.0603386
 0.00194759 -0.131341 -0.114301 0.0443726
 0.00299904 -0.131667 -0.0422561 0.0229116
 0.00263548 -0.122205 0.0219705 -0.000306366
 -0.00205197 -0.129936 -0.229467 0.0375902
 -0.00336266 -0.195504 -0.336074 0.06533
 -0.00362683 -0.235363 -0.407661 0.0927492
 -0.00291553 -0.277582 -0.439799 0.118768
 -0.000287433 -0.286758 -0.368181 0.120085
 0.00185317 -0.265946 -0.284587 0.103236
 0.00418135 -0.258271 -0.1872 0.0786501
 0.00591408 -0.255146 -0.0732011 0.0434729
 0.00512893 -0.226264 0.0310379 0.00411111
 -0.00374265 -0.236451 -0.42309 0.0931166
 -0.0034596 -0.266774 -0.489353 0.122921
 -0.00230056 -0.363248 -0.533674 0.158228
 0.00160324 -0.450097 -0.474599 0.169999
 0.00480823 -0.476049 -0.383995 0.155081
 0.00823791 -0.472911 -0.248716 0.11941
 0.0107152 -0.460698 -0.0857482 0.0663884
 0.00951393 -0.410448 0.0626638 0.00767855
 -0.00279314 -0.362271 -0.569746 0.162999
 -0.000290538 -0.450849 -0.591603 0.195039
 0.005244 -0.584503 -0.515181 0.205379
 0.00960768 -0.666527 -0.412558 0.189978
 0.0146871 -0.732175 -0.253891 0.150336
 0.0187264 -0.765142 -0.0449314 0.0825723
 0.0172007 -0.706275 0.151685 0.00212891
 0.00384896 -0.598796 -0.59806 0.227127
 0.011384 -0.736124 -0.480837 0.223315
 0.0169972 -0.846778 -0.36212 0.202756
 0.0232386 -0.948206 -0.17398 0.15284
 0.0283516 -1.02334 0.0672545 0.0731218
 0.0275677 -1.07465 0.334862 -0.0292114
 0.0218369 -0.981714 -0.330922 0.212038
 0.0283035 -1.07901 -0.182094 0.176116
 0.0343702 -1.13929 0.0152502 0.114023
 0.0401658 -1.29411 0.294396 0.0225018
 0.037474 -1.36999 0.592176 -0.0945231
 0.0343512 -1.16521 -0.0285586 0.134704
 0.0410537 -1.29479 0.186852 0.0695392
 0.0461552 -1.46561 0.483017 -0.0300061
 0.0411102 -1.45686 0.728275 -0.137325
 0.0477988 -1.49579 0.440921 -0.00709258
 0.0502799 -1.58371 0.696129 -0.102332
 0.0421192 -1.56345 0.91867 -0.204089
 0.0492079 -1.66497 0.933238 -0.193625
 0.0368585 -1.65 1.13088 -0.286122
 0.0197242 -1.63115 1.28342 -0.360182

Fourier series term #3
 2.10215e-05 0.00368996 0.00149198 -0.000152975
 2.49067e-05 0.00347178 0.00174313 -0.000196842
 2.75981e-06 0.000468173 0.000217463 -2.9344e-05
 1.76948e-05 0.00125714 0.00106152 -0.000153248
 0.000175533 0.013277 0.0103885 -0.00183494
 -0.000339826 -0.0238897 -0.0186183 0.00398808
 0.00010376 0.00924442 0.0064028 -0.00172612
 0.000171783 0.0235987 0.0114306 -0.00401932
 -9.57204e-05 -0.0146242 -0.00495392 0.002117
 -6.3776e-05 -0.0409035 -0.00565118 0.00389776
 -5.83501e-06 -0.0249876 0.00248598 0.000522497
 -8.91756e-05 0.0180773 -0.00540662 0.000881906
 -0.000185286 -0.0182126 -0.0112782 0.00139907
 0.000632377 0.0536362 0.0429342 -0.00581411
 0.000477285 0.0238537 0.0290692 -0.00418206
 -6.6155e-05 -0.026959 -0.0110126 0.00249312
 -0.000290918 -0.0225276 -0.020434 0.00427425
 -0.000250955 -0.00509013 -0.0159242 0.00312502
 -0.000342217 -0.00519056 -0.0205508 0.00500504
 -0.00041479 -0.022815 -0.0245981 0.00774867
 -0.000310182 -0.0300865 -0.0184767 0.00703742
 -0.000224537 -0.0165832 -0.00878631 0.00350516
 -0.000241743 0.0106819 -0.00982528 0.00242148
 0.000900504 0.0504623 0.0572215 -0.00824885
 0.000889703 0.0425321 0.0527354 -0.00871475
 0.000333334 -0.00559619 0.0102044 -0.00183415
 -0.000281463 -0.04701 -0.0442015 0.00920616
 -0.000918788 -0.0675735 -0.0833195 0.0203173
 -0.00085667 -0.0547835 -0.0815667 0.0228111
 -0.000548704 -0.0389328 -0.0724505 0.0212568
 -0.00016535 -0.0231247 -0.0619794 0.0188654
 0.000266066 -0.0154468 -0.0503731 0.0160269
 0.000644748 -0.0132955 -0.0358714 0.0118392
 0.000684489 0.015183 0.0346956 -0.00636376
 0.000677765 0.0227664 0.0205328 -0.0058651
 -0.000509317 -0.0572381 -0.0620864 0.0133972
 -0.00124908 -0.117142 -0.130622 0.0344831
 -0.000807192 -0.0871587 -0.141923 0.0413618
 -0.000279789 -0.0687862 -0.134946 0.0415328
 0.000473251 -0.0743653 -0.116459 0.0393706
 0.00124588 -0.0458377 -0.0907671 0.0314513
 0.00210841 -0.0237627 -0.0717478 0.0248729
 7.93916e-06 -0.0227686 -0.028785 0.00474642
 -0.000820945 -0.0692357 -0.0912636 0.0212627
 -0.000931487 -0.0907257 -0.152599 0.0404747
 -0.000394282 -0.153729 -0.20536 0.0658846
 0.000730299 -0.161935 -0.205611 0.0712978
 0.00219305 -0.147239 -0.180452 0.0669791
 0.00381947 -0.124747 -0.140351 0.0553635
 0.00516003 -0.0991729 -0.0962989 0.0397143
 -0.000790598 -0.0750152 -0.136651 0.0342984
 -0.000667825 -0.0952868 -0.194052 0.0553128
 0.000689798 -0.159478 -0.244646 0.0827297
 0.00250469 -0.201188 -0.250036 0.0929597
 0.00525642 -0.240626 -0.223304 0.0926608
 0.0085164 -0.274028 -0.160222 0.077519
 0.0105048 -0.251064 -0.0839001 0.049468
 0.000239435 -0.143025 -0.251595 0.081567
 0.0028134 -0.166849 -0.2794 0.10167
 0.00564553 -0.242895 -0.278872 0.113525
 0.00894909 -0.273916 -0.233617 0.106059
 0.0140003 -0.37746 -0.144758 0.0869026
 0.0173457 -0.441828 -0.0131415 0.043733
 0.00767121 -0.291402 -0.286242 0.124163
 0.0107764 -0.304929 -0.25615 0.120412
 0.0148072 -0.3364 -0.198571 0.107346
 0.0206696 -0.44672 -0.087375 0.0792062
 0.0249348 -0.55455 0.0736738 0.0266536
 0.014379 -0.349218 -0.21404 0.114523
 0.0190895 -0.405628 -0.144242 0.0982979
 0.0248068 -0.48999 -0.033429 0.0665827
 0.028084 -0.613851 0.1499 0.00541215
 0.0243004 -0.482969 -0.0568771 0.0755875
 0.0293882 -0.592717 0.0853236 0.0323777
 0.030663 -0.665889 0.246319 -0.0268711
 0.0322746 -0.687995 0.232438 -0.0162788
 0.031569 -0.682559 0.334085 -0.061028
 0.0271596 -0.690635 0.435419 -0.105077

Fourier series term #4
 8.34005e-06 0.00156548 0.000579206 -5.94511e-05
 1.15018e-05 0.00166172 0.000805184 -9.16328e-05
 -3.32505e-07 2.33223e-07 -3.64756e-05 3.47451e-06
 8.19741e-05 0.00687168 0.00494089 -0.000737897
 -0.000103197 -0.00796028 -0.00627264 0.00110937
 -4.14224e-05 -0.00414691 -0.00318831 0.000674888
 0.000270886 0.0191959 0.0133091 -0.00354306
 -0.000100458 -0.0182762 -0.00862858 0.00306119
 -4.86078e-05 -0.0239811 -0.00795177 0.00342101
 7.70666e-05 -0.00387597 -0.000663287 0.00038612
 5.74257e-05 0.0215843 -0.00185355 -0.000604239
 0.000155852 0.0239721 -0.00746776 0.00134226
 -0.000301749 -0.0360258 -0.0208638 0.00258716
 0.000104059 0.0159259 0.00840531 -0.00130274
 0.000438579 0.0370083 0.0286505 -0.00462367
 -7.64321e-05 -0.0146935 -0.00489611 0.00133385
 2.30572e-05 -0.0048394 -0.00111371 0.000453874
 6.12782e-05 0.00172374 0.00211671 -0.000512935
 -4.43007e-07 -0.00106398 -0.000650554 0.000204027
 -1.4429e-05 -0.00316386 -0.00377438 0.00118216
 6.08273e-06 -0.0056667 -0.00488819 0.00176929
 3.22661e-05 -0.00512279 -0.0024031 0.00105757
 -2.25599e-05 -0.00363287 0.000799562 -9.65681e-05
 0.000294705 0.0276321 0.0232333 -0.00354158
 0.000587032 0.0488494 0.0441797 -0.00751879
 0.000670646 0.0388142 0.0445291 -0.00834686
 0.000186998 -0.0143134 0.00931186 -0.000811857
 7.53551e-05 -0.0203832 -0.00616781 0.00241046
 1.27386e-05 -0.00845146 -0.00846336 0.00255171
 -4.28606e-05 -0.0144953 -0.0100479 0.00355608
 -1.30388e-05 -0.0229206 -0.00808249 0.00370943
 0.000101027 -0.0304141 -0.00298721 0.00263287
 0.000130443 -0.0320899 0.00346779 0.000394975
 0.000898362 0.0545363 0.0602138 -0.0110234
 0.000891407 0.0510922 0.0651195 -0.0130924
 0.000745169 0.0240752 0.0463576 -0.0102522
 0.000278533 -0.0293554 0.000257746 0.00141344
 -5.2036e-05 -0.0607508 -0.02069 0.00903893
 2.45597e-05 -0.0716886 -0.0235384 0.0111136
 0.000202505 -0.0430089 -0.0167013 0.00766716
 0.000225894 -0.019816 -0.0116611 0.00479569
 0.000416154 -0.0479963 0.00358356 0.00130315
 0.00101254 0.0434176 0.069668 -0.0153347
 0.00101748 0.0469366 0.0671909 -0.017203
 0.000261838 -0.0272593 0.0236966 -0.00446917
 0.00010024 -0.0822667 -0.0163048 0.00944666
 0.000311742 -0.124468 -0.0249397 0.0155024
 0.000640284 -0.106181 -0.0187909 0.0130413
 0.000921512 -0.0832496 -0.0103024 0.00896489
 0.000994135 -0.0839444 0.00745913 0.00260119
 0.000546299 -0.00269041 0.0516533 -0.0125519
 0.000267121 -0.0165189 0.0385286 -0.00999465
 2.74842e-05 -0.0635334 0.00741637 0.00126185
 0.000303284 -0.111396 -0.00551857 0.00902398
 0.00104552 -0.1584 0.00130684 0.0107886
 0.00203705 -0.189654 0.0185741 0.0075998
 0.00220645 -0.160092 0.0346982 -0.00102128
 3.62627e-05 -0.0336579 0.0334248 -0.00852604
 -0.000241159 -0.072812 0.0222932 -0.00296139
 7.55516e-05 -0.104516 0.0162287 0.00163777
 0.000428906 -0.112252 0.0191129 0.00143623
 0.00247661 -0.22346 0.0511118 -0.000323448
 0.00253784 -0.214955 0.0776589 -0.0117776
 -0.000409951 -0.10046 0.0297828 -0.00376642
 -0.000447618 -0.0971628 0.0306828 -0.00435134
 0.000190384 -0.137973 0.0451217 -0.00563821
 0.000757498 -0.156255 0.0601922 -0.00968085
 0.00170721 -0.248234 0.124258 -0.0264353
 -6.86208e-05 -0.149221 0.0502068 -0.00652721
 -0.000279133 -0.135791 0.0557061 -0.00986932
 -0.000139345 -0.144235 0.0689092 -0.0142194
 0.00079866 -0.244766 0.139505 -0.032619
 -0.000680903 -0.142257 0.0710434 -0.0153638
 -0.000383533 -0.175414 0.0986767 -0.0229374
 -0.00023513 -0.243987 0.157358 -0.0400553
 -0.000542636 -0.228945 0.146388 -0.0367527
 -0.00258459 -0.271826 0.200304 -0.0552777
 -0.00607187 -0.271794 0.222319 -0.0653676

Fourier series term #5
 5.3659e-07 0.000120667 3.47778e-05 -3.5941e-06
 -5.53116e-06 -0.000742661 -0.000379854 4.21952e-05
 1.07842e-05 0.00113891 0.000705982 -9.19406e-05
 -1.07672e-05 -0.000740218 -0.000620536 9.08357e-05
 -5.11392e-05 -0.00396297 -0.00304599 0.000537736
 0.000101852 0.00718731 0.00558818 -0.00119848
 -3.47351e-05 -0.00277654 -0.00179675 0.000496726
 -5.76428e-05 -0.00722487 -0.00370471 0.00127183
 2.30906e-05 0.00381249 0.0010105 -0.000485809
 1.80644e-05 0.012306 0.00165676 -0.00116433
 -3.53626e-06 0.00820632 -0.000574558 -0.000250112
 1.73593e-05 -0.00518208 0.0017906 -0.000334048
 -3.37752e-05 -0.00902745 -0.00324363 0.000493432
 -0.000171477 -0.0137318 -0.0109047 0.00149409
 8.7905e-05 0.0139715 0.00764793 -0.00134988
 0.000131738 0.00604731 0.00684945 -0.00125981
 -4.48109e-05 -0.00495095 -0.00277786 0.000720602
 -1.82992e-05 -0.00191991 -0.000120938 0.000163862
 3.25257e-05 0.00231864 0.000755044 -0.000325277
 1.38459e-05 4.66163e-05 -0.00111146 0.000291199
 7.39853e-06 -0.00140948 -0.000748508 0.000305886
 -8.8989e-06 0.000117222 0.000771313 -0.000252099
 -1.50102e-05 0.00234137 0.000102095 -0.000164183
 -0.000102118 -0.00681648 -0.00629502 0.000935457
 0.00025989 0.0307925 0.020041 -0.00383581
 0.000301072 0.0320891 0.0264407 -0.00537466
 0.000253554 0.0128686 0.0166718 -0.00360218
 1.43205e-06 -0.0159724 -0.00326487 0.00165725
 6.97388e-05 -0.00265413 0.00283396 -0.000516311
 8.5482e-05 0.00777865 0.00379409 -0.00148989
 6.56136e-05 0.0131183 0.000684833 -0.00096957
 0.000131056 0.00490651 -0.00302769 0.000740674
 0.000280477 -0.0131737 0.0013356 0.000332836
 0.00016082 0.0198621 0.0172949 -0.00333207
 0.000395014 0.0418717 0.0356444 -0.00783522
 0.000553006 0.0439547 0.0446472 -0.01087
 0.000222269 -0.00444891 0.0169078 -0.00350206
 0.000214827 -0.0119986 0.00166992 0.000364337
 0.00021123 -0.0136362 -0.00152976 0.00140927
 0.000131274 -0.000116275 0.00258221 -0.000678521
 9.75829e-05 -0.000547483 0.002146 -0.000531151
 0.00037466 -0.0215484 0.00526399 -0.000395421
 0.000470897 0.037888 0.0427532 -0.00988314
 0.000616305 0.0527578 0.0590776 -0.0154567
 0.000624622 0.0511371 0.0540998 -0.0163056
 0.000285987 -0.0146981 0.0202028 -0.00462584
 0.000390087 -0.0390675 0.00733716 0.000563555
 0.000440932 -0.0395714 0.00701197 0.000747866
 0.000486554 -0.043779 0.0126574 -0.000948128
 0.000663593 -0.0461927 0.0156576 -0.00218633
 0.000760582 0.0605712 0.0685569 -0.0199268
 0.00052051 0.0639569 0.0687609 -0.0223875
 0.000105848 0.0160959 0.0480674 -0.0155186
 8.1097e-05 -0.015663 0.036421 -0.0103424
 0.000440983 -0.0462777 0.0259523 -0.00504857
 0.00103132 -0.0942582 0.0345603 -0.00457772
 0.000898781 -0.0945957 0.0451581 -0.00906866
 0.000138348 0.0534013 0.0767163 -0.0262195
 -0.000230378 0.0379179 0.0563356 -0.0210602
 -0.00077337 0.0431264 0.0558609 -0.022513
 -0.00057217 -0.0155813 0.0488053 -0.0160301
 4.14641e-05 -0.0755669 0.0564465 -0.0142212
 -1.0794e-05 -0.0847654 0.0622315 -0.0163169
 -0.00144331 0.0503035 0.06762 -0.0282551
 -0.00164466 0.0254995 0.0612905 -0.0248218
 -0.00189906 0.0174138 0.0509734 -0.0211851
 -0.00225179 0.00518686 0.0464535 -0.0190076
 -0.00205889 -0.053054 0.0662917 -0.0216069
 -0.00204035 0.00804008 0.0606524 -0.0240092
 -0.00277966 0.0236132 0.0486536 -0.0217937
 -0.00360222 0.02597 0.0399405 -0.019253
 -0.00338293 0.00251049 0.0358146 -0.0154226
 -0.00379434 0.0135123 0.0520059 -0.0228586
 -0.00489981 0.0567591 0.0170289 -0.0139145
 -0.00474984 0.0280519 0.0179523 -0.011216
 -0.00573927 0.0451543 0.0142224 -0.0119325
 -0.00546921 0.0209376 0.0165342 -0.010124
 -0.0066346 -0.0105778 0.0344339 -0.014279


