**************************************************************
***  MERIS LUT-169: Fourier series terms (s0,..,s5)[TERM]] ***
***                 of polynomial coefficients (k0,..,k3)  ***
***                 for each of 81 aerosol models [IAER],  ***
***                 & for each of 78 geometries [SVZA]     ***
***  - - - - - - - - - - - - - - - - - - - - - - - - - - - ***
***  => useful for multiplicative aer.scat.fct. retrieval  ***
**************************************************************

12 Gaussian angles (deg): SZA/VZA
------------------------         

 2.84 17.64 28.77 36.19 43.61 51.03 58.46 65.88 69.59 73.30 77.01 80.72

Coefficients: [SVZA x (k0,k1,k2,k3)]
------------                        

 Aerosol model #64
 - - - - - - -  

Fourier series term #0
 1.00932 0.772128 0.390321 -0.0620479
 1.01621 1.25008 0.666622 -0.114481
 1.02287 1.64011 0.895603 -0.174511
 1.0282 1.93997 1.04333 -0.227528
 1.03389 2.27477 1.15399 -0.288248
 1.03892 2.6308 1.173 -0.34586
 1.04161 2.9997 1.02689 -0.378262
 1.0395 3.37091 0.606767 -0.339086
 1.0362 3.54556 0.245829 -0.265998
 1.0327 3.69605 -0.237983 -0.137715
 1.03383 3.78046 -0.82749 0.0540318
 1.05291 3.67477 -1.38895 0.277377
 1.01833 1.41232 0.744774 -0.134385
 1.02402 1.77008 0.913771 -0.186031
 1.02851 2.06047 1.01466 -0.230423
 1.03292 2.37881 1.06776 -0.277451
 1.03637 2.72395 1.03195 -0.318018
 1.03716 3.0831 0.840421 -0.331027
 1.03285 3.44252 0.392118 -0.272754
 1.02847 3.61738 0.0267852 -0.192301
 1.02393 3.77521 -0.455859 -0.0589176
 1.02403 3.87334 -1.04131 0.135726
 1.0421 3.78627 -1.59934 0.360343
 1.02534 2.00091 0.938919 -0.216004
 1.02898 2.24858 0.969158 -0.248834
 1.03263 2.53862 0.959559 -0.283158
 1.03523 2.84598 0.868747 -0.308475
 1.03522 3.1661 0.644666 -0.307029
 1.03038 3.49876 0.199049 -0.240552
 1.02584 3.66604 -0.150958 -0.159892
 1.02114 3.82211 -0.610506 -0.0295621
 1.02092 3.9273 -1.1694 0.15916
 1.03814 3.86064 -1.70765 0.377939
 1.03524 2.39234 0.945553 -0.268977
 1.03839 2.62982 0.884815 -0.290553
 1.04059 2.89948 0.759653 -0.3042
 1.04027 3.18768 0.518414 -0.292307
 1.03548 3.4941 0.0762302 -0.218511
 1.03127 3.65543 -0.262597 -0.136857
 1.0272 3.80817 -0.704681 -0.0078958
 1.02796 3.9142 -1.24093 0.176682
 1.04642 3.85348 -1.75531 0.38933
 1.03714 2.78254 0.757741 -0.293312
 1.03736 3.00204 0.589074 -0.290416
 1.03533 3.26442 0.324385 -0.264852
 1.02935 3.5587 -0.124036 -0.1801
 1.02491 3.71694 -0.459099 -0.0945913
 1.02101 3.86952 -0.890719 0.0357907
 1.02235 3.97878 -1.40975 0.218538
 1.04177 3.92584 -1.90377 0.426594
 1.03608 3.13518 0.374089 -0.266352
 1.03297 3.35612 0.0837846 -0.224063
 1.02649 3.63802 -0.374327 -0.125829
 1.02217 3.79484 -0.707716 -0.0351407
 1.01885 3.94822 -1.13187 0.0983764
 1.0214 4.05667 -1.63424 0.280487
 1.04257 4.00207 -2.10173 0.482861
 1.02875 3.49683 -0.236813 -0.158845
 1.02208 3.75034 -0.71075 -0.0419573
 1.01831 3.9048 -1.04543 0.0560271
 1.01625 4.05339 -1.46208 0.194117
 1.02106 4.15684 -1.94405 0.375362
 1.04557 4.09151 -2.37389 0.569
 1.01643 3.92166 -1.18788 0.0951738
 1.01411 4.0489 -1.51782 0.201513
 1.01472 4.17803 -1.91727 0.342812
 1.02377 4.26137 -2.36279 0.51895
 1.05384 4.16581 -2.72758 0.694626
 1.01344 4.14092 -1.83451 0.310495
 1.0163 4.24278 -2.21194 0.450092
 1.02866 4.3004 -2.62294 0.618727
 1.06302 4.17347 -2.93304 0.777646
 1.02224 4.30065 -2.55215 0.583555
 1.03913 4.30414 -2.90038 0.735533
 1.07885 4.12653 -3.1283 0.867269
 1.06163 4.23057 -3.15231 0.857855
 1.10728 3.97915 -3.26364 0.948745
 1.1576 3.63456 -3.2208 0.982012

Fourier series term #1
 -0.000382898 -0.02973 -0.0160466 0.00253866
 -0.00071447 -0.0440451 -0.0270504 0.00461506
 -0.000823899 -0.0427637 -0.0249504 0.00492844
 -0.000929458 -0.0447446 -0.0216794 0.0049865
 -0.000973803 -0.0436257 -0.0131037 0.00394058
 -0.000963151 -0.0401987 3.08571e-05 0.00150608
 -0.000882547 -0.0318825 0.0168815 -0.00277945
 -0.000816451 -0.0177975 0.0328263 -0.00836618
 -0.000850589 -0.00815726 0.0377584 -0.0109502
 -0.000978838 0.00351524 0.0384161 -0.0125629
 -0.00121143 0.0175388 0.0326938 -0.0122025
 -0.00141794 0.0321376 0.0196434 -0.00893522
 -0.00380029 -0.232865 -0.134936 0.0243707
 -0.00488299 -0.263213 -0.135456 0.0282861
 -0.00538632 -0.268412 -0.108204 0.0265665
 -0.0056842 -0.26348 -0.0575304 0.0196093
 -0.00567036 -0.238261 0.0179512 0.00472482
 -0.00539299 -0.182945 0.108819 -0.0192227
 -0.00538623 -0.0922807 0.187577 -0.0480854
 -0.00586553 -0.0317765 0.207563 -0.0602593
 -0.00694651 0.040684 0.202324 -0.0662634
 -0.00866885 0.124979 0.160404 -0.0604629
 -0.0101735 0.212815 0.0771545 -0.0380376
 -0.00702551 -0.396168 -0.159565 0.0389486
 -0.00798944 -0.416205 -0.118122 0.0351743
 -0.00850238 -0.400193 -0.0389566 0.021762
 -0.00858309 -0.349801 0.0679319 -0.00231715
 -0.00840756 -0.257896 0.18589 -0.0369143
 -0.00871709 -0.113201 0.279957 -0.076094
 -0.00960508 -0.0184867 0.297694 -0.0914369
 -0.01139 0.0921056 0.279109 -0.097293
 -0.0141043 0.217521 0.209148 -0.0859713
 -0.0164498 0.347102 0.082043 -0.0510742
 -0.00992647 -0.471219 -0.0830097 0.0323422
 -0.0104375 -0.458292 0.00423547 0.0155632
 -0.0102757 -0.393517 0.120852 -0.0136471
 -0.00979574 -0.279781 0.242811 -0.052931
 -0.00992278 -0.111909 0.330988 -0.0942126
 -0.0107984 -0.00262485 0.341788 -0.109278
 -0.0126163 0.12425 0.311917 -0.113135
 -0.0153188 0.267042 0.225564 -0.0974799
 -0.0172556 0.414328 0.0772688 -0.0556717
 -0.0112556 -0.472382 0.0799009 -0.000374391
 -0.0114835 -0.404507 0.187556 -0.030981
 -0.011572 -0.272818 0.295617 -0.0708396
 -0.0125855 -0.0820222 0.361143 -0.109481
 -0.0140151 0.0376201 0.356696 -0.121226
 -0.0163646 0.177731 0.308958 -0.120371
 -0.0194397 0.336954 0.201732 -0.0983558
 -0.0212698 0.49826 0.0321685 -0.049034
 -0.012373 -0.363383 0.264616 -0.0562226
 -0.0130844 -0.233701 0.341807 -0.0909129
 -0.0148061 -0.0299766 0.37119 -0.12167
 -0.0165911 0.0992488 0.345825 -0.127672
 -0.0192261 0.247336 0.276384 -0.119792
 -0.0222993 0.413215 0.148048 -0.0899299
 -0.0234796 0.577886 -0.0381948 -0.0334028
 -0.0147429 -0.140928 0.372268 -0.112671
 -0.0173988 0.0538782 0.352446 -0.128569
 -0.0195658 0.186123 0.300961 -0.125773
 -0.0222864 0.335901 0.206465 -0.108299
 -0.0250072 0.502406 0.0567155 -0.0690961
 -0.024973 0.659899 -0.140144 -0.00613266
 -0.0208353 0.197599 0.279777 -0.122885
 -0.0231744 0.311117 0.202368 -0.108273
 -0.0255968 0.450319 0.0837867 -0.0792337
 -0.0272113 0.60474 -0.0825736 -0.0303585
 -0.0251001 0.74307 -0.28017 0.0369573
 -0.025294 0.40287 0.115638 -0.0872234
 -0.0273154 0.524412 -0.010147 -0.0524936
 -0.0280622 0.662171 -0.1783 0.000154171
 -0.0241811 0.782288 -0.368119 0.067545
 -0.0285614 0.615735 -0.134538 -0.0137534
 -0.0277568 0.722204 -0.292105 0.0394256
 -0.0216436 0.811095 -0.46086 0.10274
 -0.0248614 0.783462 -0.423837 0.0883321
 -0.0160622 0.82268 -0.550858 0.140594
 -0.00451872 0.79951 -0.615556 0.173658

Fourier series term #2
 -1.8931e-05 -0.00161138 -0.000801411 0.00012754
 -1.91671e-05 -0.00164269 -0.000977379 0.000164041
 -2.62596e-06 -0.000359044 -0.000512944 8.76787e-05
 -2.25152e-05 -0.00167479 -0.00145573 0.000294409
 -2.42647e-06 -0.000245963 -0.000914261 0.000189647
 -7.0321e-06 -0.000584446 -0.00125237 0.000304313
 -3.23721e-05 -0.00253276 -0.00187975 0.000586928
 4.18701e-06 -0.000198354 -0.000828468 0.000262687
 9.49819e-06 4.03958e-05 -0.000632411 0.000206628
 -1.91691e-06 -0.00144537 -0.000348107 0.000211454
 -1.76615e-05 -0.00304855 0.000455665 4.04908e-05
 -3.91944e-05 -0.00287232 0.00108752 -0.000210536
 -0.000545694 -0.0502069 -0.0302098 0.00529048
 -0.000353437 -0.0366229 -0.0316406 0.00592207
 -0.000276829 -0.032135 -0.0365733 0.00737075
 -0.00027193 -0.0353478 -0.0446877 0.0100298
 -0.00022732 -0.0402966 -0.0496874 0.0127062
 -0.000112312 -0.0481048 -0.0475487 0.014314
 0.000133984 -0.0579536 -0.0338429 0.0129308
 0.000314849 -0.061774 -0.0216446 0.0102776
 0.00047974 -0.0636021 -0.00636137 0.00602961
 0.000489356 -0.0622184 0.0100554 0.000504367
 7.14872e-05 -0.0550083 0.0227832 -0.00479572
 -0.000674107 -0.0882039 -0.076004 0.0157883
 -0.000626587 -0.0936612 -0.0938784 0.0210312
 -0.000530969 -0.0990156 -0.108072 0.0266986
 -0.00042213 -0.114568 -0.11596 0.0325218
 -0.000123164 -0.135857 -0.107311 0.0354953
 0.000549808 -0.155155 -0.0719853 0.0308301
 0.00100787 -0.162544 -0.0429522 0.0240861
 0.001425 -0.166188 -0.00743829 0.0138401
 0.00148883 -0.162784 0.0304423 0.000725188
 0.000535354 -0.145961 0.0602202 -0.0120257
 -0.00127246 -0.13767 -0.136219 0.0331199
 -0.00133848 -0.161753 -0.159329 0.0426918
 -0.00116612 -0.18397 -0.165307 0.049982
 -0.000674002 -0.212327 -0.147576 0.0525419
 0.000366707 -0.241394 -0.0951681 0.044727
 0.00110322 -0.250365 -0.0536356 0.0345429
 0.00178602 -0.254415 -0.00347938 0.019564
 0.00194816 -0.249657 0.0504003 0.000484492
 0.000617796 -0.226213 0.0934523 -0.0182588
 -0.00128127 -0.230256 -0.196612 0.058544
 -0.00092327 -0.274426 -0.201289 0.0678034
 -3.19758e-05 -0.312607 -0.171574 0.0687748
 0.00154844 -0.345739 -0.100415 0.0562221
 0.00253339 -0.358758 -0.046926 0.0424315
 0.00339383 -0.365878 0.0177475 0.0224455
 0.00351711 -0.360565 0.0872927 -0.00290425
 0.00159536 -0.330275 0.143006 -0.0278855
 -0.000569597 -0.367297 -0.208538 0.0808126
 0.000688999 -0.425465 -0.168839 0.0803424
 0.0027893 -0.467402 -0.0797249 0.0623914
 0.00403123 -0.483285 -0.0147768 0.0444709
 0.00507611 -0.492879 0.0627548 0.0194014
 0.00514555 -0.488819 0.146099 -0.011961
 0.00256074 -0.454675 0.213334 -0.0429753
 0.00226894 -0.53686 -0.121432 0.0798849
 0.00483802 -0.60258 -0.016466 0.0567259
 0.00617393 -0.624896 0.0584703 0.0346544
 0.00727447 -0.638522 0.147004 0.00450353
 0.00715758 -0.633361 0.239674 -0.0320073
 0.00351064 -0.595396 0.314044 -0.0678455
 0.00772102 -0.733081 0.10715 0.0291346
 0.00913068 -0.773312 0.191434 0.00331988
 0.00995875 -0.792259 0.286297 -0.0307398
 0.00903248 -0.792096 0.385331 -0.0713878
 0.00391087 -0.74601 0.456472 -0.108642
 0.010137 -0.831105 0.281772 -0.0242755
 0.0105057 -0.865203 0.38152 -0.0599798
 0.00881753 -0.867364 0.479018 -0.100996
 0.00271971 -0.813159 0.540754 -0.136111
 0.0103732 -0.91963 0.488132 -0.0975396
 0.00770912 -0.927646 0.582886 -0.137869
 -1.82013e-05 -0.869055 0.631986 -0.168854
 0.00342016 -0.946277 0.671984 -0.175037
 -0.00606673 -0.891878 0.710092 -0.201248
 -0.017528 -0.843589 0.733578 -0.220241

Fourier series term #3
 3.06887e-06 0.000249431 0.000127997 -2.03686e-05
 1.12902e-05 0.000856605 0.000463371 -7.95394e-05
 -9.51739e-06 -0.000680845 -0.000373136 7.25746e-05
 1.83602e-06 0.000122387 6.87563e-05 -1.50744e-05
 1.27791e-05 0.000860523 0.000439324 -0.000109957
 -2.08242e-05 -0.00137904 -0.000630594 0.000184339
 6.56934e-06 0.000503816 0.000154299 -5.96815e-05
 1.35606e-05 0.00121361 0.000197127 -0.00011658
 -8.67853e-06 -0.00076591 -8.58778e-05 6.69354e-05
 -1.90223e-05 -0.00204594 9.14401e-05 8.86737e-05
 -1.18918e-05 -0.00122896 0.000237249 -7.67447e-06
 1.10523e-05 0.000852104 -0.000334333 6.74406e-05
 -0.000271128 -0.0237632 -0.0118603 0.00214094
 -0.000125888 -0.0113971 -0.00545739 0.00109357
 -5.12408e-05 -0.0050715 -0.00237272 0.000493156
 -2.82122e-05 -0.00307295 -0.00219061 0.000444954
 -2.43851e-05 -0.00265163 -0.00345112 0.000762911
 1.06163e-05 -0.000899806 -0.00476771 0.0011402
 6.2088e-05 -0.000763397 -0.0065269 0.00181566
 9.76365e-05 -0.00205863 -0.00691636 0.00213181
 0.00015154 -0.00358097 -0.00637277 0.00218443
 0.00022105 -0.00463113 -0.00488053 0.00186127
 0.000273695 -0.00519472 -0.00276336 0.00120694
 -0.000332333 -0.0353569 -0.016573 0.00366764
 -0.000243126 -0.0269345 -0.0136638 0.0031665
 -0.000129622 -0.0161234 -0.0117777 0.00273512
 -2.90264e-05 -0.00900847 -0.0143665 0.00340789
 6.75523e-05 -0.00779196 -0.0205365 0.0054545
 0.000269639 -0.00939004 -0.0252167 0.00771891
 0.000446345 -0.011541 -0.0254276 0.00843468
 0.000683344 -0.0152449 -0.0229639 0.00838193
 0.000957909 -0.0203188 -0.0168804 0.00703672
 0.00114742 -0.0248942 -0.00771838 0.00423477
 -0.000462428 -0.0421596 -0.0239168 0.00589874
 -0.000332058 -0.0322895 -0.0258224 0.00650449
 -0.000176777 -0.0221775 -0.0309025 0.00807645
 1.79283e-05 -0.018072 -0.0394888 0.0112582
 0.000382309 -0.0217938 -0.0460037 0.0149369
 0.000685431 -0.0267373 -0.0450705 0.0158678
 0.0010858 -0.0339205 -0.0391351 0.0152486
 0.00156056 -0.0401402 -0.0280699 0.0124824
 0.00188821 -0.0452491 -0.0129991 0.00761693
 -0.000362545 -0.0504179 -0.0429085 0.0117954
 -0.00014739 -0.0465516 -0.0537083 0.0156333
 0.000287878 -0.0403262 -0.0637088 0.0199813
 0.000978084 -0.0471078 -0.0681056 0.0241975
 0.00152685 -0.0545259 -0.0643659 0.0248429
 0.00222327 -0.0641013 -0.0537641 0.02317
 0.00298221 -0.0733539 -0.0355955 0.0182816
 0.00345424 -0.0794629 -0.0123057 0.0103916
 3.13138e-05 -0.0732825 -0.0765041 0.0247043
 0.000658313 -0.0800141 -0.0880438 0.031131
 0.00181847 -0.0883228 -0.0870026 0.0347606
 0.00267543 -0.0959423 -0.0783455 0.0341781
 0.00371477 -0.106796 -0.0612833 0.0305816
 0.00478176 -0.118937 -0.0344795 0.0227787
 0.00535344 -0.126951 -0.00151019 0.0111159
 0.00149938 -0.126911 -0.101524 0.0413743
 0.00328959 -0.148008 -0.0917173 0.043618
 0.00454401 -0.158942 -0.0756303 0.0408764
 0.00581795 -0.168782 -0.0507581 0.0343144
 0.00723275 -0.181513 -0.0141897 0.0225307
 0.00770757 -0.187716 0.0269345 0.00703969
 0.00569645 -0.219529 -0.0657256 0.0442151
 0.0072578 -0.240515 -0.0395558 0.0383216
 0.008871 -0.253423 -0.0046614 0.0276891
 0.0102136 -0.263896 0.0398406 0.0118479
 0.0103599 -0.263851 0.0853504 -0.00701091
 0.00874886 -0.276291 -0.00565457 0.0305157
 0.0103654 -0.299389 0.0365321 0.0175371
 0.0116219 -0.309945 0.0843313 -0.000233874
 0.0113124 -0.306181 0.130206 -0.0202382
 0.0120699 -0.338837 0.0902143 0.00103037
 0.0127663 -0.356575 0.143504 -0.0189734
 0.0115553 -0.344693 0.182623 -0.0376563
 0.012646 -0.383116 0.200534 -0.0399294
 0.0104499 -0.369581 0.234752 -0.0571214
 0.00697768 -0.361479 0.266716 -0.0728586

Fourier series term #4
 1.83896e-06 0.000153761 7.70884e-05 -1.22339e-05
 2.76122e-06 0.000217819 0.000115232 -1.97942e-05
 -3.10552e-06 -0.00022819 -0.000125345 2.43885e-05
 9.00661e-06 0.000610094 0.000331984 -7.22906e-05
 -7.36524e-06 -0.000503421 -0.000255155 6.38208e-05
 -3.08543e-06 -0.00025502 -0.000119436 3.46587e-05
 1.56011e-05 0.00104304 0.000368271 -0.00013449
 -9.51796e-06 -0.000955904 -0.000164775 9.40247e-05
 -9.96522e-06 -0.00121894 -9.08365e-05 9.3143e-05
 1.80163e-06 -0.000178832 3.41384e-06 8.91947e-06
 1.374e-05 0.00108075 -0.000231715 1.34282e-05
 2.11191e-05 0.00115314 -0.000418808 8.07661e-05
 -0.000137089 -0.0121176 -0.00601184 0.0010874
 -6.33801e-05 -0.00552205 -0.00272333 0.000554546
 -1.44195e-05 -0.00145172 -0.0005254 0.000125692
 -1.25132e-05 -0.00107491 -0.000148087 5.53479e-05
 -1.09648e-05 -0.000880832 1.22132e-05 1.82293e-05
 -5.83685e-06 -7.75193e-05 0.00035965 -9.91024e-05
 -1.40429e-05 -0.000330638 0.000222045 -6.31673e-05
 -1.24416e-05 -0.00024605 5.28391e-05 -1.97461e-05
 -6.06741e-06 0.000191758 -0.000174828 2.99989e-05
 1.29146e-06 0.000565503 -0.000417602 9.60434e-05
 1.2193e-05 0.000584576 -0.00054337 0.00014951
 -0.000221283 -0.0227693 -0.0102368 0.00234355
 -0.000154957 -0.0160434 -0.00627683 0.00161891
 -7.88568e-05 -0.00792627 -0.00169572 0.000571556
 -6.00149e-05 -0.00429029 0.000686299 -5.91172e-05
 -6.51233e-05 -0.00293106 0.00118401 -0.00026447
 -5.99137e-05 -0.000293913 0.000769115 -0.00030688
 -5.83642e-05 0.000624154 6.54358e-05 -0.000150006
 -4.73826e-05 0.00110562 -0.000875534 0.000135583
 -1.39101e-05 0.000986988 -0.00173507 0.000467532
 4.87458e-05 0.000134269 -0.00193146 0.000634957
 -0.000304096 -0.0275153 -0.010141 0.00286791
 -0.000245254 -0.0212007 -0.00528161 0.00182569
 -0.000167589 -0.0119182 4.01325e-06 0.000339979
 -0.000135215 -0.00536547 0.00208661 -0.000499284
 -0.000146803 -0.0023033 0.000959915 -0.000370396
 -0.000140824 -0.00141493 -0.000467652 3.4024e-05
 -0.000100595 0.00108996 -0.00228908 0.000519319
 -3.80402e-05 0.00199519 -0.00383119 0.00106724
 5.02701e-05 -0.000945518 -0.00335327 0.00117491
 -0.000368687 -0.0351276 -0.00781316 0.00307109
 -0.000305269 -0.0255654 -0.00220096 0.00144758
 -0.000272329 -0.0142865 0.00160431 -5.98526e-05
 -0.000239 -0.00463238 0.000353869 -0.000196778
 -0.000229657 -0.00377948 -0.00142672 0.00036985
 -0.00017533 -0.00281914 -0.00339331 0.00106141
 -6.85722e-05 -0.00283244 -0.00465339 0.00163353
 7.71979e-05 -0.00509459 -0.00379798 0.00160087
 -0.000463712 -0.0408757 -0.00377053 0.00269912
 -0.000429137 -0.0296689 -0.000588395 0.00137914
 -0.000382264 -0.015826 -0.000895911 0.000819999
 -0.000348614 -0.0117646 -0.00229901 0.00113231
 -0.00027776 -0.0106646 -0.00346331 0.00161272
 -0.000130853 -0.0114274 -0.00364168 0.00190765
 6.37822e-05 -0.0135559 -0.00177729 0.00150596
 -0.000594103 -0.0467032 -0.00212603 0.00323594
 -0.000511825 -0.0402579 0.000438537 0.00216938
 -0.000414636 -0.0335278 0.000396244 0.00191376
 -0.000397634 -0.0275242 -0.000690075 0.00216925
 -0.000154842 -0.0286053 0.00265892 0.00100104
 -3.76388e-05 -0.0262895 0.00394708 0.000564084
 -0.000547554 -0.0671133 0.00729422 0.00243975
 -0.000473705 -0.0680371 0.0114889 0.00125166
 -0.000408178 -0.0636927 0.0151383 -0.000301709
 -0.000336786 -0.0567828 0.0177779 -0.00186643
 -0.00035893 -0.0540478 0.0228547 -0.00418507
 -0.000379763 -0.0832287 0.0214472 -0.000889972
 -0.000303805 -0.0844502 0.028675 -0.00338089
 -0.000293284 -0.0784153 0.0336958 -0.00590596
 -0.000621388 -0.0729151 0.0389131 -0.00872533
 -0.000384449 -0.0998892 0.0447921 -0.00817758
 -0.00064695 -0.101784 0.0551076 -0.0121906
 -0.001232 -0.0930637 0.0583517 -0.0146399
 -0.00119537 -0.117524 0.0756798 -0.0191641
 -0.00248992 -0.112892 0.0819773 -0.0225899
 -0.0042978 -0.117485 0.0955048 -0.0280624

Fourier series term #5
 3.39798e-07 2.84516e-05 1.41758e-05 -2.2557e-06
 -2.25205e-06 -0.000171075 -9.25531e-05 1.588e-05
 2.73155e-06 0.000192406 0.000106501 -2.07782e-05
 -4.36917e-07 -2.56586e-05 -1.32989e-05 2.93995e-06
 -4.07592e-06 -0.000276028 -0.000143344 3.5639e-05
 6.22279e-06 0.000414897 0.000186058 -5.48367e-05
 -2.07492e-06 -0.000143058 -4.22141e-05 1.64449e-05
 -4.23641e-06 -0.000381972 -7.87706e-05 4.12593e-05
 2.56871e-06 0.000212086 5.42807e-06 -1.31062e-05
 5.81843e-06 0.000621685 -3.85188e-05 -2.36046e-05
 3.57101e-06 0.00038591 -7.49486e-05 2.38739e-06
 -3.32446e-06 -0.00024334 9.70405e-05 -1.99409e-05
 -7.30636e-05 -0.00650544 -0.00318967 0.000577524
 -2.9491e-05 -0.00256938 -0.00129924 0.000263018
 -1.5448e-05 -0.00124151 -0.00060954 0.000137899
 6.24224e-06 0.000363373 0.000177397 -4.52535e-05
 -4.82446e-06 -0.000438235 -0.000148163 4.74642e-05
 -3.28896e-06 -0.000220784 2.98309e-05 2.10956e-06
 2.36112e-06 0.000214873 5.66904e-05 -2.5798e-05
 -1.50385e-06 -0.000163421 2.65236e-05 4.83054e-07
 -5.56724e-06 -0.000449337 0.000130779 -1.74176e-05
 -7.27242e-06 -0.000193172 0.000165187 -4.48355e-05
 -4.8656e-06 0.000281572 -2.19036e-05 -7.1295e-06
 -0.00014711 -0.0151783 -0.00711183 0.00161433
 -9.16858e-05 -0.00976674 -0.00442481 0.00110801
 -4.12888e-05 -0.00446809 -0.0017119 0.000499823
 -6.21117e-06 -0.00105492 -5.10912e-05 5.36689e-05
 -1.36089e-05 -0.00153685 0.000116069 3.99369e-05
 -2.17145e-05 -0.00132784 0.000659742 -0.000123936
 -2.22703e-05 -0.000618492 0.000829869 -0.000224053
 -2.70186e-05 -3.99343e-05 0.000769724 -0.000252451
 -3.3507e-05 0.000128006 0.000568384 -0.000206352
 -3.59768e-05 0.000102315 0.000350581 -0.000132999
 -0.00021745 -0.0197433 -0.00855073 0.00234604
 -0.000146386 -0.0139168 -0.00527834 0.00165709
 -5.72509e-05 -0.00619756 -0.00126733 0.000560805
 -4.47586e-05 -0.0038939 0.000764117 -2.18825e-05
 -5.02202e-05 -0.00309056 0.0016988 -0.000346698
 -6.15721e-05 -0.00285608 0.00202625 -0.000483578
 -7.3297e-05 -0.000959168 0.00207479 -0.000646421
 -8.73613e-05 0.000480825 0.00148906 -0.000564499
 -8.31046e-05 0.000779615 0.000692283 -0.00030686
 -0.000221799 -0.0252257 -0.00827539 0.0029637
 -0.000158418 -0.0189509 -0.00361451 0.00178195
 -0.000101669 -0.0105656 0.00114112 0.000211312
 -0.000115526 -0.00593054 0.00394622 -0.00090758
 -0.000130185 -0.00416911 0.00419242 -0.00114483
 -0.000158633 -0.00251173 0.00398714 -0.00123945
 -0.000190285 -0.000972955 0.00319656 -0.00111299
 -0.000184015 0.000775109 0.00156437 -0.000656998
 -0.000243025 -0.0324762 -0.00401218 0.00273384
 -0.000208636 -0.0252386 0.00216236 0.000758308
 -0.000219533 -0.0139882 0.00673406 -0.00134817
 -0.000254104 -0.00861173 0.00730897 -0.00196986
 -0.000290192 -0.00417119 0.00643295 -0.00206445
 -0.000335984 -0.0018679 0.00509301 -0.00181463
 -0.000361062 -0.000176086 0.00326961 -0.00128596
 -0.000318336 -0.040146 0.00597916 0.000639288
 -0.000350658 -0.0302671 0.0112823 -0.00177082
 -0.000418637 -0.0195545 0.0119055 -0.00286852
 -0.000503527 -0.0134177 0.0112312 -0.00315575
 -0.000577388 -0.00721555 0.00920545 -0.00306268
 -0.000615721 -0.000547689 0.00457989 -0.00183425
 -0.000544619 -0.0460334 0.0194529 -0.00339198
 -0.000647139 -0.0432764 0.0221725 -0.00466386
 -0.000789482 -0.032156 0.0209107 -0.00527677
 -0.000945862 -0.0197492 0.0166253 -0.00487679
 -0.00104064 -0.0110763 0.0117631 -0.00383901
 -0.000703655 -0.0504662 0.0280717 -0.00630915
 -0.000855195 -0.0450066 0.0291223 -0.00731838
 -0.00108347 -0.031909 0.0248034 -0.00699709
 -0.00128366 -0.0181475 0.016954 -0.00530089
 -0.00117266 -0.0507872 0.0351537 -0.00925354
 -0.00144918 -0.042265 0.0326679 -0.00918806
 -0.00166315 -0.0283341 0.0247164 -0.00746096
 -0.00180671 -0.0483154 0.0406128 -0.0120934
 -0.00225034 -0.0389077 0.0348346 -0.0107789
 -0.00306387 -0.0404172 0.0373828 -0.0117725


