**************************************************************
***  MERIS LUT-169: Fourier series terms (s0,..,s5)[TERM]] ***
***                 of polynomial coefficients (k0,..,k3)  ***
***                 for each of 81 aerosol models [IAER],  ***
***                 & for each of 78 geometries [SVZA]     ***
***  - - - - - - - - - - - - - - - - - - - - - - - - - - - ***
***  => useful for multiplicative aer.scat.fct. retrieval  ***
**************************************************************

12 Gaussian angles (deg): SZA/VZA
------------------------         

 2.84 17.64 28.77 36.19 43.61 51.03 58.46 65.88 69.59 73.30 77.01 80.72

Coefficients: [SVZA x (k0,k1,k2,k3)]
------------                        

 Aerosol model #13
 - - - - - - -  

Fourier series term #0
 1.01247 1.20333 0.670179 -0.059066
 1.014 1.2929 0.759157 -0.0769782
 1.01673 1.46134 0.918829 -0.115127
 1.01908 1.61871 1.05611 -0.157371
 1.02259 1.9126 1.25707 -0.226491
 1.02569 2.3052 1.43056 -0.316141
 1.02572 2.77654 1.43251 -0.398096
 1.01925 3.37478 1.07106 -0.40776
 1.01249 3.7169 0.653887 -0.341119
 1.00456 4.06652 0.0230358 -0.190986
 1.00149 4.36564 -0.817703 0.0636008
 1.02168 4.43739 -1.69683 0.387859
 1.01533 1.38185 0.852129 -0.0995796
 1.01841 1.57653 1.02717 -0.146003
 1.02135 1.78889 1.18986 -0.198589
 1.02432 2.0593 1.34704 -0.268317
 1.02654 2.4134 1.45014 -0.350357
 1.02611 2.88113 1.4007 -0.422817
 1.01942 3.46363 1.00049 -0.418852
 1.0128 3.79112 0.576754 -0.346426
 1.00524 4.12685 -0.0466828 -0.194088
 1.00269 4.41284 -0.866569 0.0579067
 1.02315 4.47306 -1.71715 0.375559
 1.02508 1.77271 1.25155 -0.225507
 1.02855 1.98445 1.3975 -0.288838
 1.03192 2.25058 1.51939 -0.366055
 1.03443 2.5903 1.56915 -0.448901
 1.03417 3.00783 1.44956 -0.511031
 1.02843 3.52497 1.00932 -0.494647
 1.02289 3.82448 0.593289 -0.421185
 1.01681 4.13314 -0.00366859 -0.272935
 1.01595 4.39208 -0.782189 -0.0301134
 1.03762 4.43511 -1.58873 0.276358
 1.02857 2.21956 1.43489 -0.318632
 1.03046 2.49958 1.49119 -0.382857
 1.0308 2.83504 1.45097 -0.441611
 1.02798 3.25389 1.24108 -0.47179
 1.01919 3.75292 0.710041 -0.413706
 1.01217 4.03852 0.256038 -0.318035
 1.00491 4.33343 -0.366405 -0.150065
 1.00344 4.5915 -1.15493 0.106514
 1.02541 4.64009 -1.95732 0.419465
 1.03104 2.7523 1.49238 -0.440829
 1.02983 3.08165 1.3904 -0.484257
 1.02519 3.47254 1.1153 -0.491542
 1.01498 3.95165 0.540776 -0.410114
 1.0076 4.22315 0.0729249 -0.302957
 1.0005 4.49592 -0.551913 -0.125965
 0.999971 4.72305 -1.32472 0.133744
 1.02368 4.74264 -2.09298 0.441394
 1.02687 3.38098 1.21276 -0.502687
 1.02067 3.76263 0.88024 -0.484683
 1.0091 4.21698 0.255208 -0.373414
 1.00148 4.48076 -0.227136 -0.252907
 0.994773 4.74874 -0.858643 -0.0647205
 0.995653 4.95926 -1.62412 0.20187
 1.02206 4.94437 -2.36155 0.507536
 1.01263 4.10936 0.482092 -0.432238
 0.999963 4.56657 -0.186106 -0.290312
 0.992425 4.81476 -0.684347 -0.153317
 0.986829 5.07042 -1.31902 0.0473891
 0.99035 5.26577 -2.06992 0.319799
 1.0214 5.22254 -2.76636 0.620384
 0.987779 4.9883 -0.888464 -0.113936
 0.981238 5.24866 -1.39916 0.0385443
 0.97827 5.47601 -2.02528 0.250608
 0.987041 5.62942 -2.73427 0.522719
 1.02603 5.53621 -3.35332 0.807079
 0.9759 5.46752 -1.90594 0.200531
 0.975578 5.70037 -2.51842 0.414123
 0.988612 5.83571 -3.19333 0.680487
 1.0335 5.67918 -3.73284 0.943599
 0.979867 5.88084 -3.08832 0.623013
 0.999008 5.98109 -3.70125 0.87423
 1.05204 5.76336 -4.13113 1.10151
 1.02632 5.97583 -4.18563 1.08806
 1.08912 5.69634 -4.4748 1.264
 1.16 5.28138 -4.53727 1.35686

Fourier series term #1
 -0.000392287 -0.0362496 -0.0211161 0.00187632
 -0.000251986 -0.014811 -0.0133235 0.00147436
 -0.000285034 -0.0121232 -0.014286 0.00213536
 -0.000434471 -0.0221241 -0.0212727 0.00378321
 -0.000701079 -0.0438845 -0.0333781 0.00707412
 -0.000624825 -0.0429381 -0.023526 0.00697324
 -0.000501067 -0.0437496 -0.00642143 0.00475472
 -0.000396776 -0.0423071 0.0182211 -0.000975635
 -0.000434134 -0.0386142 0.0314195 -0.00515868
 -0.000633526 -0.030637 0.0421598 -0.00952611
 -0.00111403 -0.0165739 0.0459467 -0.0125124
 -0.00190415 0.00409195 0.0373796 -0.0116642
 -0.00120244 -0.0576215 -0.0622776 0.00835895
 -0.00228893 -0.119048 -0.114766 0.0190215
 -0.00303216 -0.167266 -0.14428 0.028688
 -0.00356012 -0.217667 -0.152459 0.0377686
 -0.00366092 -0.26387 -0.120425 0.0408189
 -0.00308418 -0.27772 -0.022452 0.0264784
 -0.00250172 -0.251617 0.125025 -0.010974
 -0.00280062 -0.220955 0.198914 -0.0360925
 -0.00407291 -0.168104 0.255576 -0.0609928
 -0.0069357 -0.0838062 0.271003 -0.0769481
 -0.0114405 0.0350907 0.216772 -0.0707027
 -0.00425894 -0.212437 -0.188967 0.039374
 -0.00516329 -0.275625 -0.209906 0.0519586
 -0.00562935 -0.340235 -0.192939 0.059983
 -0.00532648 -0.390796 -0.11394 0.05419
 -0.00437796 -0.421431 0.0335545 0.0254911
 -0.0033652 -0.391448 0.242443 -0.0358848
 -0.00356404 -0.335 0.348877 -0.0769196
 -0.00513088 -0.244747 0.426679 -0.116201
 -0.00888567 -0.116196 0.441734 -0.140217
 -0.0147268 0.0549471 0.35796 -0.131058
 -0.00574845 -0.353567 -0.208014 0.0602586
 -0.0059795 -0.419239 -0.161794 0.062578
 -0.00562494 -0.470231 -0.0556045 0.0491881
 -0.00487994 -0.479829 0.117404 0.0103919
 -0.00496859 -0.427668 0.324051 -0.0549086
 -0.00618193 -0.358769 0.416668 -0.0936471
 -0.00907333 -0.248645 0.472416 -0.127446
 -0.0144075 -0.0872607 0.455557 -0.142134
 -0.0216507 0.126204 0.326925 -0.118183
 -0.00604736 -0.48612 -0.087856 0.0568927
 -0.00561537 -0.521713 0.0480663 0.0311313
 -0.0053016 -0.514496 0.233451 -0.0186029
 -0.00645567 -0.426754 0.434216 -0.0914753
 -0.0085382 -0.34451 0.510495 -0.129188
 -0.0124016 -0.221563 0.541674 -0.158186
 -0.01859 -0.0467426 0.494489 -0.16463
 -0.0261224 0.178353 0.335834 -0.130788
 -0.00550212 -0.542263 0.195432 -0.00548738
 -0.00604978 -0.5039 0.375291 -0.0633097
 -0.00882282 -0.384668 0.538566 -0.134125
 -0.0119322 -0.278992 0.58439 -0.166139
 -0.0168703 -0.134901 0.577243 -0.185047
 -0.0237893 0.0549173 0.486097 -0.177027
 -0.0309561 0.281661 0.288941 -0.127819
 -0.00822778 -0.437275 0.516013 -0.118616
 -0.0131582 -0.279246 0.616412 -0.178316
 -0.0174667 -0.158422 0.617692 -0.198138
 -0.0233472 0.00381015 0.560298 -0.20109
 -0.0306007 0.207376 0.418449 -0.17434
 -0.0364947 0.433003 0.18226 -0.107744
 -0.0202131 -0.0917874 0.623487 -0.212472
 -0.0256965 0.0511375 0.56716 -0.213534
 -0.0322647 0.217124 0.452034 -0.194219
 -0.0389519 0.417143 0.25885 -0.144535
 -0.0421488 0.628105 -0.0100166 -0.059493
 -0.0316275 0.185998 0.48147 -0.201946
 -0.0380454 0.365359 0.332884 -0.169378
 -0.0437302 0.556791 0.116873 -0.107583
 -0.0447366 0.741593 -0.154507 -0.0161141
 -0.0437193 0.523006 0.163461 -0.12391
 -0.0476288 0.707668 -0.0689932 -0.0518729
 -0.0450793 0.856718 -0.325736 0.0396174
 -0.0484597 0.844839 -0.287922 0.022726
 -0.0413094 0.949451 -0.51094 0.10702
 -0.0294956 0.974898 -0.663201 0.172314

Fourier series term #2
 -0.000102533 -0.00989226 -0.0055203 0.000486512
 -1.39143e-05 -0.00130414 -0.00076854 7.18838e-05
 4.68087e-06 0.000487722 0.000217391 -4.50202e-05
 6.45086e-07 0.000231191 -6.08226e-05 -2.37912e-05
 -4.0712e-07 0.000367105 -0.000279123 -1.18482e-05
 -1.12564e-05 -3.6161e-05 -0.00109465 0.00014958
 -3.97078e-05 -0.00272207 -0.00293529 0.000685574
 1.82719e-07 0.00182865 -0.00103947 0.000180279
 3.67288e-06 0.00241223 -0.00113201 0.00020632
 2.40744e-06 -0.000761244 -0.00137395 0.000449498
 7.65259e-06 -0.00496688 -7.6884e-05 0.000258749
 -2.05568e-05 -0.0054472 0.00153591 -0.00028366
 -3.50833e-05 -0.0043496 -0.00354811 0.000167448
 0.000160252 0.0111335 0.00327959 -0.00126653
 0.000226391 0.018676 0.00128918 -0.00160598
 4.52878e-05 0.00796896 -0.0186936 0.00147274
 -0.000182086 -0.0102235 -0.0473463 0.00790989
 -0.000135527 -0.021263 -0.0671118 0.0149054
 0.000339659 -0.0307799 -0.0691895 0.0194825
 0.000758085 -0.0404155 -0.0618915 0.0197833
 0.00128324 -0.0518998 -0.0459709 0.0171511
 0.00174111 -0.0629403 -0.0212298 0.0106744
 0.00163123 -0.0684721 0.00681666 0.00137185
 0.000182087 0.0183261 -0.00757096 -0.000929461
 7.49373e-06 0.0169131 -0.0316529 0.0025912
 -0.000323005 0.00757273 -0.0720822 0.0110038
 -0.000638454 -0.00983549 -0.122535 0.0251878
 -0.000673295 -0.0457664 -0.171891 0.0445863
 0.000269974 -0.0943807 -0.183941 0.0592402
 0.00130258 -0.118758 -0.162147 0.0588321
 0.00259905 -0.143398 -0.119066 0.0504683
 0.00372339 -0.167404 -0.05705 0.0331738
 0.00351371 -0.178719 0.0115331 0.00934442
 -0.000123174 0.00952499 -0.0698437 0.00879898
 -0.000360265 -0.004848 -0.124455 0.0215519
 -0.000392476 -0.0336192 -0.186895 0.0408686
 0.000245792 -0.0811943 -0.235705 0.0633631
 0.00218077 -0.162936 -0.237704 0.0793679
 0.00387815 -0.209347 -0.202839 0.0772315
 0.00591665 -0.254953 -0.137636 0.0636687
 0.0075809 -0.290586 -0.0444871 0.0365757
 0.00704103 -0.300618 0.0543467 0.00111743
 -0.000511014 -0.0284076 -0.195946 0.0414438
 -0.000138503 -0.069099 -0.266617 0.0671114
 0.00119308 -0.142069 -0.315422 0.0947641
 0.00434552 -0.239643 -0.295677 0.108517
 0.00674646 -0.301531 -0.244402 0.102975
 0.00948707 -0.368921 -0.155969 0.0832715
 0.0116315 -0.42827 -0.0312788 0.0461007
 0.0106651 -0.451491 0.10211 -0.00264498
 0.000863429 -0.136657 -0.339045 0.0983771
 0.00332571 -0.227461 -0.371251 0.125723
 0.00788831 -0.355497 -0.322459 0.134084
 0.0110611 -0.429638 -0.248578 0.121967
 0.014473 -0.507631 -0.134022 0.0933182
 0.0169248 -0.580322 0.0195127 0.0452657
 0.0152819 -0.617171 0.182808 -0.0158497
 0.00709577 -0.351322 -0.379807 0.149967
 0.0132409 -0.502449 -0.290025 0.146329
 0.0171845 -0.599148 -0.190749 0.125814
 0.0209506 -0.689182 -0.0500507 0.0869265
 0.0232871 -0.766074 0.128675 0.0273359
 0.0203354 -0.80532 0.313734 -0.0449517
 0.0208166 -0.697904 -0.154536 0.127206
 0.0251513 -0.795956 -0.032318 0.0960644
 0.0287991 -0.89765 0.131834 0.0461023
 0.0298048 -0.993768 0.333326 -0.024224
 0.0241915 -1.02041 0.520556 -0.102134
 0.0293924 -0.911687 0.106276 0.0581684
 0.0325366 -1.01356 0.276052 0.00390113
 0.0323838 -1.10652 0.475482 -0.0677291
 0.0247132 -1.12321 0.653065 -0.144433
 0.0345431 -1.13635 0.455941 -0.0543671
 0.0327394 -1.20448 0.640717 -0.12494
 0.0226229 -1.20413 0.794742 -0.19506
 0.0287496 -1.27643 0.815679 -0.192368
 0.0157467 -1.25046 0.933871 -0.251505
 -0.000881777 -1.21344 1.01092 -0.294059

Fourier series term #3
 9.407e-06 0.000898547 0.000504354 -4.44938e-05
 1.20701e-05 0.00109542 0.000658616 -6.69324e-05
 -1.37776e-05 -0.00118468 -0.000755173 9.48317e-05
 -6.98326e-07 -4.61857e-05 -2.39564e-05 4.19671e-06
 1.78252e-05 0.00150528 0.0010234 -0.00018395
 -2.65515e-05 -0.00229614 -0.0014316 0.000315099
 6.88153e-06 0.000912203 0.000486569 -0.0001373
 1.05686e-05 0.00238265 0.000765344 -0.000293202
 -9.30886e-06 -0.00154945 -0.000300752 0.000147095
 -1.01125e-05 -0.00451228 -7.62474e-05 0.000223119
 -7.06327e-06 -0.00280076 0.000491888 -3.5877e-05
 2.64527e-06 0.00212533 -0.000801929 0.000175876
 -5.04433e-06 -0.000738435 -0.00017335 2.65701e-05
 -0.000105831 -0.00920206 -0.00530169 0.000798032
 6.10574e-05 0.00449855 0.0049983 -0.000742803
 0.000158863 0.0125039 0.0116179 -0.00221622
 2.6281e-05 0.00287607 0.00488367 -0.00124359
 -7.96873e-05 -0.00292726 -0.00120858 -5.15785e-05
 -7.76042e-05 0.00324917 -0.00289203 0.000114519
 -7.85e-05 0.00356136 -0.00533186 0.000850826
 -4.51946e-05 0.00287282 -0.00745347 0.00167836
 4.53226e-05 0.00246959 -0.00855737 0.00227134
 0.000203693 0.00184329 -0.00833136 0.00245012
 8.60243e-05 0.00381926 0.00724553 -0.00113597
 0.000216401 0.0118971 0.0165665 -0.00317314
 0.000216217 0.013598 0.0199877 -0.00463917
 0.000150184 0.0182452 0.0194521 -0.00581467
 -0.000165462 0.0130352 0.00364408 -0.00288772
 -0.000464349 0.00669995 -0.0188643 0.00351418
 -0.000456153 0.00916885 -0.0275835 0.00651121
 -0.000308976 0.0123954 -0.0345116 0.00931825
 2.26771e-05 0.0106531 -0.0382893 0.0116557
 0.000563116 0.00350958 -0.0351349 0.0118933
 0.000203844 0.0143207 0.0218483 -0.00466105
 0.000203186 0.022583 0.0274998 -0.00722665
 -1.46623e-05 0.0245843 0.0203613 -0.00741343
 -0.000311019 0.0311145 0.00284652 -0.00478611
 -0.000563245 0.0279272 -0.0303293 0.0042967
 -0.000480973 0.0205439 -0.0471609 0.0104692
 -0.000108494 0.00927614 -0.0575838 0.01569
 0.000622199 0.00355033 -0.0592432 0.0180466
 0.00167197 -0.00358625 -0.0515772 0.0170344
 6.25689e-05 0.0276604 0.0270884 -0.00907834
 -0.000221136 0.037328 0.0161038 -0.00872144
 -0.000584839 0.0487266 -0.0120532 -0.00323684
 -0.000742028 0.0502374 -0.0546993 0.0095924
 -0.000489722 0.0429954 -0.0769378 0.0182175
 0.000198448 0.0264967 -0.0919812 0.026094
 0.00144807 0.00481298 -0.0927341 0.0299303
 0.00309683 -0.0185788 -0.0756007 0.0270975
 -0.00059387 0.0521039 -0.00465581 -0.00575081
 -0.000946017 0.0660557 -0.0423596 0.0035146
 -0.000806427 0.064509 -0.0939668 0.0210769
 -0.000223529 0.0592746 -0.117106 0.0309242
 0.000940088 0.0445634 -0.131856 0.0395266
 0.00282887 0.0171576 -0.129365 0.043369
 0.00523471 -0.0206591 -0.102336 0.0383673
 -0.00113319 0.0730371 -0.0906194 0.0181929
 -0.000347287 0.0766095 -0.142413 0.0378644
 0.000913229 0.0589812 -0.161323 0.0481629
 0.00248939 0.0472463 -0.172012 0.056117
 0.00511741 0.0174679 -0.161496 0.0577016
 0.00834355 -0.0243309 -0.122811 0.0487191
 0.00149688 0.0593409 -0.186833 0.0588886
 0.00326049 0.0551051 -0.199115 0.0666633
 0.00579686 0.0336758 -0.197048 0.0710554
 0.00905996 -0.00452821 -0.171737 0.0677608
 0.0126385 -0.0434903 -0.123876 0.0543642
 0.00560648 0.0337625 -0.202147 0.0725087
 0.00855504 0.0175143 -0.194875 0.0743699
 0.0117941 -0.0162786 -0.165739 0.0689389
 0.0150106 -0.06454 -0.10565 0.0509382
 0.0115984 -0.0151418 -0.173302 0.0717605
 0.0149762 -0.0414057 -0.140553 0.0635066
 0.0182107 -0.0789649 -0.0838867 0.0453842
 0.0186288 -0.0832126 -0.0899436 0.0487628
 0.0212961 -0.0964116 -0.0465081 0.0327214
 0.0230257 -0.121817 0.00928064 0.0115951

Fourier series term #4
 9.0804e-06 0.000878127 0.000487488 -4.29271e-05
 6.1824e-06 0.000571132 0.000335654 -3.39905e-05
 -4.57725e-06 -0.000410379 -0.00025659 3.1935e-05
 1.14045e-05 0.000940169 0.000621578 -9.26038e-05
 -8.02234e-06 -0.000713436 -0.000477271 8.65039e-05
 -2.96761e-06 -0.000401038 -0.000248636 5.35976e-05
 2.01999e-05 0.00183072 0.000971392 -0.000268234
 -5.06723e-06 -0.00190147 -0.000593344 0.000227978
 -5.22969e-07 -0.00252574 -0.000456201 0.000233974
 1.04126e-05 -0.000370973 -1.10504e-05 1.76962e-05
 1.46512e-05 0.00254935 -0.000453524 2.77365e-05
 3.05876e-05 0.00283403 -0.00103348 0.000230821
 6.87608e-06 0.000415848 0.000394534 -4.72941e-05
 -3.90866e-05 -0.00362341 -0.00232108 0.000316493
 -6.66554e-05 -0.00541915 -0.00386318 0.000648008
 3.59581e-05 0.00312382 0.00227668 -0.000376713
 6.4697e-05 0.00511822 0.00408393 -0.000870037
 -4.46667e-06 -0.00166519 0.000169527 3.84595e-05
 -1.09815e-05 -0.00197656 0.000675511 -7.58888e-05
 -1.27098e-05 -0.00134328 0.000902133 -0.000194146
 -1.6917e-05 -9.74232e-05 0.000797178 -0.000254977
 -2.45951e-05 0.00121777 0.000283621 -0.000175044
 -2.354e-05 0.00158582 -0.000299205 8.72305e-06
 -0.000112819 -0.00789605 -0.00588997 0.00107547
 -2.19557e-05 -0.00194903 -0.00107051 0.000337441
 7.91657e-05 0.00308827 0.00458383 -0.000804654
 0.000184419 0.00888887 0.0114516 -0.00258784
 0.000126516 0.00483077 0.0109442 -0.00280183
 -3.16131e-05 -0.00437897 0.00616662 -0.00155098
 -8.69585e-05 -0.00509367 0.00562738 -0.00150201
 -0.00013929 -0.00234068 0.00533516 -0.00170851
 -0.000197247 0.000398596 0.00345101 -0.00134876
 -0.000207361 0.00205021 0.000627967 -0.000474066
 5.29402e-05 0.00172922 0.00343958 -0.000436192
 0.000137131 0.00600784 0.00991425 -0.00176221
 0.000163766 0.00637163 0.0152242 -0.00321467
 0.000146518 0.0103014 0.0209715 -0.0054694
 -9.16691e-05 0.00386675 0.0181871 -0.00545005
 -0.000243764 -0.00227667 0.0141878 -0.00440158
 -0.000366973 -0.00246181 0.0102752 -0.00350418
 -0.00047477 0.00118993 0.00595872 -0.00245694
 -0.000505551 0.00178233 0.00212574 -0.00116107
 0.000166633 0.00427586 0.0155017 -0.00305488
 0.000221024 0.00954421 0.0261241 -0.006286
 6.7847e-05 0.00764623 0.0320603 -0.00886038
 -0.000254938 0.0161533 0.0327817 -0.0111335
 -0.000529618 0.0139228 0.0273153 -0.0100859
 -0.000793734 0.0119581 0.0190307 -0.00784271
 -0.000968393 0.00805942 0.0102505 -0.00484483
 -0.000993589 0.00143387 0.00482247 -0.00244367
 0.000115223 0.00588276 0.0355173 -0.00939592
 -0.000121335 0.0146343 0.0459043 -0.0143038
 -0.000716061 0.0226855 0.0439205 -0.0162791
 -0.00113811 0.0283517 0.0372739 -0.0154665
 -0.00159813 0.0308659 0.0262719 -0.0126288
 -0.0019032 0.0294881 0.0123076 -0.00788335
 -0.00188564 0.0218981 0.00123442 -0.00309469
 -0.000563873 0.0196234 0.0539849 -0.0190077
 -0.00166301 0.0336106 0.049592 -0.0207559
 -0.00221508 0.0372121 0.0408755 -0.0190741
 -0.00281004 0.0484597 0.0271475 -0.0157795
 -0.0034206 0.0481344 0.00893132 -0.00929299
 -0.00329264 0.048912 -0.00709284 -0.00289847
 -0.00287184 0.0428547 0.0434764 -0.0214728
 -0.00375611 0.0590977 0.0321078 -0.0196076
 -0.00454077 0.0626608 0.0175609 -0.0150183
 -0.00512354 0.0664887 -0.00123655 -0.00820506
 -0.00520668 0.0631379 -0.0172835 -0.00104692
 -0.00467745 0.0567527 0.0226109 -0.0164769
 -0.00563385 0.0744414 0.0045677 -0.0116337
 -0.00639868 0.0799643 -0.0138398 -0.00491892
 -0.00657009 0.0689798 -0.025089 0.00126418
 -0.006753 0.0783312 -0.00933991 -0.00677925
 -0.00745026 0.0900409 -0.0304459 0.000743709
 -0.00718059 0.0794461 -0.038982 0.00594142
 -0.00806959 0.0787587 -0.0338133 0.00333761
 -0.0082363 0.0816587 -0.0502792 0.0107879
 -0.0080148 0.0648919 -0.0439251 0.0103525

Fourier series term #5
 1.61267e-06 0.000156305 8.63356e-05 -7.6125e-06
 -2.62586e-06 -0.000237942 -0.000142759 1.45393e-05
 3.65204e-06 0.000312558 0.000200715 -2.52559e-05
 -1.87755e-07 -8.39514e-06 -9.33214e-06 1.6912e-06
 -4.73136e-06 -0.000402285 -0.000266638 4.76407e-05
 7.74137e-06 0.000678897 0.000427874 -9.45933e-05
 -2.41655e-06 -0.000270888 -0.000134973 3.90321e-05
 -3.72707e-06 -0.000727721 -0.000251191 9.22944e-05
 2.37277e-06 0.000464567 6.56e-05 -3.91891e-05
 2.54888e-06 0.00138076 1.41442e-05 -6.66553e-05
 1.26608e-06 0.000883501 -0.000143541 7.14235e-06
 -1.75016e-06 -0.000622847 0.000247568 -5.60838e-05
 -2.92431e-05 -0.00283519 -0.0016363 0.000188261
 2.2318e-05 0.00170123 0.00125523 -0.000180853
 -3.64196e-05 -0.00314921 -0.00214236 0.000341129
 -2.24041e-05 -0.00173389 -0.00136965 0.000260339
 3.21933e-05 0.003081 0.00196457 -0.000438965
 -3.44003e-06 -0.000505994 -0.000143519 5.65155e-05
 4.33704e-06 0.000346383 4.29205e-06 -1.63151e-05
 1.61953e-06 -0.000300591 -0.000107301 4.7928e-05
 -8.66549e-07 -0.00111716 0.000110674 3.03625e-05
 -5.3317e-06 -0.000800444 0.000415026 -8.39167e-05
 -7.9798e-06 0.000436334 9.06559e-05 -4.31864e-05
 -3.96822e-05 -0.00294253 -0.00213843 0.000357418
 -7.11652e-05 -0.00448684 -0.00389981 0.000754324
 -8.8735e-05 -0.00590295 -0.00479029 0.00109272
 6.07703e-05 0.00439685 0.00269863 -0.000697026
 0.000101337 0.00712617 0.00476501 -0.00143343
 1.66904e-05 -0.00135261 0.000744704 -7.49291e-05
 9.02039e-06 -0.00341402 0.000336085 0.000158898
 1.8695e-05 -0.00218888 0.00107355 -0.000156485
 1.14885e-05 -0.00126787 0.00145539 -0.000374591
 -1.48674e-05 -0.00122941 0.00162366 -0.000473176
 -9.98703e-05 -0.00738949 -0.00580963 0.00120558
 -3.15067e-05 -0.00225299 -0.00254023 0.000616518
 4.29494e-05 0.00261035 0.0012362 -0.000275506
 0.00010636 0.00778499 0.0055569 -0.0015182
 8.76407e-05 0.00661878 0.00521899 -0.00161598
 5.09909e-05 0.00071894 0.00372762 -0.000983075
 2.25001e-05 -0.00388835 0.00378849 -0.000833111
 -1.06286e-05 -0.00545886 0.00455573 -0.00108358
 -6.69179e-05 -0.00408053 0.00434732 -0.00119411
 -7.06811e-06 -0.00162417 -0.00189963 0.000567681
 7.31561e-05 0.00333489 0.00252897 -0.000498803
 0.000125802 0.00575244 0.00591313 -0.00153115
 0.000122017 0.00940076 0.0102265 -0.00321211
 7.0627e-05 0.00933409 0.00998637 -0.00339849
 -6.02134e-06 0.00556453 0.00901484 -0.00308855
 -8.17946e-05 -0.0012592 0.00865736 -0.00271888
 -0.000149185 -0.00587036 0.00838269 -0.00249044
 0.000112693 0.00190834 0.00388325 -0.000744422
 0.000181187 0.00545446 0.0098983 -0.00262826
 0.000119519 0.00578638 0.0147208 -0.00451322
 3.48694e-05 0.010085 0.0162134 -0.00562217
 -0.000118716 0.0148874 0.0141851 -0.00565678
 -0.000261625 0.0136503 0.0110511 -0.00476275
 -0.000399277 0.0094936 0.00786622 -0.00345168
 0.000183789 0.0010273 0.0152356 -0.00417639
 5.13048e-05 0.00800362 0.0200023 -0.00673547
 -0.000160718 0.0119616 0.0209992 -0.00780244
 -0.0003178 0.0150738 0.0199967 -0.00817815
 -0.000661407 0.021134 0.0133676 -0.00661427
 -0.000768823 0.0289739 0.00317698 -0.00353547
 -0.000189721 0.00907385 0.0251766 -0.00938624
 -0.000445585 0.0182985 0.0239018 -0.0101685
 -0.000755751 0.0254605 0.0188076 -0.0094096
 -0.00102923 0.0297116 0.011158 -0.00721583
 -0.0011444 0.0352858 -7.56219e-05 -0.0033952
 -0.000730848 0.0154428 0.0226285 -0.00985103
 -0.00114399 0.0319956 0.0140131 -0.00856532
 -0.0013854 0.0398354 0.00433091 -0.00585356
 -0.00129972 0.0429462 -0.0074491 -0.00143565
 -0.00130363 0.0312836 0.00943473 -0.0070104
 -0.00140049 0.052507 -0.00843654 -0.00224759
 -0.00112293 0.0544055 -0.0186943 0.00174285
 -0.00193372 0.0511822 -0.015031 0.000378363
 -0.00129272 0.0621738 -0.0327361 0.00679907
 -0.000879223 0.0512629 -0.0323289 0.00809559


