**************************************************************
***  MERIS LUT-169: Fourier series terms (s0,..,s5)[TERM]] ***
***                 of polynomial coefficients (k0,..,k3)  ***
***                 for each of 81 aerosol models [IAER],  ***
***                 & for each of 78 geometries [SVZA]     ***
***  - - - - - - - - - - - - - - - - - - - - - - - - - - - ***
***  => useful for multiplicative aer.scat.fct. retrieval  ***
**************************************************************

12 Gaussian angles (deg): SZA/VZA
------------------------         

 2.84 17.64 28.77 36.19 43.61 51.03 58.46 65.88 69.59 73.30 77.01 80.72

Coefficients: [SVZA x (k0,k1,k2,k3)]
------------                        

 Aerosol model #38
 - - - - - - -  

Fourier series term #0
 1.01257 1.07562 0.594653 -0.0762235
 1.0142 1.15368 0.666774 -0.0945714
 1.01915 1.44331 0.882932 -0.146075
 1.02477 1.78443 1.11321 -0.209601
 1.03042 2.14661 1.30898 -0.28584
 1.03508 2.53793 1.40743 -0.364454
 1.03694 2.97039 1.3147 -0.420056
 1.03298 3.45115 0.88382 -0.395174
 1.02802 3.69777 0.473934 -0.318013
 1.02239 3.92809 -0.0983896 -0.171925
 1.02171 4.09294 -0.816821 0.0551832
 1.04196 4.04563 -1.52513 0.327478
 1.01649 1.36147 0.802501 -0.121891
 1.02104 1.65745 0.99754 -0.175261
 1.02467 1.91005 1.13162 -0.225331
 1.02868 2.24337 1.25299 -0.288569
 1.03202 2.64385 1.29849 -0.354792
 1.03257 3.07764 1.16224 -0.395643
 1.02752 3.54093 0.710008 -0.357077
 1.02227 3.78134 0.304988 -0.2768
 1.01649 4.01194 -0.252863 -0.131195
 1.01558 4.18276 -0.952303 0.0926302
 1.0352 4.14511 -1.64477 0.361193
 1.02438 1.91834 1.1417 -0.237896
 1.02727 2.15974 1.22082 -0.285695
 1.02975 2.43102 1.2485 -0.335786
 1.03137 2.76572 1.2028 -0.383385
 1.03066 3.17245 1.0175 -0.409435
 1.02473 3.62106 0.556286 -0.361366
 1.0192 3.85331 0.162457 -0.279651
 1.01326 4.07729 -0.373588 -0.13607
 1.01224 4.24658 -1.04378 0.0821493
 1.03146 4.21835 -1.70955 0.344238
 1.02954 2.37503 1.19859 -0.301261
 1.03136 2.63903 1.1697 -0.338189
 1.03185 2.9259 1.04967 -0.363422
 1.02996 3.27872 0.800416 -0.363342
 1.0233 3.70465 0.312016 -0.294493
 1.01766 3.93578 -0.0823062 -0.205455
 1.01183 4.15901 -0.611381 -0.0568419
 1.01125 4.33168 -1.26806 0.163257
 1.03124 4.3118 -1.91705 0.424203
 1.03374 2.83367 1.10908 -0.37248
 1.03335 3.10488 0.947947 -0.384664
 1.03027 3.40095 0.651832 -0.36432
 1.02278 3.76837 0.138645 -0.276265
 1.01714 3.98516 -0.252985 -0.181595
 1.01166 4.20661 -0.768396 -0.0315602
 1.01183 4.3804 -1.40192 0.185681
 1.03297 4.36455 -2.02221 0.43988
 1.03159 3.32471 0.730957 -0.374636
 1.02741 3.61088 0.402348 -0.336109
 1.01902 3.93223 -0.141914 -0.224463
 1.01336 4.12115 -0.538935 -0.119416
 1.00847 4.32138 -1.04816 0.0370416
 1.00993 4.48397 -1.66138 0.254411
 1.033 4.46666 -2.2504 0.5022
 1.02203 3.84933 0.0326507 -0.271247
 1.01326 4.17801 -0.536043 -0.138035
 1.00801 4.35266 -0.940481 -0.0213466
 1.0044 4.52114 -1.44435 0.144059
 1.0084 4.64717 -2.03094 0.362322
 1.0353 4.59182 -2.56833 0.599463
 1.00532 4.46539 -1.12501 0.0217997
 1.0016 4.64288 -1.53358 0.149301
 1.00117 4.79978 -2.02369 0.319984
 1.00992 4.89049 -2.57304 0.536593
 1.04331 4.76874 -3.02917 0.754942
 0.999381 4.78758 -1.93211 0.281338
 1.00116 4.9384 -2.41007 0.453886
 1.0139 5.01681 -2.92821 0.663885
 1.05278 4.85074 -3.31684 0.86223
 1.00624 5.05298 -2.85884 0.624596
 1.02444 5.08848 -3.31526 0.818318
 1.07012 4.87867 -3.6175 0.987844
 1.05016 5.03486 -3.65471 0.975498
 1.10335 4.76142 -3.8349 1.10129
 1.16254 4.38391 -3.8351 1.15991

Fourier series term #1
 -0.000379102 -0.0307803 -0.0178824 0.00229973
 -0.000185912 -0.00668706 -0.00753219 0.00113154
 -0.000897795 -0.0528673 -0.0379835 0.00646395
 -0.000932799 -0.0498125 -0.034557 0.00690434
 -0.000906459 -0.0464442 -0.025282 0.00634413
 -0.00083654 -0.0441012 -0.0107437 0.0043891
 -0.000702686 -0.038809 0.00972981 7.45671e-05
 -0.00060562 -0.0283615 0.0319146 -0.00653216
 -0.000653081 -0.0200769 0.0406104 -0.010066
 -0.000838313 -0.00867342 0.0448467 -0.0128265
 -0.00120968 0.00595622 0.0416779 -0.0135123
 -0.0016771 0.0222857 0.0292226 -0.0107937
 -0.00226272 -0.128393 -0.0980557 0.0154958
 -0.00408434 -0.232677 -0.161973 0.0300412
 -0.00500954 -0.286274 -0.174186 0.037608
 -0.00523749 -0.296218 -0.133743 0.036336
 -0.00490762 -0.274551 -0.0455087 0.0230468
 -0.00435661 -0.233587 0.0714331 -0.00303319
 -0.00416249 -0.160706 0.19092 -0.0403691
 -0.00468586 -0.107987 0.234984 -0.0594535
 -0.00604125 -0.0391804 0.253485 -0.0737127
 -0.00847655 0.0489609 0.229848 -0.0759372
 -0.0113954 0.151927 0.150922 -0.0579661
 -0.00596106 -0.33699 -0.204191 0.0461632
 -0.00689998 -0.389887 -0.189172 0.0506493
 -0.00755338 -0.435784 -0.136297 0.0478626
 -0.00752093 -0.430703 -0.0226079 0.0279443
 -0.00704088 -0.361741 0.141122 -0.0139035
 -0.00723031 -0.23578 0.303529 -0.0709337
 -0.00829045 -0.146317 0.358788 -0.0987597
 -0.0106001 -0.0344546 0.374788 -0.118257
 -0.01445 0.102313 0.329133 -0.119162
 -0.0188078 0.257628 0.205173 -0.0904261
 -0.00799617 -0.453387 -0.153272 0.0491637
 -0.00854528 -0.482293 -0.0736295 0.0390312
 -0.00879831 -0.487513 0.0442227 0.0160004
 -0.00872255 -0.422694 0.202694 -0.0270339
 -0.00937243 -0.265335 0.358768 -0.0858074
 -0.0108393 -0.150842 0.405397 -0.112985
 -0.0137245 -0.0116479 0.405118 -0.129017
 -0.01824 0.15387 0.334457 -0.122718
 -0.0229439 0.339637 0.176696 -0.0825813
 -0.00933443 -0.51143 0.0150765 0.023956
 -0.00961373 -0.492383 0.145538 -0.00780715
 -0.00999994 -0.430849 0.29003 -0.0528197
 -0.0113303 -0.274223 0.420915 -0.109479
 -0.0132043 -0.150632 0.453661 -0.134718
 -0.0165267 0.00928232 0.436513 -0.147691
 -0.0214035 0.200249 0.343413 -0.135722
 -0.0259758 0.407039 0.161082 -0.0877367
 -0.0103603 -0.466303 0.262391 -0.0419681
 -0.011396 -0.373763 0.384846 -0.0879355
 -0.0138557 -0.217235 0.466738 -0.134179
 -0.016324 -0.0966319 0.470411 -0.151007
 -0.020156 0.0620608 0.42518 -0.154653
 -0.0252519 0.261117 0.30498 -0.133032
 -0.0293353 0.481099 0.0977867 -0.0755283
 -0.0134005 -0.272998 0.461631 -0.126059
 -0.0171254 -0.0880378 0.483006 -0.157983
 -0.0202613 0.0334015 0.449435 -0.162734
 -0.024379 0.180195 0.368443 -0.152298
 -0.0292301 0.36176 0.220411 -0.117502
 -0.0320547 0.56012 0.000712211 -0.0514588
 -0.0219608 0.0980038 0.428445 -0.165448
 -0.025489 0.227695 0.352649 -0.15503
 -0.029409 0.374847 0.231607 -0.128157
 -0.0331214 0.536852 0.0540726 -0.0775154
 -0.0335508 0.69185 -0.167885 -0.00336369
 -0.029067 0.34688 0.256175 -0.134839
 -0.0327379 0.494175 0.114099 -0.0982119
 -0.0354664 0.648402 -0.0753219 -0.0403631
 -0.0335796 0.779163 -0.29107 0.0355498
 -0.0356945 0.620775 -0.0393746 -0.0528524
 -0.0365981 0.757634 -0.230965 0.00978625
 -0.0318238 0.861508 -0.432484 0.0846314
 -0.0346628 0.850839 -0.400242 0.0698549
 -0.0264002 0.912112 -0.566877 0.136306
 -0.0144802 0.908767 -0.669409 0.183561

Fourier series term #2
 -5.56249e-05 -0.00476764 -0.00264231 0.000338503
 3.05537e-05 0.00241383 0.00141808 -0.000204011
 4.6328e-06 5.53197e-05 -4.23419e-05 -1.04414e-05
 -3.56192e-05 -0.00250905 -0.00206525 0.000355411
 -7.01748e-06 -0.000133987 -0.000973582 0.000159917
 -1.19867e-05 -0.00029638 -0.00142489 0.000288289
 -4.54936e-05 -0.00301238 -0.00274684 0.000759335
 5.02711e-06 0.000763101 -0.00100986 0.000252199
 1.11183e-05 0.00115135 -0.000884229 0.000217011
 -1.86728e-07 -0.00123728 -0.000759967 0.000317078
 -1.27315e-05 -0.00393271 0.000311037 0.000118612
 -3.76952e-05 -0.00377837 0.00126898 -0.000241832
 0.000394716 0.0280952 0.016089 -0.00262209
 0.000160537 0.00685686 -0.00435566 0.000113457
 -0.000287333 -0.0287868 -0.0364083 0.00596023
 -0.0004749 -0.0429685 -0.0573357 0.0110626
 -0.000345306 -0.0380301 -0.0636187 0.0141771
 -0.000126266 -0.0410654 -0.0647735 0.0171764
 0.000292922 -0.0510366 -0.0532153 0.0174661
 0.000602906 -0.0559399 -0.0403049 0.0152464
 0.000915993 -0.0598955 -0.0225427 0.0108675
 0.00106789 -0.0616264 -0.00160672 0.00440809
 0.000706857 -0.0580961 0.0172661 -0.00264926
 -9.00394e-05 -0.0165813 -0.0413376 0.00655266
 -0.000307631 -0.0365194 -0.0771061 0.0143495
 -0.000645992 -0.0769214 -0.125596 0.0274665
 -0.000669957 -0.110218 -0.159789 0.0407213
 -7.13083e-05 -0.125206 -0.160886 0.0481179
 0.00111027 -0.142347 -0.126835 0.0464838
 0.00188126 -0.153858 -0.0940538 0.0401746
 0.00263574 -0.16476 -0.0501711 0.0287851
 0.00299426 -0.170676 0.0012329 0.0123564
 0.00207901 -0.162497 0.0478547 -0.00571926
 -0.000528372 -0.0664589 -0.122597 0.0246484
 -0.000641437 -0.101698 -0.17049 0.0391712
 -0.000547216 -0.158046 -0.2136 0.0569289
 0.00027291 -0.208502 -0.219749 0.0690907
 0.00208226 -0.244138 -0.167711 0.0655046
 0.00328075 -0.258441 -0.118088 0.0550081
 0.00443183 -0.271683 -0.0538677 0.0375487
 0.00494936 -0.278181 0.0205611 0.0130984
 0.00351834 -0.263688 0.0872702 -0.0133615
 -0.000772175 -0.147991 -0.22843 0.0595564
 -0.000258602 -0.203452 -0.264713 0.0784683
 0.000912133 -0.288741 -0.269698 0.0940126
 0.00340426 -0.36376 -0.203648 0.0896686
 0.00508026 -0.390973 -0.137428 0.0749268
 0.00666569 -0.408922 -0.0505016 0.0499799
 0.00733331 -0.415375 0.0490817 0.0158739
 0.00529206 -0.393223 0.137354 -0.0204758
 0.000664342 -0.285052 -0.295908 0.0993519
 0.00263806 -0.373502 -0.280539 0.110712
 0.00591382 -0.487058 -0.195712 0.102772
 0.00802026 -0.539154 -0.11486 0.0842839
 0.0099964 -0.57759 -0.00771791 0.0528365
 0.0107204 -0.592708 0.115684 0.00932477
 0.0078084 -0.563459 0.223424 -0.036845
 0.00544967 -0.490819 -0.245303 0.117585
 0.00969284 -0.60904 -0.132809 0.0994649
 0.0120219 -0.679413 -0.0376715 0.0759217
 0.0142192 -0.743106 0.0873546 0.0381081
 0.0148678 -0.780158 0.230708 -0.0131899
 0.0105733 -0.764371 0.358451 -0.0684559
 0.0146098 -0.762958 0.00749078 0.0710517
 0.0171489 -0.830765 0.113843 0.0409591
 0.0189923 -0.891887 0.245792 -0.0022161
 0.0187261 -0.9479 0.402424 -0.0598781
 0.0126119 -0.944813 0.537296 -0.119527
 0.0194469 -0.909487 0.226773 0.00796396
 0.02079 -0.974174 0.361507 -0.0377028
 0.0195316 -1.02181 0.511784 -0.0952884
 0.012184 -1.00874 0.634143 -0.151943
 0.0216106 -1.05437 0.503218 -0.0863409
 0.019062 -1.08837 0.640302 -0.141487
 0.00962355 -1.05726 0.738585 -0.190977
 0.0142799 -1.12049 0.760529 -0.190253
 0.00273795 -1.07564 0.83205 -0.230559
 -0.0111591 -1.02506 0.875179 -0.259404

Fourier series term #3
 8.51006e-06 0.000722911 0.000401538 -5.14732e-05
 1.15493e-05 0.000946104 0.000548596 -7.76698e-05
 -3.01473e-06 -0.000235286 -0.000131473 2.20893e-05
 1.68937e-06 0.000102704 8.20662e-05 -1.54936e-05
 1.6941e-05 0.00119732 0.000745349 -0.0001629
 -2.90751e-05 -0.00204123 -0.00114933 0.000295745
 8.571e-06 0.000782922 0.000334725 -0.000109909
 1.65821e-05 0.00193074 0.000479702 -0.000218837
 -1.16162e-05 -0.00121337 -0.000194475 0.000114169
 -2.21776e-05 -0.00340742 3.20872e-05 0.000163805
 -1.40798e-05 -0.0020656 0.000375135 -1.82692e-05
 1.1225e-05 0.00147696 -0.000558593 0.000116988
 3.72893e-05 0.00318523 0.002347 -0.000333603
 0.000295575 0.0231255 0.0159047 -0.00271302
 7.67589e-05 0.00390556 0.00489138 -0.000947169
 -8.85708e-05 -0.00876627 -0.00382053 0.000752492
 -8.64145e-05 -0.00596356 -0.00424863 0.000843623
 -5.7931e-05 -0.00159308 -0.00484077 0.000949945
 -2.63651e-05 4.983e-05 -0.00720185 0.00171399
 -6.68116e-07 -0.0014401 -0.00822781 0.00225179
 5.61704e-05 -0.00280678 -0.0081497 0.00249588
 0.000143187 -0.00300711 -0.00707285 0.00233573
 0.000240775 -0.00240699 -0.00553813 0.00190097
 0.000312679 0.022875 0.0190978 -0.00382394
 0.000269006 0.0206762 0.0175464 -0.00402962
 -2.46311e-05 -0.0026084 0.00044123 -0.000554763
 -0.000221125 -0.0165995 -0.0155303 0.00335439
 -0.000214144 -0.0136575 -0.0242991 0.00599173
 -3.80444e-05 -0.00802249 -0.0307388 0.00864074
 0.000147137 -0.00674026 -0.0327824 0.00992121
 0.000422795 -0.0073855 -0.0326099 0.0106825
 0.000787758 -0.0104746 -0.0286961 0.0102584
 0.00115265 -0.0148482 -0.0204446 0.00808263
 0.000159872 0.0132347 0.0118228 -0.00323821
 7.77504e-05 0.0123335 0.00388497 -0.00221763
 -0.000227866 -0.0119921 -0.0213793 0.00405276
 -0.000304829 -0.0265935 -0.0439738 0.0111543
 8.70446e-05 -0.0219558 -0.0556245 0.0161907
 0.000466729 -0.0205888 -0.0574513 0.0179463
 0.000990083 -0.0239549 -0.0543647 0.0184424
 0.00166207 -0.0271844 -0.0455321 0.0167226
 0.00232034 -0.0321032 -0.0308303 0.0124384
 -9.0921e-05 0.00586096 -0.0111885 0.000911281
 -0.000222529 0.000587949 -0.0333894 0.00665741
 -0.000237242 -0.0218624 -0.0670622 0.0179756
 0.000335298 -0.0438736 -0.0893459 0.0287422
 0.00100039 -0.0491889 -0.0906606 0.0314552
 0.00191271 -0.0525721 -0.083373 0.0311906
 0.00300372 -0.0577458 -0.066966 0.0273629
 0.00396487 -0.0634565 -0.0424247 0.0196369
 -0.000198654 -0.00488488 -0.0611791 0.0148973
 0.000143265 -0.0144977 -0.0924335 0.0263682
 0.00118259 -0.0551637 -0.117912 0.0405475
 0.00222003 -0.0772722 -0.11763 0.04443
 0.00363717 -0.0968005 -0.1039 0.0435338
 0.00524851 -0.112108 -0.075839 0.0364447
 0.00647986 -0.11881 -0.0386565 0.0238444
 0.000884326 -0.0343776 -0.124345 0.0402503
 0.00280766 -0.0615874 -0.140175 0.0518046
 0.00438629 -0.0958491 -0.133688 0.0549031
 0.00616363 -0.130556 -0.111325 0.0522452
 0.00846194 -0.16881 -0.067453 0.0409083
 0.00980943 -0.192411 -0.0122876 0.0223182
 0.00564449 -0.109024 -0.141243 0.0608302
 0.00765723 -0.130802 -0.126472 0.0599637
 0.00998042 -0.161776 -0.0952687 0.0534129
 0.0124483 -0.208461 -0.0392003 0.0375014
 0.0138416 -0.248565 0.0320027 0.0130183
 0.00985279 -0.163101 -0.103311 0.0566594
 0.0123333 -0.192176 -0.0671252 0.0475077
 0.0148782 -0.228914 -0.0108659 0.0299462
 0.015962 -0.269561 0.0639872 0.00348234
 0.0151471 -0.233296 -0.0182492 0.0338706
 0.0171624 -0.264148 0.0392142 0.014332
 0.0173813 -0.28457 0.100876 -0.00952411
 0.0183417 -0.295858 0.0969369 -0.00549357
 0.0177598 -0.298439 0.14462 -0.025983
 0.0160885 -0.301615 0.190086 -0.0461165

Fourier series term #4
 6.01599e-06 0.000515596 0.000284063 -3.64396e-05
 4.4398e-06 0.000362855 0.000209359 -2.96884e-05
 -1.38482e-06 -0.00010876 -6.68314e-05 1.10084e-05
 1.13314e-05 0.000796857 0.000504183 -9.47801e-05
 -9.84173e-06 -0.000716087 -0.000439448 9.61178e-05
 -3.92445e-06 -0.000368362 -0.000210293 5.34761e-05
 2.20451e-05 0.00158974 0.000725142 -0.000230077
 -1.09367e-05 -0.00152483 -0.000378896 0.000171635
 -9.99352e-06 -0.00197569 -0.000264454 0.000172611
 4.98194e-06 -0.000292971 -5.8701e-06 1.58527e-05
 1.78214e-05 0.00182963 -0.000353873 2.00682e-05
 2.97302e-05 0.00196719 -0.000708507 0.000147569
 -0.000147944 -0.0124738 -0.00736943 0.00111231
 0.000139212 0.012174 0.00729656 -0.00124283
 0.000107733 0.00832257 0.00567543 -0.00107535
 -2.13956e-05 -0.002775 -0.00072702 0.00020212
 -1.50385e-05 -0.00201568 -0.000359753 0.000133242
 -6.04156e-06 -0.000672179 0.000397126 -7.67286e-05
 -1.42924e-05 -0.000641437 0.000403824 -9.84618e-05
 -1.45005e-05 -0.000420209 0.000193998 -5.92325e-05
 -1.27096e-05 -0.000124946 -5.61667e-05 -1.04336e-06
 -1.06528e-05 0.000124762 -0.000234701 4.85173e-05
 -8.5687e-06 5.98058e-05 -0.000249495 6.55601e-05
 0.000195845 0.016284 0.0113108 -0.00220725
 0.000288426 0.0242711 0.017225 -0.00370883
 0.000141565 0.00997963 0.010067 -0.00231674
 -4.34208e-05 -0.00689544 0.00145629 -0.000100797
 -7.85394e-05 -0.00809263 0.000750336 8.50804e-05
 -8.25687e-05 -0.00329935 0.00167331 -0.000435002
 -9.98892e-05 -0.00214181 0.00128673 -0.000406989
 -0.000113515 -0.00165287 0.000539432 -0.000204659
 -0.000106411 -0.00156868 -0.000325543 9.9679e-05
 -6.70953e-05 -0.00167526 -0.000905284 0.000347299
 0.0002706 0.0213226 0.0173247 -0.00380778
 0.000254157 0.0217844 0.0196814 -0.0047469
 3.95796e-05 0.00262355 0.0111951 -0.00277724
 -0.000144504 -0.0128743 0.00394235 -0.000693257
 -0.000225549 -0.0126466 0.00310734 -0.000568025
 -0.000245559 -0.0104213 0.00251583 -0.00052324
 -0.000240586 -0.00520909 0.00101269 -0.000345571
 -0.000218356 -0.00164247 -0.00102721 0.000164948
 -0.000150784 -0.0035109 -0.001296 0.000445868
 0.000199125 0.0163552 0.0212434 -0.00554033
 0.00011527 0.0170943 0.0229982 -0.00673259
 -0.000217979 -0.00575099 0.0135021 -0.00388661
 -0.000428863 -0.0193898 0.00577085 -0.00121455
 -0.000476261 -0.0215602 0.00399974 -0.000514235
 -0.000469568 -0.0161097 0.00227798 -0.000241259
 -0.000419382 -0.0109867 -5.64579e-07 0.000291015
 -0.000320683 -0.0094289 -0.000915181 0.000620207
 -9.61269e-05 0.0104107 0.0241898 -0.00754905
 -0.000351051 0.0114312 0.0226888 -0.00809212
 -0.000693555 -0.00991753 0.0117644 -0.00408722
 -0.000781061 -0.0210165 0.00772766 -0.00206831
 -0.000780453 -0.0283298 0.00606595 -0.00088286
 -0.000684421 -0.0296526 0.00560785 -0.000485342
 -0.000562031 -0.0245773 0.00462357 -0.000398953
 -0.000777307 0.0104676 0.0200021 -0.00790411
 -0.00110789 0.00840513 0.0141847 -0.00681988
 -0.00118891 -0.00368505 0.00942261 -0.0043518
 -0.00133938 -0.0167505 0.00578149 -0.00172571
 -0.00106907 -0.0371259 0.011541 -0.00225743
 -0.00102897 -0.0416468 0.0139691 -0.0024297
 -0.00162687 0.00541602 0.00874901 -0.00505849
 -0.00182705 0.00767951 0.00421648 -0.00367014
 -0.00193379 0.000683426 0.00192729 -0.00207884
 -0.00187818 -0.0150336 0.00478321 -0.00149348
 -0.00177825 -0.0399033 0.0181485 -0.00422174
 -0.00200438 -0.000743205 0.00409621 -0.00290315
 -0.00210667 0.00134734 0.000325712 -0.00154022
 -0.00204313 -0.00545919 0.00106238 -0.000911532
 -0.00212871 -0.0304964 0.0155296 -0.0040258
 -0.00237411 -0.00635881 0.00397393 -0.00221322
 -0.00252882 -0.00884353 0.00395904 -0.00175931
 -0.00261589 -0.0201972 0.00999512 -0.0027575
 -0.0027565 -0.0218626 0.0136767 -0.00430548
 -0.00334951 -0.0246746 0.0157697 -0.00465729
 -0.00404002 -0.0328163 0.0250857 -0.00748261

Fourier series term #5
 1.14919e-06 9.89394e-05 5.42479e-05 -6.96211e-06
 -1.81714e-06 -0.000145025 -8.55059e-05 1.2095e-05
 3.19357e-06 0.00023768 0.000147455 -2.44012e-05
 -6.94408e-07 -4.34946e-05 -2.88459e-05 5.56916e-06
 -5.4278e-06 -0.000385884 -0.000238991 5.18723e-05
 8.59688e-06 0.000612157 0.000342889 -8.8752e-05
 -2.82626e-06 -0.000225864 -9.07294e-05 3.02756e-05
 -5.42946e-06 -0.000600591 -0.000171903 7.34614e-05
 3.22214e-06 0.000347818 2.88929e-05 -2.5689e-05
 6.49744e-06 0.00103237 -2.20608e-05 -4.63588e-05
 3.82008e-06 0.000647368 -0.000111991 3.56017e-06
 -3.80321e-06 -0.00042242 0.000168 -3.65732e-05
 -0.000125211 -0.0111543 -0.00633954 0.000952022
 1.80088e-05 0.00212301 0.000991188 -0.000168774
 5.49044e-05 0.00482347 0.00290931 -0.000557547
 9.98811e-06 0.000490755 0.000439022 -9.61576e-05
 -7.39603e-06 -0.000832785 -0.000342644 9.66224e-05
 -3.66272e-06 -0.00043434 -4.26646e-05 3.07924e-05
 3.41068e-06 0.000188311 6.73755e-05 -2.5195e-05
 6.40132e-07 -0.000179277 5.5411e-06 8.4456e-06
 -2.10124e-06 -0.000390924 0.00011034 -1.23378e-05
 -4.6102e-06 -0.000109461 0.000179493 -5.1229e-05
 -2.88892e-06 0.000321972 -3.17336e-06 -1.30035e-05
 2.41047e-05 0.002552 0.0014577 -0.000286543
 0.00018203 0.0169597 0.0101627 -0.00225755
 0.000128798 0.01163 0.0075918 -0.00186226
 2.61389e-05 0.000993499 0.00159896 -0.000387765
 -1.79284e-05 -0.00389313 -0.000650425 0.00035494
 -7.8983e-06 -0.00224418 0.000589341 -3.2284e-05
 -3.2637e-06 -0.000845128 0.000951509 -0.000228649
 -5.01208e-06 0.000161907 0.000884745 -0.000287455
 -1.10448e-05 8.14075e-05 0.000673831 -0.000228059
 -2.04889e-05 -0.000796267 0.000790915 -0.000224652
 0.000154987 0.0142623 0.00890456 -0.0020279
 0.000232125 0.0224587 0.0134437 -0.00343094
 0.000128089 0.0115927 0.00816096 -0.00226293
 -8.93266e-06 -0.00444047 0.00163361 -0.00018453
 -1.67097e-05 -0.0064497 0.00138149 -3.0501e-05
 -1.92111e-05 -0.00543479 0.0021046 -0.000310971
 -3.799e-05 -0.00289501 0.00271278 -0.000685866
 -6.58099e-05 -0.00157035 0.00258775 -0.000766635
 -8.04787e-05 -0.00190235 0.00226365 -0.000669911
 0.000218659 0.0190427 0.0130855 -0.00362774
 0.00022908 0.0229319 0.0156104 -0.00479787
 8.377e-05 0.00798078 0.00944327 -0.00294529
 -5.05634e-05 -0.00967319 0.00532586 -0.00101847
 -6.84307e-05 -0.01266 0.00541597 -0.000914178
 -9.66705e-05 -0.0105634 0.00635368 -0.00141708
 -0.000150221 -0.00831357 0.00666994 -0.0017619
 -0.000191234 -0.005536 0.00546097 -0.001599
 0.000186957 0.0202428 0.0160187 -0.00523728
 0.000107966 0.0226239 0.0176336 -0.00640156
 -0.000111381 0.00160403 0.0131063 -0.00431273
 -0.00019335 -0.00882067 0.0121926 -0.00349927
 -0.000231331 -0.0150102 0.0120583 -0.00314049
 -0.000285245 -0.0181539 0.0132351 -0.00345953
 -0.000413656 -0.0137914 0.0119211 -0.00343789
 -6.34147e-05 0.0195687 0.0194604 -0.00735516
 -0.000294929 0.0213388 0.0179615 -0.00777605
 -0.000478207 0.014499 0.0161532 -0.00699618
 -0.000594348 -0.000922266 0.0157779 -0.00579565
 -0.000662416 -0.0134128 0.0177549 -0.00574179
 -0.000795846 -0.0168153 0.0173162 -0.00534191
 -0.000715162 0.0225136 0.0178248 -0.0085611
 -0.000950246 0.0258677 0.0146926 -0.00806032
 -0.00116859 0.0271133 0.00960922 -0.00654547
 -0.00131135 0.0176548 0.00757886 -0.00499075
 -0.00136243 0.000826991 0.011356 -0.00488359
 -0.0011614 0.0234228 0.0129518 -0.00752611
 -0.00139122 0.0308732 0.00592855 -0.00576846
 -0.00158439 0.0324814 -0.00103726 -0.00323909
 -0.00161992 0.0209173 -0.00142218 -0.00184551
 -0.00180507 0.0303285 0.0021556 -0.00446034
 -0.00194952 0.040527 -0.0100603 -0.0005431
 -0.0017293 0.0379126 -0.0159255 0.00235137
 -0.00203573 0.0368293 -0.0109413 -3.67049e-05
 -0.0018271 0.040884 -0.0216611 0.00425053
 -0.00174941 0.036289 -0.0246871 0.00645358


