**************************************************************
***  MERIS LUT-169: Fourier series terms (s0,..,s5)[TERM]] ***
***                 of polynomial coefficients (k0,..,k3)  ***
***                 for each of 81 aerosol models [IAER],  ***
***                 & for each of 78 geometries [SVZA]     ***
***  - - - - - - - - - - - - - - - - - - - - - - - - - - - ***
***  => useful for multiplicative aer.scat.fct. retrieval  ***
**************************************************************

12 Gaussian angles (deg): SZA/VZA
------------------------         

 2.84 17.64 28.77 36.19 43.61 51.03 58.46 65.88 69.59 73.30 77.01 80.72

Coefficients: [SVZA x (k0,k1,k2,k3)]
------------                        

 Aerosol model #29
 - - - - - - -  

Fourier series term #0
 1.00312 0.669756 0.23736 -0.0232346
 1.00497 0.834508 0.358788 -0.0382034
 1.00906 1.08431 0.607136 -0.0751514
 1.01822 1.69349 1.15349 -0.165362
 1.02826 2.21765 1.68442 -0.289121
 1.0367 2.67568 2.06488 -0.435489
 1.03992 3.11654 2.17086 -0.576551
 1.0325 3.73411 1.88758 -0.663774
 1.02074 4.05514 1.42529 -0.616795
 1.00439 4.35107 0.668787 -0.455508
 0.990996 4.63536 -0.374344 -0.153305
 1.00481 4.82708 -1.56493 0.270347
 1.00833 1.05045 0.56609 -0.0666467
 1.01555 1.47857 0.976495 -0.133081
 1.02154 1.78321 1.27439 -0.20099
 1.02784 2.15206 1.58085 -0.296244
 1.03432 2.68039 1.90596 -0.431982
 1.03557 3.18307 1.99371 -0.558552
 1.02517 3.73338 1.64864 -0.606612
 1.01289 4.08804 1.20565 -0.553983
 0.996044 4.50276 0.483904 -0.398224
 0.981446 4.93552 -0.568829 -0.0922565
 0.995306 5.17743 -1.80501 0.352009
 1.02195 1.76736 1.26068 -0.201348
 1.02667 2.03992 1.4634 -0.269094
 1.0306 2.33612 1.6277 -0.35102
 1.03242 2.6579 1.71178 -0.439877
 1.03129 3.17409 1.73152 -0.544642
 1.01994 3.83913 1.42845 -0.592686
 1.00711 4.21751 1.01379 -0.539693
 0.989813 4.63975 0.325573 -0.385066
 0.97493 5.07324 -0.691959 -0.0824716
 0.988221 5.3343 -1.90144 0.357459
 1.0299 2.24943 1.56931 -0.328123
 1.03185 2.50623 1.64416 -0.397863
 1.03207 2.80535 1.64716 -0.470711
 1.02866 3.23394 1.54865 -0.540929
 1.01559 3.86423 1.19159 -0.561464
 1.00244 4.2794 0.794825 -0.50767
 0.985168 4.70655 0.130415 -0.352389
 0.970516 5.17159 -0.856415 -0.0546493
 0.983531 5.50922 -2.0485 0.379964
 1.03217 2.71245 1.62753 -0.450652
 1.03065 3.02493 1.57139 -0.509625
 1.0249 3.41175 1.38996 -0.552133
 1.00968 3.92142 0.929853 -0.525598
 0.99638 4.2986 0.500747 -0.451025
 0.979158 4.75996 -0.150493 -0.29224
 0.96464 5.25976 -1.09949 -0.00064003
 0.977998 5.63783 -2.2597 0.426282
 1.02701 3.27845 1.42913 -0.541351
 1.01879 3.65761 1.17455 -0.555658
 1.00153 4.13922 0.63942 -0.491408
 0.987797 4.4605 0.178218 -0.393593
 0.971552 4.86559 -0.496513 -0.212694
 0.959489 5.31572 -1.42785 0.0865991
 0.975464 5.69503 -2.54044 0.503358
 1.00825 3.95227 0.829102 -0.526833
 0.98932 4.46616 0.211185 -0.420644
 0.975051 4.81444 -0.278679 -0.304056
 0.960427 5.16216 -0.985185 -0.0949034
 0.952046 5.57682 -1.91601 0.219545
 0.97513 5.84796 -2.96092 0.629556
 0.969633 4.95597 -0.475379 -0.26682
 0.957215 5.29002 -1.03227 -0.111374
 0.947133 5.57465 -1.74638 0.122745
 0.944148 6.0163 -2.67112 0.446793
 0.978053 6.25365 -3.65692 0.848478
 0.947827 5.49963 -1.56986 0.057324
 0.939497 5.84787 -2.27778 0.291659
 0.941904 6.29756 -3.20411 0.623352
 0.985443 6.40722 -4.07973 0.999898
 0.935276 6.21044 -2.98319 0.531835
 0.947375 6.50647 -3.8106 0.848236
 1.00207 6.50222 -4.54348 1.18323
 0.971351 6.60194 -4.45219 1.11608
 1.04022 6.51682 -5.02685 1.39635
 1.12222 6.19143 -5.26807 1.55958

Fourier series term #1
 -0.000315684 -0.0554046 -0.0249707 0.00241826
 -0.000123665 0.000681948 -0.00577989 0.000231708
 -0.00143909 -0.119391 -0.0921464 0.0107179
 -0.00155677 -0.0825985 -0.0852735 0.0113191
 -0.00148727 -0.0622743 -0.065796 0.010981
 -0.0012321 -0.0539277 -0.03884 0.00928044
 -0.000556573 -0.0328629 0.00622087 0.00157237
 7.0799e-05 -0.0138986 0.0491637 -0.00991664
 0.000165758 -0.00532482 0.0633199 -0.0155599
 -1.57006e-05 0.0113124 0.0695499 -0.0202531
 -0.000575333 0.0265628 0.0620438 -0.0207302
 -0.00134321 0.0211053 0.0491649 -0.0174687
 -0.00288104 -0.190388 -0.174214 0.0179228
 -0.00644055 -0.362132 -0.355707 0.044917
 -0.00837666 -0.434075 -0.4209 0.0637959
 -0.00882821 -0.42846 -0.382165 0.0719503
 -0.00734538 -0.331034 -0.210713 0.054808
 -0.00433952 -0.215621 0.0270453 0.0118975
 -0.00157802 -0.0966738 0.250873 -0.0493106
 -0.00157483 -0.0598142 0.325522 -0.0776138
 -0.00309486 -0.00630862 0.370341 -0.102416
 -0.00692226 0.0863228 0.358303 -0.113394
 -0.0126334 0.216093 0.25353 -0.0923692
 -0.00976295 -0.487409 -0.471545 0.0725763
 -0.0112423 -0.534516 -0.480829 0.0878823
 -0.0116856 -0.571183 -0.426625 0.0964206
 -0.0102304 -0.528839 -0.262158 0.0804561
 -0.00753311 -0.412022 0.0069925 0.0285338
 -0.00471056 -0.246954 0.32133 -0.0605465
 -0.00486889 -0.136252 0.453153 -0.111669
 -0.00763321 -0.000498358 0.528642 -0.154374
 -0.0140424 0.162523 0.505697 -0.169905
 -0.0232149 0.358236 0.347717 -0.136724
 -0.0123805 -0.600192 -0.463806 0.100051
 -0.012001 -0.595522 -0.359768 0.0960734
 -0.0110475 -0.59831 -0.206077 0.079016
 -0.00903294 -0.553102 0.0241757 0.0331125
 -0.00653021 -0.362843 0.340611 -0.0628582
 -0.00711819 -0.1979 0.494331 -0.125536
 -0.0107528 -0.0150239 0.57598 -0.175064
 -0.0185808 0.185978 0.547924 -0.19264
 -0.0300387 0.465426 0.358589 -0.15407
 -0.0120454 -0.644348 -0.267029 0.0915394
 -0.0111145 -0.628851 -0.0975896 0.0635605
 -0.00950159 -0.593426 0.113813 0.0144854
 -0.00789635 -0.443546 0.377914 -0.0726804
 -0.00905544 -0.315993 0.50391 -0.127142
 -0.0135645 -0.0814049 0.578523 -0.179092
 -0.0229431 0.219564 0.529333 -0.196811
 -0.0358735 0.567824 0.301514 -0.148597
 -0.0105644 -0.640388 0.0486517 0.0332391
 -0.00960511 -0.567017 0.247529 -0.0240313
 -0.00934099 -0.405397 0.453512 -0.104057
 -0.0112323 -0.284849 0.533987 -0.146909
 -0.0162639 -0.113129 0.56853 -0.182467
 -0.0258646 0.164774 0.495837 -0.19016
 -0.0390952 0.563485 0.234034 -0.132516
 -0.00964802 -0.487956 0.392743 -0.0767842
 -0.0113517 -0.309905 0.523018 -0.142387
 -0.0146094 -0.151906 0.554807 -0.174503
 -0.0201641 0.00142688 0.525496 -0.187089
 -0.0299194 0.243162 0.413288 -0.176367
 -0.0408868 0.540751 0.154336 -0.109114
 -0.0154715 -0.101796 0.547693 -0.181117
 -0.019607 0.0215544 0.514362 -0.188298
 -0.0257413 0.178505 0.425945 -0.178412
 -0.0348605 0.449088 0.233051 -0.137197
 -0.0429909 0.733771 -0.0626299 -0.0502728
 -0.0239343 0.132226 0.451714 -0.182996
 -0.0303655 0.323804 0.319704 -0.158403
 -0.038548 0.555413 0.112891 -0.10572
 -0.0443625 0.84371 -0.208406 -0.00637338
 -0.0364333 0.47479 0.176164 -0.12317
 -0.0432363 0.701206 -0.0594476 -0.0557602
 -0.0449022 0.938281 -0.372644 0.0487043
 -0.0463355 0.866788 -0.289004 0.0189044
 -0.0429577 1.00889 -0.544444 0.112666
 -0.0333491 1.05309 -0.717926 0.184613

Fourier series term #2
 -3.60142e-05 -0.00794326 -0.00282573 0.000284498
 -8.4066e-06 -0.00106469 -0.000486128 4.73774e-05
 0.000120611 0.00930243 0.00793886 -0.000916782
 -0.000208271 -0.0169243 -0.0128488 0.00180106
 4.91648e-05 0.00924525 0.00564947 -0.00110634
 -2.94258e-05 0.00685319 0.0029066 -0.000829079
 -0.000662563 -0.0342263 -0.0278774 0.00712254
 4.87927e-06 0.0295193 0.0148516 -0.00529226
 -9.30052e-05 0.0372339 0.0127613 -0.00563455
 -0.000315522 0.00153905 -0.00158693 0.000376471
 -0.000271577 -0.0351976 0.000685435 0.00189537
 -0.000441205 -0.0330223 0.00974254 -0.00150396
 0.000822596 0.0626146 0.0503021 -0.0055597
 0.000733478 0.0308206 0.0263826 -0.00395889
 -0.000344906 -0.0547413 -0.0588725 0.00740806
 -0.00171958 -0.12697 -0.151293 0.0238815
 -0.00169939 -0.075229 -0.144708 0.0255712
 -0.00162822 -0.0651724 -0.134717 0.0294043
 -0.000843783 -0.064077 -0.0989923 0.0276853
 -0.000123256 -0.0458401 -0.0698178 0.0215492
 0.000500534 -0.0237659 -0.0406674 0.0136188
 0.000807566 -0.00271098 -0.0162829 0.00565817
 0.00069746 0.00874964 -0.00051781 -5.75889e-05
 -0.000204735 -0.0472737 -0.0652284 0.00730586
 -0.00114553 -0.0858916 -0.145595 0.0198609
 -0.00245792 -0.14758 -0.249858 0.0418939
 -0.00389313 -0.229682 -0.353537 0.073119
 -0.00329106 -0.195805 -0.34119 0.0832793
 -0.00116935 -0.134333 -0.252066 0.0732468
 0.000198801 -0.122509 -0.192327 0.062372
 0.0016267 -0.118468 -0.122528 0.045798
 0.00270643 -0.117398 -0.0486558 0.0240755
 0.00239312 -0.107681 0.0163547 0.000825958
 -0.00222508 -0.141826 -0.247324 0.0396636
 -0.00379523 -0.216415 -0.366682 0.0699748
 -0.0040343 -0.24806 -0.437931 0.0975696
 -0.00334915 -0.286373 -0.473012 0.125133
 -0.000707462 -0.291747 -0.399172 0.127428
 0.00152352 -0.261974 -0.308326 0.108901
 0.00397316 -0.249269 -0.205842 0.083198
 0.00584444 -0.243551 -0.0860732 0.0465296
 0.00511455 -0.210174 0.0229743 0.00549192
 -0.00417185 -0.25243 -0.454508 0.0978442
 -0.00390169 -0.274909 -0.522368 0.128229
 -0.00283736 -0.372997 -0.573329 0.1665
 0.00116366 -0.460586 -0.517416 0.181323
 0.00455585 -0.48572 -0.424219 0.16688
 0.00821251 -0.477669 -0.281792 0.129796
 0.0109136 -0.460106 -0.108702 0.0738202
 0.00977882 -0.401606 0.0484458 0.0117651
 -0.00338828 -0.372723 -0.610382 0.171089
 -0.000933704 -0.45985 -0.63831 0.206106
 0.00475612 -0.593956 -0.565741 0.219916
 0.0093903 -0.680368 -0.462196 0.205973
 0.0149596 -0.749908 -0.297827 0.166139
 0.0195942 -0.786471 -0.0762188 0.0952592
 0.0183144 -0.720825 0.134678 0.00936215
 0.0032229 -0.611965 -0.653807 0.242972
 0.0110683 -0.747897 -0.537613 0.24179
 0.0171529 -0.866001 -0.41928 0.223365
 0.0240264 -0.970331 -0.223334 0.17241
 0.0299615 -1.04908 0.0307728 0.0893787
 0.0302376 -1.12004 0.323567 -0.02048
 0.0221672 -1.01 -0.392381 0.235669
 0.0291484 -1.10845 -0.239005 0.199571
 0.0356995 -1.15832 -0.0342802 0.134931
 0.0428407 -1.3359 0.262552 0.0398102
 0.0412207 -1.43107 0.589668 -0.0867182
 0.0355819 -1.18767 -0.0789285 0.155671
 0.043167 -1.32778 0.1458 0.0890208
 0.0497756 -1.52996 0.466941 -0.0163503
 0.0454679 -1.51682 0.73 -0.131304
 0.0511384 -1.55494 0.414462 0.0107176
 0.0546953 -1.6511 0.686803 -0.0899611
 0.0470666 -1.62929 0.928174 -0.199735
 0.0545524 -1.73745 0.940616 -0.187245
 0.0425784 -1.72985 1.16142 -0.288836
 0.0253165 -1.71943 1.33449 -0.370881

Fourier series term #3
 1.94807e-05 0.0040104 0.00148047 -0.000144565
 2.57818e-05 0.00402799 0.00192025 -0.000206422
 4.27915e-06 0.000793616 0.000344175 -4.65068e-05
 2.22977e-05 0.00163719 0.0013756 -0.000188808
 0.000228727 0.0174048 0.013913 -0.00237867
 -0.000457188 -0.0314389 -0.0255582 0.00536093
 0.000143641 0.0120448 0.0089433 -0.00237837
 0.000251355 0.0308105 0.0166744 -0.00578533
 -0.000136411 -0.0189359 -0.00749549 0.00312443
 -0.000104989 -0.0525747 -0.0099841 0.00609777
 -1.00814e-05 -0.0319598 0.00187756 0.00125797
 -0.000132841 0.023125 -0.00613237 0.000736684
 -0.00022127 -0.0234284 -0.0146124 0.00174947
 0.000643766 0.0593293 0.047129 -0.0061252
 0.000526119 0.0282318 0.0339195 -0.00459374
 -1.47763e-05 -0.0302371 -0.0112298 0.0026511
 -0.000305072 -0.0265267 -0.0238919 0.00484905
 -0.000251323 -0.00495973 -0.0171242 0.00311462
 -0.000359707 -0.00673631 -0.0227243 0.00527958
 -0.000414781 -0.0303319 -0.0279838 0.00865789
 -0.000258342 -0.0397484 -0.0197617 0.00754777
 -0.000209124 -0.0213996 -0.00722681 0.00297634
 -0.000382607 0.0156351 -0.0100748 0.0021188
 0.00102895 0.0558543 0.0652538 -0.00902891
 0.00102838 0.0462917 0.0600484 -0.0094946
 0.000429604 -0.00641584 0.0126412 -0.00201552
 -0.000215555 -0.0512171 -0.0484919 0.0100154
 -0.00103163 -0.0794707 -0.097268 0.0235735
 -0.000996841 -0.0655879 -0.0937373 0.0261499
 -0.000651236 -0.0456994 -0.0811932 0.023708
 -0.00025032 -0.0253578 -0.067704 0.0203695
 0.000179364 -0.0151661 -0.05435 0.016989
 0.000546097 -0.0119608 -0.0386374 0.0124579
 0.000790702 0.0149531 0.0390246 -0.00663243
 0.00085828 0.0271619 0.0257678 -0.00671809
 -0.000553898 -0.0670383 -0.0718396 0.0158113
 -0.0014095 -0.136127 -0.150591 0.0398984
 -0.000933563 -0.0988763 -0.161016 0.0467947
 -0.000378425 -0.0767847 -0.152026 0.0465497
 0.000433918 -0.0846745 -0.129885 0.04384
 0.00117946 -0.0471373 -0.0991567 0.0339557
 0.00203849 -0.0181005 -0.0800082 0.0270584
 6.33738e-05 -0.0285286 -0.0327961 0.00585055
 -0.000920965 -0.0855817 -0.105681 0.0250859
 -0.000980853 -0.102709 -0.1704 0.0450933
 -0.000434772 -0.174134 -0.230263 0.0736563
 0.000804 -0.183093 -0.230776 0.0797635
 0.00238299 -0.165604 -0.201705 0.0746092
 0.00409166 -0.136728 -0.155715 0.0609981
 0.0054588 -0.103677 -0.10724 0.0434851
 -0.000830729 -0.0881011 -0.152968 0.038631
 -0.000689064 -0.110039 -0.215214 0.0613568
 0.000700476 -0.177558 -0.270653 0.0912162
 0.00260061 -0.223116 -0.278162 0.103003
 0.00572312 -0.266217 -0.249326 0.103004
 0.00936787 -0.306224 -0.17916 0.0865218
 0.0114471 -0.278026 -0.0933848 0.0548215
 0.000228854 -0.164186 -0.278064 0.0899456
 0.00290888 -0.184759 -0.306389 0.110943
 0.00603888 -0.272927 -0.309704 0.125763
 0.00950978 -0.296919 -0.258695 0.11646
 0.0152756 -0.418488 -0.161824 0.0966049
 0.0191815 -0.494379 -0.0125818 0.0480559
 0.00821192 -0.331089 -0.316795 0.137622
 0.0114401 -0.338951 -0.281996 0.132359
 0.0156659 -0.366223 -0.218773 0.117452
 0.0223369 -0.493544 -0.0971585 0.0875439
 0.0274263 -0.620952 0.0840814 0.0291438
 0.0151841 -0.382789 -0.234533 0.124803
 0.020267 -0.444283 -0.158614 0.107308
 0.0267417 -0.541741 -0.0372329 0.0732363
 0.0307361 -0.69207 0.173322 0.00392053
 0.0258794 -0.527832 -0.0676515 0.0847171
 0.0317944 -0.66152 0.0945044 0.0364475
 0.0333698 -0.751163 0.279859 -0.0310883
 0.0352731 -0.775098 0.264292 -0.0194058
 0.0344827 -0.766607 0.376557 -0.0690781
 0.0294597 -0.77609 0.490541 -0.118492

Fourier series term #4
 7.24747e-06 0.00164354 0.000532078 -5.18641e-05
 1.19375e-05 0.00194738 0.000891424 -9.69402e-05
 -1.5051e-08 5.97603e-05 -1.65317e-05 -9.65421e-08
 0.000100393 0.008711 0.00625957 -0.000895964
 -0.000135098 -0.010455 -0.008432 0.00144234
 -5.55082e-05 -0.00541754 -0.00433067 0.000899248
 0.000373005 0.0251524 0.01863 -0.0048982
 -0.000150027 -0.0237175 -0.0125299 0.00438555
 -8.69876e-05 -0.0310782 -0.0120726 0.00505775
 9.55434e-05 -0.00508898 -0.00115134 0.000618699
 6.9412e-05 0.0275266 -0.00126066 -0.00126431
 0.000189675 0.0306763 -0.00859858 0.00123148
 -0.000299858 -0.0401771 -0.0226359 0.0027681
 7.93975e-05 0.0159706 0.00771023 -0.00121909
 0.000474812 0.0437449 0.0334578 -0.00521035
 -8.29058e-05 -0.0177576 -0.00594047 0.00159795
 3.9073e-05 -0.00539955 -0.0011993 0.000515549
 7.48309e-05 0.00258933 0.00276837 -0.0006494
 7.1662e-06 -0.000468105 -0.000554462 0.000136609
 -4.83087e-06 -0.00385097 -0.00484682 0.00144122
 3.45317e-05 -0.00797257 -0.00629654 0.00221589
 7.0114e-05 -0.00739961 -0.00275986 0.00122554
 -1.80054e-05 -0.00496784 0.00146924 -0.000283042
 0.000298938 0.029219 0.0247845 -0.00369946
 0.000624093 0.052552 0.0486439 -0.00806756
 0.000780016 0.0446455 0.0520877 -0.00952501
 0.00024755 -0.0159189 0.0114803 -0.000950562
 0.000141414 -0.0221253 -0.0072264 0.00276695
 4.08478e-05 -0.00867603 -0.0108587 0.00314345
 -3.03225e-05 -0.0171375 -0.0132586 0.0045807
 2.11662e-05 -0.0283636 -0.0108291 0.00485754
 0.00019325 -0.0385947 -0.00413087 0.00348198
 0.000251566 -0.0413933 0.00470967 0.000451013
 0.0010358 0.061914 0.0700027 -0.012526
 0.00101372 0.0566047 0.0748814 -0.014671
 0.000911448 0.0297467 0.0552395 -0.0119833
 0.000386687 -0.0313938 -0.000317448 0.00186567
 -2.69597e-05 -0.0716432 -0.028069 0.0118476
 8.06525e-05 -0.0873172 -0.0328196 0.0149226
 0.000302994 -0.0511157 -0.022815 0.0101619
 0.000307966 -0.0213951 -0.0152964 0.00611886
 0.000614698 -0.0593255 0.00422648 0.00177271
 0.00120331 0.0497766 0.0810587 -0.0174206
 0.00123359 0.0543115 0.0777243 -0.0195079
 0.000344698 -0.0325962 0.024697 -0.00405308
 0.00021218 -0.0945964 -0.0232764 0.0124464
 0.000515247 -0.147633 -0.0350215 0.0203541
 0.000942329 -0.126277 -0.0271803 0.0173317
 0.00129454 -0.0983858 -0.0156516 0.011967
 0.0014276 -0.101312 0.00776859 0.00371197
 0.000678524 -0.00683301 0.0562679 -0.0129858
 0.000416427 -0.0242061 0.0398156 -0.00951588
 0.000203467 -0.0736373 0.00428835 0.00320318
 0.000578244 -0.129576 -0.011893 0.012677
 0.00157853 -0.185404 -0.00347959 0.0147521
 0.0028963 -0.225349 0.0175087 0.0110689
 0.0031342 -0.191068 0.0389854 -2.07481e-05
 0.000226181 -0.0433419 0.0338958 -0.00781693
 7.69547e-07 -0.091388 0.0208403 -0.000952995
 0.000438339 -0.12669 0.0139043 0.00433292
 0.000824863 -0.127537 0.0185448 0.00300453
 0.00355162 -0.265717 0.0558232 0.00177123
 0.00360693 -0.24854 0.0872593 -0.0123946
 -2.98775e-06 -0.123725 0.0308692 -0.00206365
 7.40185e-06 -0.118498 0.033068 -0.00323492
 0.00087703 -0.167449 0.050949 -0.00491675
 0.00156659 -0.183381 0.0679392 -0.00991433
 0.00298294 -0.295425 0.145476 -0.0301022
 0.000581421 -0.181081 0.0558526 -0.00550104
 0.000343898 -0.162165 0.0632349 -0.0100825
 0.000531782 -0.169349 0.0787186 -0.0154891
 0.0020182 -0.294713 0.165321 -0.0378439
 -8.24333e-05 -0.165922 0.0808246 -0.0166997
 0.00049904 -0.208801 0.115349 -0.0260273
 0.00102925 -0.29775 0.189874 -0.0475701
 0.000598639 -0.275504 0.174023 -0.0429576
 -0.00162263 -0.333047 0.243822 -0.0666943
 -0.00546849 -0.331952 0.270861 -0.0792871

Fourier series term #5
 2.27338e-07 8.51634e-05 1.32052e-05 -1.28317e-06
 -5.87594e-06 -0.000884145 -0.000428483 4.5123e-05
 1.11496e-05 0.00126961 0.000765514 -9.5015e-05
 -1.43568e-05 -0.00101258 -0.00085581 0.00011889
 -6.57018e-05 -0.00513154 -0.00401797 0.000687842
 0.000136982 0.00943098 0.00764874 -0.00160566
 -4.82364e-05 -0.00365852 -0.00254335 0.00069255
 -8.4099e-05 -0.00935535 -0.0053442 0.00181468
 3.18783e-05 0.00480024 0.00150559 -0.000696731
 3.14003e-05 0.0157947 0.00293985 -0.00181942
 -1.98599e-06 0.0106388 -0.00028459 -0.000530979
 2.91869e-05 -0.0066926 0.00211589 -0.00033127
 -7.68964e-06 -0.00748925 -0.00187588 0.000360835
 -0.000198556 -0.0177064 -0.0136527 0.00180803
 6.48458e-05 0.0151184 0.00750619 -0.00134048
 0.000169102 0.00831878 0.00927356 -0.00163014
 -5.07835e-05 -0.00614204 -0.00351939 0.0008819
 -2.22306e-05 -0.00220874 -0.000133967 0.000194708
 3.61566e-05 0.00270267 0.000894501 -0.000370055
 2.08e-05 0.000192265 -0.00143154 0.000347735
 1.48931e-05 -0.00146621 -0.00102324 0.000370299
 -1.56818e-05 0.000440827 0.000901273 -0.000297912
 -3.33639e-05 0.00294499 9.76978e-05 -0.00016728
 -0.000127312 -0.00877548 -0.00814924 0.00117903
 0.000272098 0.0334659 0.0218325 -0.00415034
 0.0003109 0.0356237 0.0297335 -0.00594701
 0.00031059 0.015998 0.0207591 -0.00440524
 1.0303e-05 -0.0193143 -0.00428821 0.00211248
 9.72586e-05 -0.00220659 0.00376067 -0.000748198
 0.000110462 0.0111619 0.00525123 -0.00209684
 7.12621e-05 0.0178296 0.00118829 -0.00142153
 0.000164564 0.00665544 -0.00413765 0.000989986
 0.000408306 -0.0176449 0.00137157 0.000578854
 0.000137019 0.019861 0.0178445 -0.00340464
 0.000395857 0.0441756 0.0388041 -0.00842657
 0.00064112 0.0507876 0.0533391 -0.0127892
 0.000288265 -0.00399688 0.0212812 -0.00439223
 0.000278091 -0.012279 0.00186903 0.000414023
 0.000269808 -0.0153012 -0.00305899 0.00202524
 0.000159138 0.00192586 0.00261205 -0.000763886
 0.000114682 0.0011094 0.00187707 -0.000500683
 0.000529062 -0.0274084 0.00563323 -0.00011868
 0.000502187 0.0402476 0.0481292 -0.0108798
 0.000700622 0.0580767 0.0688458 -0.0176602
 0.000766335 0.0618456 0.0660571 -0.0197111
 0.00037849 -0.0148203 0.0243963 -0.005626
 0.000519035 -0.0440062 0.00749037 0.00101383
 0.000591683 -0.0462278 0.00601113 0.00170438
 0.000679457 -0.0526044 0.0130818 -0.000310584
 0.000964623 -0.0579051 0.0175676 -0.00194984
 0.000921043 0.0696187 0.0817385 -0.0234223
 0.000624966 0.0717362 0.0808141 -0.0259064
 0.000172158 0.0185911 0.0566809 -0.0180797
 0.000180456 -0.0168777 0.0424159 -0.0119503
 0.000634609 -0.0525695 0.028415 -0.00518112
 0.00146937 -0.112382 0.038224 -0.00419097
 0.00143164 -0.116376 0.0527216 -0.0099581
 0.000214648 0.0598494 0.0911101 -0.0306586
 -0.000172365 0.0383122 0.0644377 -0.023534
 -0.000839412 0.04992 0.0664038 -0.026502
 -0.000524357 -0.0196869 0.0563007 -0.0182038
 0.000343648 -0.0922076 0.0650728 -0.015809
 0.000274274 -0.0977754 0.0710856 -0.018433
 -0.00157949 0.0565688 0.0806303 -0.0332083
 -0.00171374 0.0222212 0.072422 -0.0284054
 -0.00195382 0.0116642 0.0603512 -0.0239973
 -0.00241973 0.00169026 0.0548268 -0.0217187
 -0.0021011 -0.0667553 0.0788956 -0.0251029
 -0.00208335 0.000769562 0.0714332 -0.0272073
 -0.00292783 0.0189269 0.0586865 -0.025103
 -0.00395194 0.0229465 0.0501148 -0.0229277
 -0.00369845 -0.00159549 0.0438952 -0.0182309
 -0.00406266 0.00687012 0.065065 -0.0273592
 -0.00550355 0.0618181 0.0234764 -0.01718
 -0.00529478 0.024365 0.027117 -0.0147024
 -0.00653988 0.0484557 0.0202635 -0.0149323
 -0.00619083 0.0138218 0.027492 -0.0140482
 -0.00756889 -0.0274043 0.0532752 -0.0205654


