**************************************************************
***  MERIS LUT-169: Fourier series terms (s0,..,s5)[TERM]] ***
***                 of polynomial coefficients (k0,..,k3)  ***
***                 for each of 81 aerosol models [IAER],  ***
***                 & for each of 78 geometries [SVZA]     ***
***  - - - - - - - - - - - - - - - - - - - - - - - - - - - ***
***  => useful for multiplicative aer.scat.fct. retrieval  ***
**************************************************************

12 Gaussian angles (deg): SZA/VZA
------------------------         

 2.84 17.64 28.77 36.19 43.61 51.03 58.46 65.88 69.59 73.30 77.01 80.72

Coefficients: [SVZA x (k0,k1,k2,k3)]
------------                        

 Aerosol model #75
 - - - - - - -  

Fourier series term #0
 1.02266 1.40607 0.38866 -0.080981
 1.02677 1.64111 0.459689 -0.103019
 1.03003 1.80855 0.50668 -0.127816
 1.03288 1.95445 0.533759 -0.150051
 1.03613 2.12838 0.541889 -0.174843
 1.03934 2.32487 0.506041 -0.196766
 1.04155 2.53422 0.385625 -0.203606
 1.04115 2.73836 0.116707 -0.169026
 1.0396 2.8291 -0.101415 -0.121214
 1.03783 2.89999 -0.389024 -0.0417206
 1.03864 2.92249 -0.736375 0.0744343
 1.0501 2.81722 -1.06238 0.208056
 1.02725 1.7168 0.470071 -0.113905
 1.03043 1.90224 0.498869 -0.133758
 1.03307 2.0562 0.504019 -0.149598
 1.03585 2.23075 0.481238 -0.164602
 1.03841 2.42334 0.409062 -0.173622
 1.03971 2.62184 0.252478 -0.165228
 1.03821 2.80997 -0.042503 -0.115794
 1.03612 2.89325 -0.266363 -0.062195
 1.03385 2.95903 -0.553647 0.0209891
 1.03418 2.98055 -0.8951 0.138148
 1.04504 2.88093 -1.21311 0.270489
 1.03613 2.01656 0.529475 -0.164162
 1.03937 2.16163 0.516569 -0.179331
 1.04282 2.32685 0.472733 -0.192613
 1.04565 2.49388 0.376605 -0.197443
 1.0469 2.65874 0.201748 -0.183795
 1.04524 2.81375 -0.0968177 -0.13051
 1.04314 2.88341 -0.314678 -0.0765929
 1.04098 2.93905 -0.590106 0.00512765
 1.04153 2.95564 -0.91524 0.119002
 1.05253 2.85875 -1.21692 0.247387
 1.04037 2.29255 0.434231 -0.167408
 1.04307 2.44304 0.355106 -0.169312
 1.04505 2.60008 0.226935 -0.162145
 1.04521 2.74841 0.0251789 -0.135708
 1.04245 2.88962 -0.290579 -0.0704782
 1.03994 2.95539 -0.512468 -0.0115002
 1.03754 3.00937 -0.788381 0.0741942
 1.03814 3.02596 -1.10933 0.190126
 1.04959 2.93039 -1.40179 0.317938
 1.04341 2.55571 0.243936 -0.160811
 1.04459 2.68721 0.0938592 -0.14474
 1.04409 2.82169 -0.121675 -0.110345
 1.04088 2.94949 -0.443292 -0.0377089
 1.03837 3.01037 -0.664129 0.0241703
 1.03622 3.061 -0.935329 0.111546
 1.03742 3.07519 -1.24674 0.227154
 1.04975 2.97847 -1.52526 0.352301
 1.04483 2.77605 -0.074612 -0.118459
 1.04367 2.89145 -0.301708 -0.0750772
 1.04019 3.0169 -0.629967 0.00592268
 1.03778 3.07636 -0.851297 0.0716379
 1.03607 3.12463 -1.11901 0.161707
 1.03815 3.13552 -1.42097 0.277673
 1.05189 3.03395 -1.68222 0.399548
 1.04189 2.97374 -0.538087 -0.0207607
 1.0384 3.09138 -0.873289 0.0706403
 1.03643 3.15322 -1.09595 0.140978
 1.03565 3.20151 -1.36012 0.234227
 1.03939 3.20651 -1.6489 0.349935
 1.05556 3.09285 -1.88381 0.465955
 1.03565 3.18063 -1.20838 0.173486
 1.03481 3.23291 -1.42642 0.248123
 1.03598 3.27411 -1.67942 0.343025
 1.04279 3.26713 -1.94348 0.454955
 1.06308 3.13105 -2.13345 0.558644
 1.03482 3.27324 -1.6375 0.324145
 1.03766 3.29987 -1.87495 0.417115
 1.04685 3.27712 -2.11445 0.523116
 1.0702 3.12111 -2.26674 0.614824
 1.04297 3.30196 -2.08451 0.503977
 1.05526 3.25159 -2.28458 0.59877
 1.08224 3.06534 -2.38324 0.672305
 1.07137 3.1609 -2.4252 0.674462
 1.10239 2.93097 -2.44824 0.72083
 1.13672 2.64932 -2.37498 0.730176

Fourier series term #1
 -0.000242594 -0.0145429 -0.00424473 0.000858976
 -0.000294633 -0.0143614 -0.00518323 0.00098984
 -0.000378947 -0.0157821 -0.00533185 0.00108608
 -0.000481469 -0.0184843 -0.00488655 0.00111915
 -0.000581841 -0.0200396 -0.00279777 0.000803605
 -0.000676117 -0.0199128 0.00139182 -0.000100593
 -0.000732385 -0.0166782 0.00761353 -0.0018056
 -0.000759214 -0.00861392 0.014364 -0.00427442
 -0.000774544 -0.00235199 0.0166875 -0.00552541
 -0.000829692 0.00563729 0.0168337 -0.00628142
 -0.000921142 0.0151054 0.0136762 -0.00603409
 -0.000974499 0.0251246 0.00643964 -0.0042108
 -0.00181634 -0.0897381 -0.0293389 0.00610864
 -0.00240493 -0.102099 -0.028114 0.00614537
 -0.00304166 -0.112223 -0.0212846 0.00518192
 -0.00356319 -0.120383 -0.00565726 0.0022112
 -0.00407289 -0.115422 0.0205896 -0.00393063
 -0.00440721 -0.0898669 0.0551718 -0.0139783
 -0.00462805 -0.0363932 0.0865447 -0.0263411
 -0.00482196 0.00234808 0.0937844 -0.0315763
 -0.00522261 0.0496589 0.0883487 -0.0336568
 -0.00583657 0.104457 0.0641238 -0.0297293
 -0.00623819 0.161955 0.0173643 -0.0168468
 -0.00442239 -0.163282 -0.0340629 0.00934816
 -0.00532288 -0.176891 -0.0177309 0.00643158
 -0.00609871 -0.17513 0.0125882 -0.000441796
 -0.00665041 -0.156596 0.0546404 -0.011783
 -0.006814 -0.108137 0.102531 -0.0279451
 -0.00675889 -0.0229662 0.13871 -0.045729
 -0.00687165 0.0344689 0.1422 -0.0522159
 -0.0072075 0.101642 0.127882 -0.0539493
 -0.00785938 0.17812 0.086783 -0.0465872
 -0.00801061 0.256117 0.016681 -0.0270802
 -0.00657193 -0.206506 0.00625802 0.000981149
 -0.00742295 -0.198626 0.0440386 -0.00839399
 -0.00791688 -0.160663 0.09089 -0.0223702
 -0.00811884 -0.0927152 0.13482 -0.0390074
 -0.00825909 0.0127818 0.156839 -0.0541671
 -0.00854862 0.0808635 0.148906 -0.0577098
 -0.00915493 0.159299 0.119434 -0.0548643
 -0.00996088 0.246216 0.061022 -0.0416355
 -0.00997136 0.332628 -0.0273169 -0.0151865
 -0.0084695 -0.193606 0.0836 -0.0191597
 -0.00899995 -0.141927 0.128073 -0.0344173
 -0.00921266 -0.0531792 0.162456 -0.0508905
 -0.00957449 0.0675568 0.165856 -0.0625428
 -0.00999449 0.141836 0.145681 -0.062879
 -0.0107379 0.226066 0.102349 -0.0558712
 -0.0115104 0.317503 0.029523 -0.037662
 -0.0111276 0.405672 -0.0718049 -0.00597628
 -0.00971633 -0.0909636 0.160998 -0.0480516
 -0.0100648 0.00749115 0.17765 -0.0613982
 -0.010616 0.141749 0.156491 -0.0672006
 -0.0112012 0.220049 0.121822 -0.0631678
 -0.0119678 0.306008 0.0637338 -0.0509553
 -0.0126149 0.397448 -0.023294 -0.0270465
 -0.0115889 0.481326 -0.134024 0.0093071
 -0.0107428 0.0968708 0.170539 -0.0679918
 -0.0116944 0.232101 0.120536 -0.0649007
 -0.0123972 0.31332 0.0697787 -0.0553136
 -0.0131688 0.399903 -0.00409958 -0.0369014
 -0.0134468 0.487069 -0.103473 -0.00707823
 -0.011449 0.560253 -0.218837 0.0331156
 -0.0130969 0.347983 0.0418064 -0.0498193
 -0.0138099 0.421507 -0.0229773 -0.0337483
 -0.0143007 0.50249 -0.11004 -0.00876379
 -0.0137763 0.581213 -0.217695 0.0264558
 -0.0102523 0.637744 -0.3304 0.0686692
 -0.0145408 0.48648 -0.093681 -0.0139673
 -0.0146712 0.557535 -0.182963 0.0136087
 -0.0134444 0.626202 -0.289531 0.050242
 -0.00871808 0.669473 -0.393898 0.0910926
 -0.0141309 0.613041 -0.269036 0.0423253
 -0.0119282 0.66476 -0.367756 0.0784171
 -0.00579088 0.689224 -0.457095 0.115722
 -0.0083896 0.692389 -0.449325 0.110781
 -0.000583777 0.689819 -0.512708 0.140616
 0.00888034 0.653482 -0.538074 0.158017

Fourier series term #2
 -1.30525e-05 -0.000814548 -0.000224068 4.69607e-05
 -1.7114e-05 -0.00110749 -0.000333733 7.5539e-05
 1.06691e-06 -9.3261e-05 -0.000110571 2.68016e-05
 1.46297e-06 -0.000181754 -0.000207346 5.23683e-05
 3.0837e-06 -0.000231612 -0.000319191 8.49004e-05
 3.79914e-06 -0.000375152 -0.000458033 0.000132681
 2.86512e-06 -0.000652 -0.000564863 0.00018664
 2.4702e-06 -0.000955829 -0.000507467 0.000205326
 2.47344e-06 -0.00111768 -0.000376785 0.000184278
 2.00021e-06 -0.00127025 -0.000162749 0.000131658
 -4.728e-07 -0.00134879 0.000115358 4.39821e-05
 -9.58017e-06 -0.00126541 0.000364502 -5.53701e-05
 -0.000313686 -0.0226434 -0.00718747 0.00176343
 -3.97016e-05 -0.00959564 -0.00607041 0.00153836
 8.10015e-05 -0.00704848 -0.00804935 0.00206533
 0.000120684 -0.0105967 -0.0121915 0.00330614
 0.00014136 -0.017083 -0.016449 0.00486737
 0.000133489 -0.0268759 -0.0185124 0.00626721
 0.000128145 -0.0387074 -0.0146594 0.00632665
 0.00014236 -0.0441939 -0.00930506 0.00526726
 0.000152842 -0.0483479 -0.00148149 0.00317504
 9.09496e-05 -0.0499629 0.00799848 6.31869e-05
 -0.000221983 -0.0469093 0.0162463 -0.00327401
 -0.000189706 -0.0284048 -0.0183785 0.00508524
 -2.65134e-05 -0.0286695 -0.0251908 0.00714848
 9.0034e-05 -0.0336027 -0.0335494 0.0100209
 2.60329e-05 -0.0507756 -0.0418948 0.0138248
 -0.000105793 -0.0745937 -0.0435132 0.0167573
 -0.000162709 -0.0995935 -0.0311804 0.0160693
 -0.000129765 -0.110392 -0.0179022 0.0132417
 -9.08701e-05 -0.118349 0.000330941 0.00815898
 -0.000220943 -0.121072 0.0216675 0.000922651
 -0.000920311 -0.114131 0.0402396 -0.00686355
 -5.98382e-05 -0.0508518 -0.0382431 0.0112701
 -1.18901e-06 -0.0666793 -0.048969 0.0154166
 -2.24462e-05 -0.0897086 -0.055037 0.0192698
 -0.000133607 -0.123374 -0.0506319 0.0213868
 -0.000103075 -0.157266 -0.0275922 0.0182599
 -5.28527e-07 -0.171225 -0.00724534 0.0134038
 8.34842e-05 -0.181193 0.0189083 0.00571928
 -9.50072e-05 -0.184273 0.0485015 -0.00464147
 -0.00113077 -0.174253 0.0734492 -0.0153974
 -0.000117998 -0.108068 -0.0619006 0.0216146
 -0.000194378 -0.143668 -0.063986 0.025569
 -0.000219082 -0.181457 -0.0509818 0.0260049
 -9.0005e-05 -0.220963 -0.0166648 0.0200185
 6.44878e-05 -0.23737 0.0103463 0.0131151
 0.000162093 -0.248946 0.0437393 0.00287599
 -0.000108462 -0.252239 0.0806791 -0.0104725
 -0.00152522 -0.2394 0.111166 -0.0240486
 -0.000469425 -0.202963 -0.0599967 0.0294818
 -0.000462298 -0.249486 -0.0369795 0.0277255
 -0.00017799 -0.289026 0.00878516 0.0180032
 2.03398e-05 -0.306582 0.0418691 0.00887673
 0.000117736 -0.319634 0.0816336 -0.00389118
 -0.000299371 -0.323394 0.124603 -0.0199649
 -0.00215709 -0.308314 0.159251 -0.0359893
 -0.000511925 -0.316455 -0.00283605 0.0236323
 -0.000156293 -0.362463 0.0541742 0.010001
 5.84329e-05 -0.37898 0.0921045 -0.00142092
 7.0446e-05 -0.391201 0.136238 -0.0164942
 -0.00060465 -0.394489 0.182921 -0.0347493
 -0.00305071 -0.377075 0.219019 -0.0523205
 4.17128e-05 -0.429221 0.123947 -0.0076942
 0.000107929 -0.451153 0.166962 -0.0213309
 -0.000154856 -0.463224 0.213529 -0.0382335
 -0.00133289 -0.462787 0.259463 -0.0574562
 -0.00464649 -0.43937 0.290884 -0.074528
 -1.31174e-05 -0.479219 0.212989 -0.0360447
 -0.000560444 -0.494698 0.260882 -0.0536379
 -0.00216022 -0.493384 0.305037 -0.0727073
 -0.00604558 -0.465595 0.331176 -0.0884477
 -0.00155761 -0.514972 0.309649 -0.0715721
 -0.00374021 -0.51498 0.351552 -0.089992
 -0.00836075 -0.483388 0.370444 -0.10338
 -0.00670351 -0.517065 0.38972 -0.106904
 -0.0122029 -0.483501 0.400142 -0.116989
 -0.0185732 -0.449159 0.400762 -0.122777

Fourier series term #3
 -9.01093e-07 -5.62303e-05 -1.54377e-05 3.24235e-06
 -2.60954e-06 -0.000161447 -4.43384e-05 1.00474e-05
 -2.80761e-07 -1.53635e-05 -3.35605e-06 9.18258e-07
 1.32247e-08 2.83146e-06 2.60852e-06 -5.89333e-07
 2.15737e-07 1.47673e-05 6.21021e-06 -1.77672e-06
 -2.76958e-07 -1.47567e-05 -1.65396e-06 9.06798e-07
 3.23657e-07 1.71863e-05 1.06212e-06 -8.75701e-07
 6.28651e-07 2.75527e-05 -6.04187e-06 5.72402e-07
 2.91662e-07 -3.98462e-06 -1.04407e-05 3.68721e-06
 1.87054e-07 -2.73345e-05 -9.30747e-06 4.85866e-06
 4.56833e-07 -2.41214e-05 -7.95155e-06 4.40334e-06
 1.00851e-06 -1.15587e-06 -1.28678e-05 4.85551e-06
 -0.000215077 -0.0138636 -0.00364345 0.000903206
 -7.06672e-05 -0.0043387 -0.000890099 0.000259484
 -9.29079e-06 -0.000221273 0.000324247 -6.58021e-05
 1.3233e-06 0.000517729 0.000529074 -0.00013227
 1.97421e-05 0.00131741 0.000381551 -0.00012547
 4.98361e-05 0.00210037 -0.000376071 4.32951e-05
 8.46934e-05 0.00185894 -0.00175143 0.000465623
 0.000104871 0.00108927 -0.0023959 0.000726928
 0.000130947 -0.000151009 -0.00268135 0.000920496
 0.000163401 -0.00175594 -0.00232209 0.000925049
 0.000188319 -0.00344617 -0.00117722 0.000631752
 -0.000249272 -0.0144123 -0.00298126 0.00102209
 -0.000128712 -0.00706056 -0.000652212 0.000363841
 2.72972e-05 0.00164271 0.00114776 -0.000321129
 0.000126418 0.00537016 0.000158611 -0.000209885
 0.000223019 0.00664153 -0.00318544 0.000688183
 0.000322576 0.004502 -0.00776139 0.00231093
 0.000381594 0.00159578 -0.00950009 0.00316841
 0.000456781 -0.00256226 -0.00995373 0.0037468
 0.000555295 -0.00774534 -0.00824765 0.00364771
 0.000621208 -0.0130615 -0.00414338 0.00259021
 -0.000171806 -0.0109743 -0.00127476 0.000668373
 1.34756e-05 -0.00159681 -0.000572502 0.000270099
 0.000245367 0.00795407 -0.0025183 0.000477822
 0.000422498 0.00931309 -0.00809359 0.00208591
 0.000603989 0.00383356 -0.0141891 0.00448926
 0.000722365 -0.00150389 -0.0157268 0.00551222
 0.000878028 -0.00854812 -0.0149257 0.0059227
 0.00106285 -0.0168306 -0.0107837 0.00520933
 0.00117874 -0.0250652 -0.00315972 0.00302812
 8.2985e-05 -0.00391225 -0.00395941 0.00135107
 0.000367757 0.00396536 -0.00847177 0.00243248
 0.000686123 0.00771775 -0.0155752 0.00459433
 0.000990839 -0.00111493 -0.0218104 0.00754009
 0.00118414 -0.00914065 -0.0222753 0.00853747
 0.00143415 -0.0190555 -0.0193927 0.00856257
 0.00170864 -0.0301734 -0.0121156 0.00700189
 0.00185837 -0.0407919 -0.000575193 0.00351276
 0.000564156 -0.00351244 -0.0164022 0.0054089
 0.000963787 -0.0049329 -0.0239643 0.00832199
 0.00146109 -0.0132612 -0.0281535 0.0109671
 0.00176096 -0.0227795 -0.0264483 0.0114988
 0.00211097 -0.0348688 -0.0204903 0.0107045
 0.00247503 -0.0482201 -0.00927588 0.00789333
 0.00262287 -0.0602946 0.00633978 0.0028907
 0.0013466 -0.0244684 -0.029313 0.0120116
 0.00203637 -0.0382662 -0.0284584 0.0137072
 0.00247501 -0.0464492 -0.0238355 0.013219
 0.00295108 -0.0576081 -0.0145061 0.0111457
 0.00337826 -0.0709066 0.000505983 0.00681789
 0.00346029 -0.0826764 0.0195295 0.000286672
 0.00286682 -0.0700481 -0.0174353 0.0133864
 0.00339761 -0.0820605 -0.00766252 0.0113047
 0.00394653 -0.0918341 0.00546895 0.00752878
 0.00435445 -0.100821 0.0225637 0.00174102
 0.00425074 -0.107501 0.0419011 -0.00572
 0.00396387 -0.0993059 0.00638979 0.00797327
 0.00448037 -0.111492 0.0225558 0.0031046
 0.00479085 -0.119078 0.040571 -0.00337595
 0.004483 -0.12134 0.0580586 -0.0107168
 0.00487498 -0.127552 0.0422211 -0.00293718
 0.00499468 -0.135959 0.0617791 -0.0101649
 0.00439319 -0.134558 0.0769947 -0.0171446
 0.00479395 -0.146254 0.0827436 -0.017962
 0.00377067 -0.143041 0.0957155 -0.0243427
 0.0022394 -0.139075 0.106061 -0.0297808

Fourier series term #4
 3.2884e-08 1.66896e-06 5.59973e-07 -1.32842e-07
 -1.91402e-07 -1.18372e-05 -3.23277e-06 7.4675e-07
 -9.43184e-08 -6.00932e-06 -1.66752e-06 4.29961e-07
 1.99777e-07 1.08967e-05 3.13919e-06 -8.87445e-07
 -1.30302e-07 -7.98337e-06 -1.87128e-06 5.91206e-07
 -5.49924e-08 -4.07896e-06 -6.6051e-07 2.67303e-07
 2.44519e-07 1.48676e-05 2.57475e-06 -1.29928e-06
 -1.87628e-07 -1.33902e-05 -1.64941e-07 7.00603e-07
 -2.20464e-07 -1.69561e-05 9.75246e-07 5.8494e-07
 1.12221e-08 -1.74439e-06 3.70345e-07 -1.73731e-08
 2.34325e-07 1.64514e-05 -4.1123e-06 4.21558e-07
 3.37569e-07 1.74544e-05 -6.45307e-06 1.24441e-06
 -0.000118194 -0.00768563 -0.00204252 0.000505922
 -4.79628e-05 -0.00312613 -0.000803001 0.000220583
 -5.3511e-06 -0.000296814 -4.88228e-05 1.62822e-05
 -4.04537e-06 -0.000121979 5.02223e-05 -1.01565e-05
 -7.38895e-06 -0.000161621 0.000142632 -3.35937e-05
 -9.01812e-06 2.77574e-05 0.000293242 -8.47766e-05
 -9.29401e-06 0.000386964 0.000345729 -0.000124795
 -8.95684e-06 0.000585774 0.000268664 -0.000116537
 -7.89767e-06 0.000744446 0.000107991 -7.72504e-05
 -4.82568e-06 0.000797864 -0.000101302 -9.58509e-06
 3.54244e-06 0.000686619 -0.000260907 5.74892e-05
 -0.000197833 -0.0118604 -0.00304941 0.000973148
 -0.000125724 -0.00725161 -0.00157011 0.000574465
 -4.51569e-05 -0.00178091 0.000211658 -3.60148e-06
 -3.79359e-05 -0.000388905 0.00111999 -0.000304059
 -4.07565e-05 0.000705339 0.00180987 -0.000584064
 -3.4743e-05 0.0025737 0.00181337 -0.000746485
 -3.12779e-05 0.0034939 0.0013015 -0.000670626
 -2.65578e-05 0.00414704 0.000426625 -0.000441645
 -1.20919e-05 0.0043012 -0.000624403 -8.50401e-05
 2.75591e-05 0.00371133 -0.00141579 0.000268147
 -0.000217891 -0.0130007 -0.00208319 0.000880245
 -0.000159334 -0.00785116 5.43787e-05 0.000235533
 -9.10991e-05 -0.000980337 0.00239596 -0.000649168
 -8.03824e-05 0.0027017 0.00344543 -0.00118363
 -7.76669e-05 0.00612707 0.00278136 -0.00127371
 -7.58668e-05 0.00767854 0.00156939 -0.00102722
 -6.86705e-05 0.0087505 -0.000180816 -0.000535985
 -4.11382e-05 0.00891102 -0.00211302 0.000141825
 3.73575e-05 0.0076899 -0.0034311 0.000759212
 -0.000260115 -0.012694 0.000955608 0.000210432
 -0.000206982 -0.0049363 0.00372697 -0.000889733
 -0.000140079 0.00538243 0.00504781 -0.00189609
 -0.000130821 0.011548 0.00322827 -0.00185217
 -0.00013294 0.0135588 0.00113687 -0.00136346
 -0.000124149 0.0147651 -0.0015671 -0.000550014
 -8.09767e-05 0.0147238 -0.00438362 0.000487723
 4.39039e-05 0.0127773 -0.00619783 0.00139216
 -0.000296856 -0.00668413 0.00526446 -0.0013
 -0.000240298 0.00468105 0.0057377 -0.00220166
 -0.000193964 0.0169803 0.00230692 -0.00206885
 -0.000194077 0.020181 -0.000762031 -0.00132779
 -0.0001857 0.0215422 -0.00432462 -0.000197008
 -0.000126679 0.0211038 -0.0077587 0.00114733
 4.28285e-05 0.0183386 -0.00979071 0.0022663
 -0.000323319 0.00488986 0.00511144 -0.00215948
 -0.00030206 0.0167091 0.000537328 -0.0016164
 -0.000287331 0.0229462 -0.00357381 -0.00071096
 -0.000263337 0.0265393 -0.00812584 0.000648311
 -0.000184197 0.0267578 -0.0120741 0.00219494
 2.62311e-05 0.023531 -0.0139928 0.00338157
 -0.000389443 0.0147513 -0.00202719 -0.000658776
 -0.000392734 0.0181851 -0.00526319 0.000217542
 -0.000358673 0.0232025 -0.00995908 0.0015597
 -0.000254275 0.0265768 -0.0147663 0.00319726
 -1.45222e-06 0.0256479 -0.0172834 0.00444314
 -0.000410916 0.0167627 -0.00646397 0.000794371
 -0.000389852 0.0189329 -0.00955375 0.00181064
 -0.000289427 0.0223767 -0.0138606 0.00325547
 -3.82021e-05 0.0233525 -0.0169571 0.00454791
 -0.000394451 0.0161637 -0.00966579 0.00215885
 -0.000321487 0.016864 -0.0117509 0.0029926
 -0.000101429 0.018254 -0.0143934 0.00403847
 -0.000316074 0.0127794 -0.0100178 0.00275718
 -0.00018698 0.0119514 -0.0103176 0.00303751
 -0.000229542 0.00715436 -0.00664764 0.00199651

Fourier series term #5
 1.23852e-08 1.57992e-06 2.48002e-07 -1.77646e-08
 -7.25504e-08 -4.50479e-06 -1.28398e-06 3.03074e-07
 5.70608e-08 3.79765e-06 9.35199e-07 -2.07653e-07
 -1.66272e-09 -2.67937e-07 1.0253e-08 -1.7177e-08
 -7.80884e-08 -4.40744e-06 -1.21273e-06 3.99673e-07
 1.17306e-07 5.98232e-06 1.48906e-06 -5.89402e-07
 -2.60448e-08 -2.13803e-06 -8.37028e-08 5.50913e-08
 -8.77686e-08 -5.32063e-06 -3.761e-07 3.84428e-07
 4.0076e-08 3.23141e-06 -3.03958e-07 -6.49636e-08
 1.22354e-07 8.84805e-06 -1.13406e-06 -1.48051e-07
 7.74873e-08 5.45825e-06 -1.31486e-06 1.325e-07
 -6.77121e-08 -3.77409e-06 1.54561e-06 -3.30725e-07
 -5.59727e-05 -0.00365362 -0.000964472 0.000239647
 -3.05781e-05 -0.00201148 -0.000519321 0.000142719
 -3.03843e-06 -0.000205058 -5.48414e-05 1.62817e-05
 5.54876e-07 2.21525e-05 -2.47647e-06 1.51119e-07
 -2.09006e-07 -3.85971e-05 -1.88248e-05 6.0904e-06
 -7.28736e-07 -6.85194e-05 -1.39286e-05 6.42794e-06
 -1.33395e-06 -6.60364e-05 1.79354e-05 -2.52706e-06
 -1.87989e-06 -5.19508e-05 3.91322e-05 -1.00162e-05
 -2.57234e-06 -2.02224e-05 5.36019e-05 -1.69904e-05
 -3.25739e-06 3.27873e-05 4.70707e-05 -1.8444e-05
 -3.43967e-06 8.84171e-05 1.51322e-05 -1.05302e-05
 -0.000144012 -0.00876271 -0.00231437 0.000734542
 -8.86273e-05 -0.00545629 -0.00140204 0.000489162
 -1.63249e-05 -0.0011005 -0.00032297 0.000119774
 -3.35722e-06 -0.000318308 -0.000130551 4.88963e-05
 -9.18397e-06 -0.000569928 -3.76177e-05 3.80436e-05
 -1.49407e-05 -0.000538053 0.000250455 -5.09372e-05
 -1.7648e-05 -0.000333779 0.000399102 -0.000115068
 -2.09663e-05 -1.34458e-05 0.000465435 -0.000164925
 -2.49754e-05 0.000379929 0.000378358 -0.000168161
 -2.54187e-05 0.000752144 0.000127991 -0.000105404
 -0.000154105 -0.0102527 -0.00227417 0.000859075
 -9.2146e-05 -0.00644723 -0.00132698 0.000566413
 -2.63162e-05 -0.00196 -0.000334273 0.000171694
 -2.49644e-05 -0.00131834 0.000167507 1.10921e-05
 -3.91194e-05 -0.00105672 0.000784416 -0.000196574
 -4.72352e-05 -0.000544562 0.0010181 -0.000313148
 -5.71385e-05 0.000241109 0.00102613 -0.000380454
 -6.77298e-05 0.00116956 0.00068729 -0.00033601
 -6.85608e-05 0.00202246 1.49821e-05 -0.000149448
 -0.000160143 -0.0120501 -0.00191647 0.0009999
 -0.000111032 -0.00831422 -0.000667803 0.000574285
 -6.62829e-05 -0.0032664 0.000738991 -5.82725e-05
 -8.1768e-05 -0.00129386 0.00172292 -0.000501223
 -9.80255e-05 -0.000259574 0.00193457 -0.000661976
 -0.000118209 0.00110487 0.00173097 -0.000713689
 -0.000137609 0.0026864 0.000949368 -0.000568674
 -0.000136209 0.00415061 -0.000360275 -0.000188109
 -0.00019638 -0.0145179 8.83921e-05 0.000736669
 -0.000167656 -0.00951582 0.00203588 -8.59956e-05
 -0.000152391 -0.00184435 0.00301071 -0.000927282
 -0.000172752 0.000780474 0.00286632 -0.00110524
 -0.000202989 0.0030729 0.00213961 -0.00106183
 -0.000231105 0.00532289 0.000669176 -0.000724425
 -0.000221752 0.00728389 -0.00141484 -8.03897e-05
 -0.000263403 -0.0145772 0.00442743 -0.000504846
 -0.000272197 -0.00627851 0.00516453 -0.00138728
 -0.000286361 -0.000128659 0.00405422 -0.00152757
 -0.00031744 0.00509182 0.00204952 -0.00127722
 -0.000344462 0.00894317 -0.000644164 -0.0006153
 -0.000311661 0.0114939 -0.00367934 0.00036916
 -0.000394802 -0.00916042 0.00735713 -0.00199779
 -0.000435484 -0.0047674 0.00630397 -0.00203704
 -0.000469069 0.00254118 0.00305607 -0.00151756
 -0.00047715 0.00996584 -0.00178494 -0.000349662
 -0.000388008 0.0151099 -0.00678423 0.00119763
 -0.000502345 -0.00449119 0.00641428 -0.00214561
 -0.000548743 0.000457118 0.00386029 -0.00166765
 -0.00055015 0.00808264 -0.00134974 -0.000366175
 -0.000424152 0.0148431 -0.0074859 0.00148872
 -0.000608894 0.000925344 0.00322414 -0.00149288
 -0.00061163 0.00593042 -0.000740863 -0.000409583
 -0.000455224 0.0127289 -0.00701269 0.00150776
 -0.000624464 0.00614509 -0.00181438 1.37058e-05
 -0.000460564 0.0101948 -0.00618171 0.00144766
 -0.000334805 0.00940738 -0.00666295 0.00176901


