**************************************************************
***  MERIS LUT-169: Fourier series terms (s0,..,s5)[TERM]] ***
***                 of polynomial coefficients (k0,..,k3)  ***
***                 for each of 81 aerosol models [IAER],  ***
***                 & for each of 78 geometries [SVZA]     ***
***  - - - - - - - - - - - - - - - - - - - - - - - - - - - ***
***  => useful for multiplicative aer.scat.fct. retrieval  ***
**************************************************************

12 Gaussian angles (deg): SZA/VZA
------------------------         

 2.84 17.64 28.77 36.19 43.61 51.03 58.46 65.88 69.59 73.30 77.01 80.72

Coefficients: [SVZA x (k0,k1,k2,k3)]
------------                        

 Aerosol model #67
 - - - - - - -  

Fourier series term #0
 1.01242 0.951528 0.454365 -0.0769344
 1.01895 1.40529 0.682365 -0.123747
 1.02404 1.72499 0.828682 -0.168409
 1.02813 1.98626 0.917778 -0.207014
 1.03243 2.28476 0.969954 -0.249113
 1.03614 2.60956 0.940286 -0.285206
 1.03785 2.94906 0.765108 -0.295829
 1.03546 3.2835 0.35121 -0.241035
 1.03241 3.43641 0.0157786 -0.167042
 1.0293 3.56282 -0.422179 -0.0461337
 1.03038 3.62262 -0.944329 0.127375
 1.04729 3.50358 -1.42866 0.323195
 1.01988 1.52837 0.73427 -0.145972
 1.02464 1.84623 0.855008 -0.190811
 1.0284 2.10112 0.918636 -0.228105
 1.0322 2.38078 0.938394 -0.266631
 1.03548 2.68493 0.881339 -0.298768
 1.03689 2.99776 0.691734 -0.3064
 1.03445 3.30066 0.286391 -0.25256
 1.03152 3.44089 -0.0339026 -0.181891
 1.02857 3.55989 -0.450954 -0.0664195
 1.02965 3.61979 -0.950824 0.100544
 1.04603 3.51173 -1.42052 0.291824
 1.02617 2.05878 0.833696 -0.201084
 1.02948 2.28738 0.839283 -0.22623
 1.03287 2.55215 0.80377 -0.250744
 1.03533 2.82338 0.69027 -0.264504
 1.03562 3.1011 0.458599 -0.252748
 1.03184 3.37967 0.0363656 -0.182702
 1.02819 3.51417 -0.281793 -0.106484
 1.0245 3.63344 -0.690214 0.0120269
 1.0248 3.70124 -1.17706 0.179217
 1.04029 3.61066 -1.63462 0.368849
 1.03715 2.40781 0.82349 -0.248883
 1.04032 2.62765 0.748094 -0.263113
 1.04263 2.87131 0.609364 -0.267904
 1.04259 3.11668 0.362405 -0.246748
 1.03867 3.36898 -0.0582553 -0.169714
 1.03518 3.49611 -0.367796 -0.0921238
 1.03191 3.61096 -0.762015 0.0256721
 1.03299 3.67757 -1.22938 0.189522
 1.04959 3.58945 -1.66473 0.373515
 1.03929 2.77123 0.61593 -0.260289
 1.04 2.97075 0.442594 -0.251066
 1.03868 3.198 0.179361 -0.219105
 1.03388 3.43448 -0.245394 -0.132572
 1.03029 3.5565 -0.550806 -0.051731
 1.02726 3.6692 -0.935393 0.0672782
 1.02899 3.73655 -1.38728 0.229538
 1.04656 3.65283 -1.80372 0.409326
 1.03931 3.08993 0.232593 -0.223683
 1.03704 3.28115 -0.048537 -0.178064
 1.03184 3.51371 -0.478092 -0.0810961
 1.02836 3.63384 -0.781462 0.00418168
 1.02585 3.74449 -1.1587 0.125888
 1.02865 3.80933 -1.5953 0.287526
 1.04781 3.72329 -1.98813 0.462333
 1.03382 3.40029 -0.350193 -0.113651
 1.02851 3.60981 -0.788644 -0.0018253
 1.02554 3.73262 -1.09165 0.0890592
 1.02417 3.84384 -1.46187 0.214269
 1.02902 3.90299 -1.87938 0.374841
 1.05116 3.80428 -2.23698 0.541447
 1.0239 3.74995 -1.22907 0.128332
 1.02224 3.85029 -1.52537 0.225703
 1.02324 3.94827 -1.87871 0.352758
 1.03188 3.99532 -2.26438 0.508495
 1.05908 3.87345 -2.56608 0.659707
 1.02194 3.92186 -1.80837 0.324539
 1.02497 3.99554 -2.14183 0.450038
 1.03665 4.01901 -2.49423 0.598053
 1.06771 3.87199 -2.74614 0.733366
 1.03104 4.0268 -2.4355 0.567422
 1.04671 4.0057 -2.73231 0.700177
 1.08247 3.81668 -2.91242 0.811413
 1.06757 3.91872 -2.94429 0.806689
 1.10841 3.66587 -3.02127 0.88172
 1.15333 3.33306 -2.96134 0.905045

Fourier series term #1
 -0.000388186 -0.0284538 -0.0140981 0.00237994
 -0.000561817 -0.0336173 -0.0178855 0.00323108
 -0.000660392 -0.0344463 -0.0161754 0.00334966
 -0.000767673 -0.037522 -0.0137565 0.00331399
 -0.000838828 -0.037787 -0.00730793 0.0024234
 -0.00087993 -0.0355173 0.00282608 0.000442357
 -0.000883889 -0.028702 0.0158203 -0.00291057
 -0.000904538 -0.0157031 0.0279604 -0.00718752
 -0.000968901 -0.00640111 0.0313711 -0.00907551
 -0.00110927 0.00490471 0.0310272 -0.0100758
 -0.00133157 0.0181795 0.0251288 -0.00933131
 -0.00151482 0.031901 0.0129464 -0.0060999
 -0.00315114 -0.194674 -0.0968238 0.0192678
 -0.00397443 -0.214767 -0.0894349 0.0205802
 -0.0045145 -0.223577 -0.0673175 0.0185258
 -0.00500696 -0.226163 -0.0281588 0.0124338
 -0.00529049 -0.208369 0.0318429 -0.000485838
 -0.00536274 -0.162142 0.105095 -0.0211381
 -0.00554275 -0.0812234 0.169536 -0.0463
 -0.00594759 -0.025955 0.185844 -0.0571338
 -0.00678316 0.0400775 0.180929 -0.0627906
 -0.00808034 0.116113 0.144998 -0.05844
 -0.00913318 0.19495 0.0737136 -0.03981
 -0.00610563 -0.334687 -0.100778 0.0263986
 -0.00707096 -0.352075 -0.0631409 0.0216426
 -0.00775377 -0.339001 0.00291442 0.00920885
 -0.00820538 -0.300117 0.0875912 -0.0109631
 -0.00843458 -0.219619 0.179699 -0.0392887
 -0.00899455 -0.0884682 0.248655 -0.0701617
 -0.00982666 -0.00223989 0.257241 -0.0813914
 -0.0113368 0.0984359 0.234476 -0.0841939
 -0.0135118 0.212191 0.167832 -0.0721208
 -0.0151952 0.328723 0.053124 -0.0399788
 -0.00915786 -0.400793 -0.0321759 0.0186003
 -0.00982844 -0.387974 0.0434962 0.00250465
 -0.00993935 -0.328511 0.140036 -0.0233686
 -0.00982405 -0.228643 0.234922 -0.0558005
 -0.0101297 -0.0767158 0.296733 -0.0881229
 -0.0108985 0.0219979 0.297453 -0.0985908
 -0.012374 0.136299 0.26296 -0.0990207
 -0.0144381 0.26415 0.180422 -0.0825443
 -0.0155929 0.393398 0.0470589 -0.0441191
 -0.0108543 -0.397777 0.110981 -0.0132319
 -0.0112889 -0.330641 0.200917 -0.0405654
 -0.011557 -0.206464 0.28411 -0.0737835
 -0.0125484 -0.0346379 0.322899 -0.102653
 -0.0137353 0.0732669 0.308409 -0.109543
 -0.0155954 0.198151 0.256387 -0.105069
 -0.0178709 0.337577 0.154329 -0.0823043
 -0.0187569 0.47583 0.0021418 -0.0369081
 -0.0123261 -0.28497 0.264653 -0.0630205
 -0.0130692 -0.157859 0.32086 -0.0916075
 -0.014587 0.0322021 0.327027 -0.113399
 -0.0160599 0.147184 0.2931 -0.114696
 -0.0181244 0.277078 0.220897 -0.103425
 -0.0203243 0.42 0.0995884 -0.0732441
 -0.0205201 0.558211 -0.0670966 -0.0212621
 -0.0145902 -0.0624882 0.337041 -0.108724
 -0.0168613 0.122059 0.300286 -0.117319
 -0.0186035 0.242759 0.243201 -0.110867
 -0.0207318 0.376197 0.148229 -0.0909249
 -0.0225445 0.516888 0.00846434 -0.0523477
 -0.0215344 0.645041 -0.166493 0.00530527
 -0.0198854 0.261304 0.218181 -0.106603
 -0.0217903 0.366374 0.138868 -0.0898032
 -0.0236641 0.492133 0.0231999 -0.059856
 -0.0244581 0.625328 -0.131344 -0.0128446
 -0.0214614 0.735621 -0.306418 0.0486786
 -0.0235202 0.452477 0.0526617 -0.0678316
 -0.0249512 0.561341 -0.0680908 -0.0330868
 -0.0248634 0.679351 -0.222779 0.0167972
 -0.0202803 0.773589 -0.388662 0.0772966
 -0.0255336 0.641928 -0.183727 0.00366874
 -0.0240905 0.732075 -0.327528 0.053388
 -0.0175442 0.799325 -0.474122 0.109907
 -0.0206911 0.781451 -0.445903 0.0982971
 -0.0118275 0.805886 -0.554972 0.144638
 -0.000625975 0.775409 -0.607224 0.17326

Fourier series term #2
 -1.91174e-05 -0.00148986 -0.000707142 0.000119786
 -2.88838e-05 -0.00224252 -0.00118402 0.00021221
 -1.16365e-06 -0.000283487 -0.000377802 6.94678e-05
 -8.6548e-06 -0.000900387 -0.000825159 0.000171552
 -4.02736e-07 -0.000438309 -0.000780493 0.00017305
 -6.80632e-07 -0.000661767 -0.000993081 0.000250232
 -7.49571e-06 -0.00152149 -0.00119141 0.000364676
 6.11959e-06 -0.000954958 -0.000761788 0.000270049
 9.40601e-06 -0.000972803 -0.000533729 0.000219022
 6.8501e-06 -0.00155589 -0.000179789 0.000147181
 4.1727e-07 -0.00210877 0.000370117 -5.60587e-06
 -1.47228e-05 -0.00193852 0.000774622 -0.000168663
 -0.000539496 -0.0477549 -0.0263288 0.00512791
 -0.000218861 -0.0269646 -0.0224366 0.00464466
 -9.38236e-05 -0.021924 -0.0255057 0.0056244
 -6.23453e-05 -0.0264783 -0.0328606 0.00800114
 -1.69663e-05 -0.0329939 -0.0382644 0.010525
 5.34064e-05 -0.0423876 -0.038145 0.0122861
 0.00019455 -0.0534116 -0.0279529 0.0114896
 0.000300327 -0.0579505 -0.0179496 0.00934272
 0.000390174 -0.0606375 -0.00493601 0.00572028
 0.000350316 -0.0601515 0.00945661 0.000841493
 -5.95248e-05 -0.05399 0.020963 -0.00400621
 -0.00046495 -0.0719137 -0.0560279 0.0123229
 -0.000294597 -0.073059 -0.0679381 0.0160046
 -9.8882e-05 -0.0763107 -0.0782825 0.0201834
 1.2005e-05 -0.0953483 -0.0864059 0.0252334
 0.000214648 -0.120227 -0.0808083 0.0279515
 0.000657784 -0.143517 -0.0523751 0.0242371
 0.00096193 -0.152594 -0.0281369 0.0185735
 0.0012196 -0.15786 0.00202025 0.00983031
 0.00116187 -0.156274 0.0346372 -0.0015048
 0.000202098 -0.141925 0.0604375 -0.0126186
 -0.000852716 -0.11161 -0.102225 0.0262679
 -0.00080116 -0.131257 -0.119344 0.0335823
 -0.000629265 -0.153107 -0.123859 0.0392248
 -0.000334865 -0.186931 -0.110506 0.0415517
 0.000351221 -0.219805 -0.067094 0.0348932
 0.000843073 -0.231471 -0.0321598 0.0262449
 0.00127213 -0.238044 0.010475 0.013424
 0.0012416 -0.235765 0.0564458 -0.00295683
 -0.000101416 -0.216021 0.093112 -0.0190688
 -0.000770412 -0.194779 -0.148133 0.0463214
 -0.000495945 -0.235746 -0.14953 0.0530705
 0.00013156 -0.273132 -0.123116 0.0529151
 0.00117802 -0.312267 -0.063138 0.0420288
 0.00182962 -0.327654 -0.0179113 0.0302123
 0.00235378 -0.336663 0.0366286 0.0131957
 0.0022299 -0.334021 0.0950595 -0.00825986
 0.000326488 -0.308762 0.141491 -0.0293094
 -0.000336918 -0.321429 -0.151134 0.062632
 0.000523253 -0.375582 -0.113738 0.0604828
 0.00195995 -0.415682 -0.0367953 0.0440179
 0.00277234 -0.433414 0.0179471 0.0287092
 0.00337888 -0.445264 0.0829331 0.00755138
 0.00312708 -0.443867 0.152161 -0.0186834
 0.000592762 -0.414956 0.206843 -0.0442982
 0.00147202 -0.476003 -0.0675119 0.0577678
 0.0031813 -0.534266 0.0243745 0.0362617
 0.0040845 -0.551919 0.0869652 0.0172563
 0.00464782 -0.563608 0.159741 -0.00788515
 0.00408108 -0.561919 0.236051 -0.0381041
 0.000677196 -0.529457 0.294799 -0.0669696
 0.00492177 -0.645653 0.133516 0.0104269
 0.0057076 -0.67869 0.204405 -0.0118607
 0.0059207 -0.692347 0.281287 -0.0399348
 0.00463734 -0.686642 0.358314 -0.0724424
 -9.35311e-05 -0.645193 0.411969 -0.101692
 0.00627183 -0.727296 0.280639 -0.0356133
 0.00611578 -0.752511 0.361536 -0.0650961
 0.00417277 -0.747545 0.436422 -0.0975357
 -0.00148939 -0.697988 0.481049 -0.124571
 0.00535247 -0.792574 0.446389 -0.0955779
 0.00252974 -0.794487 0.519486 -0.127297
 -0.00436282 -0.741364 0.554085 -0.151046
 -0.00159443 -0.806628 0.590294 -0.157489
 -0.00992285 -0.755806 0.614668 -0.17694
 -0.0198901 -0.70978 0.625845 -0.189634

Fourier series term #3
 1.15909e-06 8.66797e-05 4.21247e-05 -7.13478e-06
 9.81821e-07 6.34749e-05 3.20134e-05 -5.8289e-06
 -3.6985e-06 -0.000264093 -0.000126151 2.55934e-05
 6.34329e-07 4.29821e-05 2.18807e-05 -5.05187e-06
 4.25654e-06 0.00030259 0.000129157 -3.33721e-05
 -6.76833e-06 -0.00048019 -0.00017901 5.35219e-05
 2.22393e-06 0.000177795 3.33364e-05 -1.49632e-05
 4.57082e-06 0.000421613 2.55678e-05 -2.57773e-05
 -2.41337e-06 -0.000265113 -2.53865e-05 1.98746e-05
 -5.52121e-06 -0.000707249 5.72755e-05 1.72829e-05
 -3.09607e-06 -0.000433485 8.87386e-05 -7.48427e-06
 4.57028e-06 0.000281859 -0.00013238 3.16484e-05
 -0.00032051 -0.0264994 -0.0125586 0.00249356
 -0.000119515 -0.00988422 -0.00444505 0.000979144
 -2.90681e-05 -0.00239958 -0.000903957 0.000202385
 -1.71545e-05 -0.00152081 -0.00096529 0.000205501
 -3.31544e-06 -0.000843618 -0.00178826 0.000400872
 3.0587e-05 0.00036431 -0.00313808 0.000766916
 7.64471e-05 0.000161873 -0.00500727 0.00144455
 0.000108008 -0.000862114 -0.00559417 0.00178339
 0.000152521 -0.00226008 -0.0054694 0.00194036
 0.000208625 -0.00368846 -0.00442107 0.00177264
 0.000249829 -0.00489232 -0.00254422 0.00123261
 -0.000350146 -0.032906 -0.0138121 0.00322076
 -0.00022428 -0.0216466 -0.00939591 0.0023074
 -6.20573e-05 -0.00771583 -0.0057911 0.00133455
 3.7505e-05 -0.00264107 -0.0082496 0.00190802
 0.000148571 -0.00188371 -0.0137645 0.0036138
 0.000337872 -0.00432224 -0.0187658 0.00572805
 0.000487097 -0.007291 -0.0195732 0.00651293
 0.000685252 -0.0116204 -0.0180356 0.00664852
 0.000916497 -0.0169588 -0.0133044 0.00566526
 0.00107938 -0.0218839 -0.00568789 0.00337521
 -0.00042859 -0.0343722 -0.0170565 0.00449489
 -0.000237739 -0.0219968 -0.0165443 0.00435229
 2.90882e-06 -0.00850536 -0.019147 0.00495684
 0.000198804 -0.00660039 -0.0275256 0.00780823
 0.000509883 -0.0123221 -0.0345677 0.0112581
 0.000759775 -0.0177713 -0.0347226 0.0122894
 0.00108893 -0.0250439 -0.0308181 0.012095
 0.00147233 -0.0326774 -0.0221415 0.010064
 0.00172616 -0.0393993 -0.00939072 0.00605426
 -0.000246588 -0.0362092 -0.0293443 0.00841226
 4.13174e-05 -0.0278935 -0.0368435 0.0108835
 0.000479321 -0.0202035 -0.045379 0.0141756
 0.00106191 -0.029277 -0.0513247 0.018224
 0.00150091 -0.037782 -0.0493052 0.0190906
 0.00205509 -0.0480411 -0.0415792 0.0180721
 0.00265637 -0.0586875 -0.0272179 0.0143679
 0.00301663 -0.0671737 -0.00779492 0.00796282
 0.000223822 -0.0503772 -0.0549418 0.0181059
 0.00082982 -0.0527119 -0.0645694 0.022994
 0.0018152 -0.0582468 -0.0655019 0.026063
 0.0024925 -0.067652 -0.0595803 0.025992
 0.00330459 -0.0804178 -0.0465117 0.0234709
 0.00413281 -0.0940688 -0.0251696 0.0174574
 0.00455496 -0.104256 0.00177684 0.00813569
 0.00154113 -0.0923744 -0.0753349 0.0311463
 0.00298862 -0.108769 -0.0684243 0.0329092
 0.00394237 -0.11578 -0.0570614 0.0309062
 0.00502187 -0.126515 -0.0377036 0.0259089
 0.00603287 -0.139862 -0.00932824 0.0169932
 0.00638775 -0.149456 0.0241373 0.00466953
 0.00487241 -0.168292 -0.0467423 0.0328911
 0.00609444 -0.18574 -0.0261269 0.0281517
 0.00735056 -0.195814 0.000381362 0.0200162
 0.00834296 -0.202803 0.0333444 0.00813562
 0.00838544 -0.203913 0.0682892 -0.00633732
 0.00737518 -0.216857 0.00176141 0.0216734
 0.00862773 -0.235421 0.0348869 0.0113768
 0.00946371 -0.241318 0.0699699 -0.0019116
 0.00910036 -0.235303 0.10201 -0.0163391
 0.00973959 -0.26533 0.0749915 -0.000952014
 0.0102223 -0.278002 0.115162 -0.0160812
 0.00926924 -0.267463 0.144325 -0.0302745
 0.0100577 -0.298505 0.159401 -0.0324851
 0.00830211 -0.287962 0.185749 -0.0458738
 0.00543698 -0.280795 0.20904 -0.0576639

Fourier series term #4
 1.08183e-06 8.34513e-05 3.97191e-05 -6.7218e-06
 1.16205e-06 8.48524e-05 4.15296e-05 -7.54738e-06
 -1.26857e-06 -9.32052e-05 -4.50246e-05 9.1351e-06
 3.24552e-06 0.000226098 0.000105406 -2.37532e-05
 -2.47363e-06 -0.000178326 -7.49798e-05 1.92628e-05
 -1.00721e-06 -8.99504e-05 -3.37541e-05 1.00588e-05
 4.96619e-06 0.000360356 9.65963e-05 -3.70057e-05
 -3.0286e-06 -0.000329707 -3.21198e-05 2.32359e-05
 -3.15613e-06 -0.000419468 -2.90669e-06 2.05834e-05
 6.17366e-07 -5.99201e-05 4.87826e-06 1.36952e-06
 4.39487e-06 0.000373391 -9.67611e-05 1.2842e-05
 6.70261e-06 0.0003975 -0.000157843 3.51355e-05
 -0.000169664 -0.0141786 -0.00670211 0.00133268
 -7.50198e-05 -0.00620615 -0.00290806 0.000645695
 -8.12308e-06 -0.000671878 -0.00020276 5.4185e-05
 -7.95201e-06 -0.000528995 1.30937e-05 9.48499e-06
 -1.05508e-05 -0.000574659 0.000123493 -1.48704e-05
 -9.22509e-06 -0.000104654 0.000374497 -0.000102792
 -1.21191e-05 9.27133e-05 0.00033845 -0.000115604
 -1.14142e-05 0.000245169 0.000190233 -8.4064e-05
 -8.13502e-06 0.000470672 -3.57043e-05 -2.62458e-05
 -2.60784e-06 0.000580672 -0.000274094 5.11559e-05
 7.6419e-06 0.000468882 -0.000403765 0.000112128
 -0.000253917 -0.0238648 -0.00996134 0.00237076
 -0.000166932 -0.0154826 -0.0056872 0.00151516
 -6.56704e-05 -0.00495768 -0.00057415 0.000247324
 -5.55097e-05 -0.00229867 0.00121666 -0.000254001
 -6.45145e-05 -0.00115239 0.00177431 -0.000486307
 -6.43769e-05 0.00111004 0.00137798 -0.00053781
 -6.33215e-05 0.00200376 0.000621558 -0.000375939
 -5.48463e-05 0.00247121 -0.000403588 -7.5429e-05
 -2.75807e-05 0.00233884 -0.00138556 0.000287155
 2.94645e-05 0.00146759 -0.00179531 0.000524785
 -0.000349298 -0.0268946 -0.00946008 0.00279482
 -0.00025625 -0.0182994 -0.00406127 0.00149835
 -0.00014116 -0.00647533 0.00179236 -0.000300853
 -0.000122293 -0.00139762 0.00341529 -0.00102514
 -0.000132939 0.00163058 0.00221877 -0.000928646
 -0.000131248 0.00284168 0.00073134 -0.000556732
 -0.000108854 0.00422111 -0.00120228 4.03367e-06
 -5.99742e-05 0.00437855 -0.00296985 0.000653928
 3.05885e-05 0.00236319 -0.00340059 0.00101741
 -0.000395233 -0.0306985 -0.00577572 0.00249142
 -0.000315708 -0.0192933 0.000155984 0.00061949
 -0.000243663 -0.00450365 0.00416869 -0.00123515
 -0.000237512 0.00280078 0.00229786 -0.00117618
 -0.000236926 0.00399728 0.000128279 -0.000564607
 -0.000204645 0.00474847 -0.0023643 0.000263847
 -0.000122326 0.00438536 -0.00443005 0.00110685
 2.47877e-05 0.00211522 -0.00483767 0.00153274
 -0.000475389 -0.0312117 -0.000456593 0.00140122
 -0.000427816 -0.017281 0.00262798 -0.000184293
 -0.000381467 -0.000451214 0.00129017 -0.000801487
 -0.00036849 0.00308143 -0.00115925 -0.000202133
 -0.000325301 0.00370551 -0.00366517 0.000701619
 -0.000213016 0.00254593 -0.00539649 0.00154586
 -1.99266e-05 -0.000293997 -0.00522 0.00184401
 -0.00056833 -0.0306142 0.00178039 0.000977731
 -0.000559953 -0.0178535 0.000895898 0.000567729
 -0.000511774 -0.00887476 -0.00107979 0.000654054
 -0.000447413 -0.00343661 -0.00361753 0.0012508
 -0.000323935 -0.00278365 -0.00484415 0.00180455
 -0.000115662 -0.00528027 -0.00353451 0.00164695
 -0.000608433 -0.0380425 0.00489521 0.00098485
 -0.000571961 -0.0362374 0.00598913 0.000592326
 -0.000514321 -0.029025 0.00544852 0.000267807
 -0.000431722 -0.0211506 0.00382366 0.000259681
 -0.000329042 -0.0179968 0.00430746 -0.000168225
 -0.000553794 -0.0467717 0.011836 -0.000503314
 -0.000528407 -0.0460654 0.0149611 -0.00167473
 -0.000518635 -0.0384555 0.0149179 -0.00236066
 -0.000544729 -0.0306222 0.0138672 -0.00272959
 -0.000578691 -0.0573296 0.024491 -0.00422993
 -0.000709439 -0.0570187 0.0296346 -0.00636021
 -0.000950955 -0.0477422 0.0287299 -0.00706206
 -0.00110274 -0.0675195 0.0419537 -0.0103648
 -0.00174469 -0.0641677 0.0458524 -0.0125351
 -0.00293515 -0.0687037 0.0554156 -0.0163059

Fourier series term #5
 2.2034e-07 1.73049e-05 8.1548e-06 -1.37349e-06
 -9.07735e-07 -6.73901e-05 -3.28215e-05 5.93595e-06
 1.0581e-06 7.4186e-05 3.60383e-05 -7.36365e-06
 -1.29559e-07 -7.75234e-06 -3.29064e-06 7.68945e-07
 -1.3725e-06 -9.90006e-05 -4.27427e-05 1.09015e-05
 1.9898e-06 0.000144632 5.17196e-05 -1.56421e-05
 -6.63713e-07 -4.93443e-05 -1.06391e-05 4.41828e-06
 -1.32697e-06 -0.000131471 -1.68829e-05 1.04744e-05
 8.20919e-07 7.40043e-05 -2.72098e-06 -2.65099e-06
 1.85026e-06 0.000214139 -2.53255e-05 -2.75394e-06
 1.09448e-06 0.000132202 -3.1838e-05 3.80007e-06
 -1.16447e-06 -8.45645e-05 3.61953e-05 -8.33278e-06
 -7.89219e-05 -0.00668794 -0.00312265 0.0006218
 -4.58918e-05 -0.00382158 -0.0018107 0.000401217
 -7.18134e-06 -0.000570439 -0.000265695 6.51031e-05
 2.74201e-06 0.000174654 6.89513e-05 -1.9383e-05
 -2.16005e-06 -0.000207363 -6.71304e-05 2.32254e-05
 -1.99753e-06 -0.000147609 5.32953e-06 5.26176e-06
 -2.47886e-07 2.06762e-05 5.16465e-05 -1.5915e-05
 -1.96445e-06 -8.25498e-05 6.24187e-05 -1.47296e-05
 -4.04461e-06 -0.000151436 0.000103044 -2.49937e-05
 -4.99509e-06 -3.56606e-05 0.000100941 -3.30999e-05
 -3.88798e-06 0.00014708 1.38423e-05 -1.45206e-05
 -0.000180495 -0.0171762 -0.00736956 0.00174562
 -0.000112813 -0.011001 -0.00456755 0.00118958
 -2.75545e-05 -0.00281303 -0.00104179 0.000311326
 -5.03623e-06 -0.000631986 -5.11566e-05 3.77589e-05
 -1.24399e-05 -0.00111094 0.000119869 1.79472e-05
 -1.93597e-05 -0.000897185 0.00057846 -0.000125454
 -2.27405e-05 -0.000439589 0.000723519 -0.000203317
 -2.83835e-05 3.17935e-05 0.000695662 -0.000233733
 -3.51186e-05 0.000369343 0.000496592 -0.000196917
 -3.69186e-05 0.000570948 0.000195148 -0.000105712
 -0.000254841 -0.0205085 -0.00841441 0.0024128
 -0.00016109 -0.0134442 -0.00494367 0.00160459
 -4.77491e-05 -0.00418023 -0.000807296 0.000374899
 -3.67659e-05 -0.00245825 0.000685686 -7.21875e-05
 -4.84179e-05 -0.00199702 0.00154753 -0.000367268
 -5.89329e-05 -0.00147087 0.00183138 -0.000509234
 -7.11982e-05 -0.000228956 0.00178548 -0.00059901
 -8.47878e-05 0.000893625 0.00125371 -0.000511143
 -8.38417e-05 0.00150899 0.000441471 -0.000264727
 -0.000253465 -0.0246529 -0.00775812 0.00287902
 -0.000171695 -0.0171774 -0.00333609 0.00165943
 -9.20347e-05 -0.00676261 0.00132578 -3.76842e-05
 -0.000108575 -0.00321981 0.00334125 -0.000886355
 -0.000129204 -0.00196225 0.00357076 -0.00108615
 -0.000157861 -0.00047559 0.00329596 -0.00114271
 -0.000186826 0.00112293 0.00236553 -0.000964602
 -0.000185065 0.00264853 0.000790912 -0.000504216
 -0.000277954 -0.0300854 -0.00363711 0.00255221
 -0.000229088 -0.0209679 0.00185952 0.000628084
 -0.000212391 -0.00724016 0.0055752 -0.00141434
 -0.000244821 -0.00305411 0.00574855 -0.00182927
 -0.000288051 -6.13241e-05 0.00490316 -0.00182514
 -0.000332745 0.00207597 0.00334408 -0.00147259
 -0.000340541 0.00383078 0.00120997 -0.00081501
 -0.000308519 -0.03478 0.00563838 0.000376564
 -0.000395145 -0.0217066 0.00886168 -0.00151011
 -0.000392003 -0.0111794 0.00922181 -0.00254847
 -0.000476777 -0.00324629 0.00729192 -0.00256493
 -0.00056141 0.00242705 0.00413287 -0.00190873
 -0.000511711 0.00555555 0.00123543 -0.00107884
 -0.000520826 -0.0357907 0.0158559 -0.0029071
 -0.000603897 -0.0309483 0.0169805 -0.00376922
 -0.000705281 -0.0189126 0.0143277 -0.00393789
 -0.000803416 -0.00582054 0.0085668 -0.00300289
 -0.000805607 0.00336551 0.00219206 -0.00134781
 -0.000705286 -0.0356921 0.0208731 -0.00485445
 -0.000834177 -0.0293855 0.0202933 -0.00530554
 -0.000965256 -0.0161541 0.0145675 -0.00442386
 -0.000974067 -0.00238061 0.00562427 -0.00221638
 -0.00100442 -0.0342961 0.0247066 -0.00663447
 -0.00117693 -0.0265097 0.0216899 -0.00630396
 -0.00123756 -0.011935 0.0122103 -0.00397803
 -0.00144465 -0.0301972 0.025489 -0.00755838
 -0.00160997 -0.0216551 0.0200544 -0.00626713
 -0.00201229 -0.0230135 0.021853 -0.00693643


