**************************************************************
***  MERIS LUT-169: Fourier series terms (s0,..,s5)[TERM]] ***
***                 of polynomial coefficients (k0,..,k3)  ***
***                 for each of 81 aerosol models [IAER],  ***
***                 & for each of 78 geometries [SVZA]     ***
***  - - - - - - - - - - - - - - - - - - - - - - - - - - - ***
***  => useful for multiplicative aer.scat.fct. retrieval  ***
**************************************************************

12 Gaussian angles (deg): SZA/VZA
------------------------         

 2.84 17.64 28.77 36.19 43.61 51.03 58.46 65.88 69.59 73.30 77.01 80.72

Coefficients: [SVZA x (k0,k1,k2,k3)]
------------   

 Aerosol model #3
 - - - - - - -  

Fourier series term #0
 1.00395 0.833683 0.360092 -0.0232703
 1.00605 1.04231 0.525614 -0.0373307
 1.00783 1.11389 0.640393 -0.0552095
 1.00856 1.06151 0.665273 -0.0694456
 1.0139 1.41644 1.04882 -0.137533
 1.02255 2.02303 1.68795 -0.283381
 1.02544 2.52841 2.07969 -0.453859
 1.016 3.43096 2.2279 -0.646164
 1.00018 3.98131 1.90309 -0.657901
 0.975803 4.55986 1.12951 -0.524332
 0.949916 5.18177 -0.138173 -0.185762
 0.952059 5.71517 -1.76075 0.361365
 1.00656 1.01953 0.547154 -0.0417171
 1.01005 1.18208 0.760103 -0.0739827
 1.01521 1.42573 1.06758 -0.128328
 1.02103 1.67322 1.40048 -0.212754
 1.02803 2.04552 1.80381 -0.349502
 1.03211 2.59897 2.16897 -0.537995
 1.02398 3.40212 2.2146 -0.717088
 1.01045 3.90121 1.89193 -0.727716
 0.989189 4.51221 1.19174 -0.614576
 0.966133 5.203 0.00161089 -0.300975
 0.971365 5.72585 -1.56388 0.230657
 1.01538 1.42646 1.09491 -0.129663
 1.02071 1.67682 1.41057 -0.204365
 1.0265 2.00428 1.76825 -0.317709
 1.03071 2.36956 2.05198 -0.458429
 1.03037 2.85116 2.20821 -0.619842
 1.01783 3.53429 2.01412 -0.737576
 1.00352 4.0138 1.65574 -0.729659
 0.982625 4.62726 0.98314 -0.615783
 0.961158 5.28475 -0.151454 -0.310421
 0.968193 5.7763 -1.63616 0.2005
 1.02521 1.93879 1.68832 -0.285264
 1.02933 2.26184 1.96211 -0.397209
 1.03134 2.64061 2.14317 -0.525533
 1.02781 3.15987 2.18152 -0.658982
 1.01072 3.80414 1.81409 -0.714139
 0.994339 4.22563 1.34696 -0.658401
 0.972837 4.70439 0.579669 -0.489462
 0.951514 5.36056 -0.570185 -0.160157
 0.958081 5.98358 -2.05399 0.357953
 1.03213 2.55542 2.14032 -0.507211
 1.03197 2.93717 2.22287 -0.621911
 1.02587 3.45325 2.16685 -0.732728
 1.00605 4.08782 1.69296 -0.748249
 0.988758 4.53555 1.1805 -0.673109
 0.967193 4.98611 0.370201 -0.478617
 0.94832 5.49835 -0.780342 -0.128692
 0.959732 5.94015 -2.18565 0.381033
 1.0291 3.30488 2.20629 -0.713257
 1.01948 3.80166 2.01885 -0.782713
 0.996489 4.4461 1.44856 -0.754593
 0.978045 4.86755 0.893534 -0.652534
 0.95588 5.388 0.0451705 -0.437964
 0.938364 5.91306 -1.14472 -0.0623437
 0.954946 6.24063 -2.52244 0.457141
 1.00586 4.2289 1.69828 -0.79731
 0.979159 4.91125 1.01906 -0.717307
 0.959404 5.34167 0.431887 -0.590895
 0.937277 5.84788 -0.462138 -0.343741
 0.922706 6.38441 -1.68839 0.0605849
 0.944215 6.79303 -3.07884 0.591947
 0.948326 5.59259 0.25542 -0.581012
 0.928032 6.05543 -0.431016 -0.405698
 0.911576 6.37916 -1.36038 -0.107162
 0.899161 7.00823 -2.55743 0.296912
 0.931076 7.43161 -3.93305 0.837416
 0.912792 6.32496 -1.12052 -0.199361
 0.895716 6.79555 -2.01559 0.0844579
 0.88763 7.46762 -3.2425 0.506044
 0.933443 7.61717 -4.4442 1.01438
 0.880399 7.39421 -2.94984 0.381456
 0.886251 7.80741 -4.05998 0.795937
 0.945344 7.79619 -5.07133 1.25112
 0.907125 7.9882 -4.96383 1.16134
 0.982384 7.97654 -5.8354 1.56284
 1.07614 7.69613 -6.31048 1.82548

Fourier series term #1
 -0.000379467 -0.0678369 -0.0351059 0.00229766
 -0.000238825 -0.0180569 -0.0167644 0.000773307
 -8.8126e-05 0.0125975 0.000571592 -0.000600782
 -4.85821e-05 0.0252761 0.00532395 -0.00100704
 -0.00181427 -0.120699 -0.12545 0.0161522
 -0.00136117 -0.0570613 -0.0803494 0.0139009
 -0.00111308 -0.0590783 -0.06168 0.0155484
 -0.000497706 -0.0614906 -0.0196412 0.0109157
 -0.000129203 -0.0727614 0.00422622 0.00635865
 0.000103003 -0.0709606 0.0355009 -0.00270904
 -0.000369862 -0.0481747 0.0611153 -0.0131333
 -0.00200348 -0.00766339 0.0615797 -0.0171829
 -0.000839479 -0.0241004 -0.0458399 0.00146808
 -0.00226148 -0.0716387 -0.124993 0.00937394
 -0.00456559 -0.168521 -0.256617 0.0284106
 -0.00680608 -0.266555 -0.379426 0.0573532
 -0.00895149 -0.403828 -0.494433 0.0998793
 -0.00773308 -0.438794 -0.40934 0.113813
 -0.00287849 -0.378076 -0.104341 0.0631698
 -0.000548002 -0.390892 0.0564861 0.0245447
 0.000863431 -0.376706 0.236135 -0.0314382
 -0.00111266 -0.279588 0.390206 -0.0953525
 -0.00921261 -0.0780288 0.409066 -0.12619
 -0.00580185 -0.230347 -0.335267 0.0375302
 -0.00832175 -0.321438 -0.463207 0.0672278
 -0.0104064 -0.427387 -0.565193 0.106447
 -0.010655 -0.513428 -0.563824 0.13817
 -0.0090555 -0.638782 -0.469188 0.155484
 -0.00385409 -0.71434 -0.166262 0.108728
 -0.000680618 -0.653347 0.0928268 0.0363925
 0.000337018 -0.518969 0.366576 -0.0608199
 -0.00355818 -0.357058 0.557204 -0.148588
 -0.0151438 -0.124943 0.576467 -0.189
 -0.0107397 -0.445123 -0.584233 0.103648
 -0.0117216 -0.533679 -0.619135 0.137077
 -0.0111906 -0.632029 -0.567888 0.161345
 -0.00844101 -0.713725 -0.386289 0.154056
 -0.00330386 -0.778469 -0.0646469 0.0925012
 -0.000810433 -0.759331 0.163363 0.0272513
 -0.000552998 -0.672114 0.401881 -0.0585594
 -0.00578476 -0.502748 0.58248 -0.143023
 -0.0210239 -0.136558 0.572298 -0.179871
 -0.0122233 -0.658689 -0.627055 0.169303
 -0.010307 -0.729669 -0.496624 0.172458
 -0.00684699 -0.789916 -0.26796 0.143407
 -0.00198461 -0.7693 0.1032 0.050591
 -0.000356737 -0.769713 0.307512 -0.0136449
 -0.00111278 -0.68406 0.507141 -0.0934972
 -0.00714013 -0.505717 0.635387 -0.1655
 -0.0216556 -0.213362 0.603976 -0.192092
 -0.00770451 -0.814447 -0.343821 0.160186
 -0.00400994 -0.842317 -0.0753987 0.105761
 -0.000342105 -0.755464 0.288322 -0.00512087
 -5.49264e-05 -0.686845 0.465956 -0.0730589
 -0.00251536 -0.584488 0.616808 -0.143015
 -0.0101287 -0.385796 0.677066 -0.195709
 -0.0241166 -0.102426 0.569664 -0.194158
 -0.00134148 -0.81866 0.191962 0.0299626
 -0.00051837 -0.724547 0.489872 -0.0779404
 -0.00254359 -0.593262 0.627744 -0.144279
 -0.00732862 -0.448302 0.694208 -0.192904
 -0.0171941 -0.225064 0.680919 -0.222072
 -0.0314684 0.0935254 0.490078 -0.19037
 -0.00518317 -0.528032 0.6835 -0.175551
 -0.00957983 -0.438359 0.733142 -0.21227
 -0.0164803 -0.30869 0.725072 -0.234134
 -0.028615 0.00435425 0.590477 -0.225145
 -0.0422599 0.357214 0.306394 -0.155823
 -0.0146845 -0.333502 0.744277 -0.238062
 -0.0234792 -0.126799 0.669853 -0.241429
 -0.0350302 0.105336 0.51695 -0.215251
 -0.0479305 0.487935 0.1768 -0.123801
 -0.0324424 0.0413643 0.565801 -0.227097
 -0.0444598 0.313679 0.345324 -0.175738
 -0.0529121 0.614473 0.00324085 -0.0710933
 -0.0530399 0.554786 0.0805277 -0.0984972
 -0.0557346 0.733145 -0.201582 -0.00125004
 -0.0511473 0.848659 -0.4426 0.0889878

Fourier series term #2
 -3.57296e-05 -0.00779618 -0.00336929 0.000226948
 -5.99061e-05 -0.00865018 -0.00505343 0.00036484
 3.20228e-06 0.00202686 0.00130408 -0.000137821
 -7.85789e-05 -0.00663751 -0.00423576 0.000401917
 2.79497e-05 0.00298722 0.00488271 -0.000696227
 -7.40479e-05 0.00456495 0.00309564 -0.000749678
 -0.000661066 -0.0357522 -0.034484 0.00713128
 -0.000241447 0.0426664 0.0271144 -0.00817211
 -0.000539068 0.0631957 0.0291356 -0.0104975
 -0.000696737 0.00979609 -0.00254845 1.92646e-05
 1.76913e-05 -0.0753685 -0.00485468 0.00470212
 -0.000142695 -0.0896254 0.0238797 -0.00450018
 -0.000331184 -0.0477608 -0.0312926 0.00232612
 0.000758479 0.0505415 0.0492224 -0.00520444
 0.00149154 0.0971082 0.0942186 -0.0126556
 0.000833087 0.0481596 0.0385688 -0.00913417
 -0.000310948 -0.0114226 -0.0522863 0.00312997
 -0.00162251 -0.0525432 -0.149711 0.0252684
 -0.00147111 -0.0293313 -0.161689 0.03639
 -0.000899454 -0.0393141 -0.16297 0.0424558
 0.000229816 -0.0487938 -0.144018 0.0427255
 0.00169186 -0.0572201 -0.0986656 0.0332221
 0.00259622 -0.0704562 -0.0363662 0.0149887
 0.00125202 0.0612495 0.0686067 -0.0105044
 0.0013262 0.0721972 0.0590688 -0.0142622
 0.000878348 0.0815629 0.0146007 -0.0137448
 -0.000900816 0.0347169 -0.121764 0.00901283
 -0.00274707 -0.036472 -0.292349 0.053396
 -0.00290831 -0.134047 -0.43224 0.112009
 -0.0012915 -0.168993 -0.42938 0.127445
 0.00154203 -0.179642 -0.357541 0.119928
 0.00513278 -0.213275 -0.243594 0.0945021
 0.00753527 -0.254744 -0.0965325 0.0498015
 0.00101098 0.0694866 0.0113886 -0.013569
 -0.000541497 0.0342358 -0.112644 0.00339003
 -0.00156448 0.0424723 -0.22251 0.0251933
 -0.00281585 -0.00371647 -0.391458 0.0747274
 -0.00201188 -0.188275 -0.567587 0.153364
 0.000991791 -0.276599 -0.568632 0.175317
 0.00612867 -0.372588 -0.497413 0.175194
 0.012371 -0.451273 -0.324161 0.135431
 0.0150142 -0.443869 -0.0975876 0.0600731
 -0.0019162 0.0315567 -0.235091 0.0259167
 -0.00315317 0.0246052 -0.388789 0.06519
 -0.00411134 -0.0748092 -0.590673 0.137277
 -0.0012555 -0.202064 -0.711587 0.208808
 0.00294327 -0.307706 -0.706703 0.232994
 0.00992328 -0.467219 -0.615926 0.233085
 0.0189681 -0.655097 -0.395508 0.184909
 0.0243417 -0.784312 -0.0737522 0.082047
 -0.00412382 -0.0725285 -0.602899 0.13355
 -0.00280018 -0.162196 -0.775595 0.208775
 0.00323701 -0.323914 -0.851043 0.277729
 0.00960307 -0.457944 -0.805472 0.29358
 0.0188398 -0.607769 -0.668401 0.278139
 0.0300776 -0.801046 -0.400571 0.211977
 0.0376047 -1.00312 -0.0154007 0.0878588
 0.00150895 -0.328618 -0.92281 0.289697
 0.011263 -0.520648 -0.917288 0.34041
 0.0199422 -0.692539 -0.83477 0.346605
 0.0315899 -0.873027 -0.633903 0.309904
 0.0431625 -1.01361 -0.310232 0.214482
 0.0523313 -1.28424 0.130978 0.0700205
 0.0261354 -0.863881 -0.857868 0.382638
 0.037086 -1.03578 -0.696563 0.358864
 0.0473909 -1.12288 -0.427236 0.281436
 0.0627542 -1.45726 -0.0345554 0.171343
 0.0677721 -1.68552 0.464444 -0.00737676
 0.0463537 -1.12593 -0.495475 0.307497
 0.0598268 -1.37663 -0.211832 0.236119
 0.0759431 -1.79857 0.254205 0.101989
 0.0742354 -1.80928 0.660657 -0.067373
 0.0760944 -1.77436 0.145335 0.147384
 0.0852898 -1.96199 0.5491 0.00732786
 0.0791687 -1.99265 0.949 -0.162051
 0.0892784 -2.09829 0.920799 -0.130604
 0.0781447 -2.17911 1.31259 -0.294826
 0.0598382 -2.2358 1.6256 -0.430261

Fourier series term #3
 6.36381e-05 0.0132652 0.00576027 -0.000372235
 5.50174e-05 0.00869261 0.00483908 -0.000349684
 -6.70123e-05 -0.00865171 -0.00549754 0.000481394
 -2.36812e-05 -0.00252155 -0.00170646 0.000178156
 0.000152634 0.0142618 0.0117302 -0.00153073
 -0.000374699 -0.0307323 -0.0275492 0.00461532
 0.000135281 0.0143037 0.0130951 -0.00286033
 0.000170547 0.0434536 0.030295 -0.00870704
 -7.20706e-05 -0.0309599 -0.0165465 0.00559125
 0.000411603 -0.0935907 -0.026951 0.0118469
 0.000458371 -0.061474 0.000316939 0.00251634
 -0.000756403 0.0488619 -0.0121926 0.00194569
 -9.17547e-05 -0.0159485 -0.0094237 0.000876434
 -0.000682708 -0.0631671 -0.0510544 0.00501072
 0.000102022 0.0152 0.0119194 -0.00110401
 0.000997009 0.0696637 0.0735671 -0.0101255
 0.000411281 0.0128347 0.0304015 -0.00449436
 -0.000285829 -0.0400758 -0.0205301 0.00529155
 -1.76074e-05 0.0215477 0.0107796 -0.00493057
 -0.000297632 0.00441634 -0.00915424 0.000879675
 -0.000324965 -0.0206271 -0.0224828 0.00653382
 -0.000241209 -0.0144353 -0.0177788 0.00534183
 -0.000280458 0.0172086 -0.0206454 0.00506365
 8.73317e-05 -0.000897335 0.00734169 0.000120979
 0.000663362 0.0341349 0.0521459 -0.00542246
 0.00105721 0.0488785 0.0842131 -0.0115643
 0.00160041 0.0766931 0.121988 -0.0236715
 0.000722171 0.0325266 0.0676992 -0.017608
 -0.000634658 -0.0469428 -0.036924 0.00849689
 -0.000867984 -0.0341237 -0.0593099 0.0146707
 -0.00107408 0.0169708 -0.0655053 0.0150761
 -0.000909694 0.0319017 -0.0811031 0.02143
 0.000271808 0.00196369 -0.0800134 0.0255459
 0.000830941 0.0284699 0.069396 -0.00779655
 0.00187338 0.081131 0.143193 -0.024107
 0.0014572 0.061864 0.128135 -0.027256
 0.000693551 0.0658283 0.104102 -0.0299582
 -0.000670405 0.076044 0.0215916 -0.017355
 -0.00128654 0.0351457 -0.0550699 0.00550162
 -0.000638397 -0.0753063 -0.117973 0.0337591
 0.000341705 -0.0627555 -0.119445 0.0369911
 0.00158692 0.00457264 -0.127324 0.038692
 0.00193754 0.0691053 0.1533 -0.0311623
 0.00112564 0.0421093 0.124069 -0.030978
 0.000668822 0.138049 0.135268 -0.0481103
 -0.00155016 0.117875 0.0128512 -0.0205515
 -0.00233933 0.112456 -0.0660298 0.00230577
 -0.00189502 0.0439742 -0.145366 0.0343404
 0.000435591 -0.0320902 -0.181756 0.0563175
 0.00455196 -0.112054 -0.156177 0.0571857
 0.00092442 0.110605 0.145776 -0.0480587
 -0.000718815 0.142516 0.0897502 -0.0434349
 -0.002729 0.153774 -0.0365438 -0.011978
 -0.00322341 0.162212 -0.117323 0.0132175
 -0.00254081 0.152929 -0.199738 0.0446062
 0.000629276 0.0811152 -0.248663 0.0728059
 0.00686385 -0.0490004 -0.216249 0.0768006
 -0.00274854 0.137044 -0.00909834 -0.020382
 -0.0044099 0.202072 -0.12248 0.00973396
 -0.0038738 0.155388 -0.22535 0.0502741
 -0.00318054 0.205719 -0.272259 0.0678278
 0.00109731 0.130727 -0.314008 0.0957238
 0.00897766 -0.0136873 -0.266468 0.0970408
 -0.00364548 0.124612 -0.277393 0.0723975
 -0.00345963 0.182492 -0.315041 0.0853502
 -0.00143459 0.193649 -0.352387 0.104243
 0.0049289 0.0991821 -0.362202 0.124134
 0.0136535 0.001711 -0.311029 0.119658
 -0.00214879 0.189855 -0.355355 0.104716
 0.00154724 0.156174 -0.380494 0.123742
 0.00818743 0.0947867 -0.384995 0.138222
 0.0176038 -0.0939096 -0.250915 0.109555
 0.00588254 0.137604 -0.406376 0.141284
 0.0146874 -0.0291742 -0.321935 0.131579
 0.0220898 -0.15568 -0.187001 0.0941043
 0.0221215 -0.156158 -0.207245 0.103205
 0.027506 -0.12493 -0.167956 0.0861838
 0.0311852 -0.159063 -0.0771552 0.0532199

Fourier series term #4
 1.99655e-05 0.0044404 0.00177018 -0.000112168
 2.7913e-05 0.00462645 0.00246728 -0.00018171
 -2.48313e-05 -0.00353668 -0.00216704 0.00019261
 6.11504e-05 0.00666233 0.00461315 -0.00048466
 -7.23236e-05 -0.00716964 -0.0060207 0.000789043
 -1.9766e-05 -0.00461781 -0.00364769 0.000606509
 0.000357533 0.0277889 0.0244968 -0.00529907
 -5.83473e-05 -0.0347438 -0.0241576 0.00699071
 0.0001524 -0.0485389 -0.0253163 0.00857085
 0.000261059 -0.00681234 -0.00196484 0.000778823
 -0.000266992 0.0565671 0.000824355 -0.0028336
 -0.00020754 0.0678126 -0.0180958 0.00336554
 -1.31846e-05 -0.00435773 -0.00170473 0.000199645
 2.30605e-06 -0.00673995 -0.0026575 0.000366936
 -0.000450028 -0.0367464 -0.033274 0.00379488
 -1.80103e-05 0.00794451 0.00185527 -0.000319542
 0.000594896 0.04288 0.041525 -0.0075336
 -2.81458e-05 -0.0165328 -0.00800687 0.00234347
 4.61527e-06 -0.0159259 -0.00474604 0.00245091
 8.40509e-05 -0.0116456 -0.00123296 0.00120502
 0.000101314 0.000158687 -3.24765e-05 -5.88501e-05
 2.37706e-06 0.0165094 -0.000589241 -0.000841949
 -3.90889e-05 0.0205253 -0.00308911 -1.61292e-05
 -0.00074139 -0.0643768 -0.0574176 0.00658208
 -0.000491974 -0.0331154 -0.0356236 0.00491704
 0.000263924 0.0225022 0.0197972 -0.00312746
 0.000581064 0.0423088 0.0484997 -0.0083695
 0.000746078 0.0358603 0.0589981 -0.0124022
 0.000387592 -0.0177955 0.017937 -0.00284921
 0.000288652 -0.0445987 0.00229642 0.00264576
 0.000186068 -0.0276632 0.0128581 -0.0016755
 -9.14151e-05 -0.0111835 0.0148496 -0.00393968
 -0.000178116 -0.0089226 0.0059561 -0.00146547
 9.67742e-05 0.00511636 0.00377253 -0.00032038
 0.000230406 0.0138534 0.0198087 -0.00178566
 0.000750193 0.0334913 0.0582588 -0.00933123
 0.00128282 0.0680567 0.102365 -0.0231775
 0.000770094 0.0159568 0.0843298 -0.0204257
 0.000571217 -0.0453505 0.047377 -0.00912428
 0.000468143 -0.0384877 0.0331903 -0.00745079
 8.72721e-05 -0.015693 0.0236042 -0.00679407
 0.000118556 -0.0472707 0.0257903 -0.00610428
 0.000539619 0.00740361 0.0383513 -0.00421291
 0.00155336 0.0575525 0.107725 -0.0218841
 0.00139978 0.0185279 0.117758 -0.0248236
 0.00113583 0.0802981 0.156158 -0.0461645
 0.000486291 0.036941 0.130814 -0.0398262
 -0.000273978 0.030564 0.0987027 -0.0332422
 -0.000628718 0.00658745 0.0583775 -0.0206101
 8.5454e-05 -0.090023 0.0603058 -0.0158159
 0.00138661 -0.00230673 0.109381 -0.0206526
 0.00171477 0.0340132 0.173671 -0.043992
 0.000703505 0.0914638 0.204338 -0.0652183
 -0.000492694 0.0944518 0.185049 -0.0645245
 -0.00206799 0.0935607 0.160891 -0.0611391
 -0.00323391 0.0813938 0.0981664 -0.0417191
 -0.00324548 0.0556881 0.0485861 -0.0230281
 0.00104151 0.0561499 0.212673 -0.0630199
 -0.000976154 0.0492888 0.231459 -0.0774195
 -0.00262396 0.077879 0.213905 -0.078836
 -0.00625245 0.199634 0.185814 -0.0842453
 -0.00663139 0.111772 0.113124 -0.0534683
 -0.0097447 0.225259 0.0127616 -0.0263128
 -0.0043808 0.094599 0.242808 -0.0937966
 -0.00747804 0.160634 0.218363 -0.096011
 -0.00900329 0.121438 0.172089 -0.078942
 -0.0144364 0.25953 0.0799965 -0.0603454
 -0.0155987 0.250687 -0.00440499 -0.0263726
 -0.00853771 0.095292 0.190051 -0.0829769
 -0.0133186 0.201878 0.136837 -0.0770354
 -0.0187815 0.316556 0.038109 -0.0526569
 -0.0176761 0.235085 -0.0174511 -0.0212796
 -0.0187369 0.299544 0.0726123 -0.0655696
 -0.021125 0.310175 -0.00271472 -0.0379127
 -0.0193483 0.232068 -0.0435113 -0.011711
 -0.0214029 0.26309 -0.0392852 -0.0183775
 -0.0218427 0.203752 -0.0533351 -0.00502948
 -0.0217615 0.234173 -0.120066 0.0206766

Fourier series term #5
 7.84296e-07 0.000244156 6.379e-05 -3.61568e-06
 -1.4953e-05 -0.00233403 -0.00129912 9.26278e-05
 1.80725e-05 0.00231095 0.00146962 -0.000127053
 3.09564e-06 0.00052542 0.00028023 -3.16102e-05
 -2.52505e-05 -0.00257029 -0.0019177 0.000252624
 0.00011091 0.0090789 0.0081708 -0.00136619
 -5.82291e-05 -0.00499922 -0.00460412 0.00102048
 -5.8846e-05 -0.0119972 -0.00854279 0.0024057
 1.60425e-05 0.00881908 0.00432654 -0.00153981
 -0.000121413 0.0282751 0.00817 -0.00359556
 -0.000165104 0.02069 0.000509487 -0.00101912
 0.000210165 -0.0158437 0.00461374 -0.000837626
 -2.84974e-05 -0.00545173 -0.00268473 0.000241864
 9.51407e-05 0.00792713 0.00676785 -0.000570927
 -9.52715e-05 -0.0105751 -0.0077703 0.000956751
 -0.00022985 -0.0186053 -0.0172587 0.00239571
 0.000256326 0.0255121 0.0202979 -0.00385093
 -0.00016911 -0.0153883 -0.0110333 0.00290058
 9.41027e-05 0.0139235 0.00766558 -0.00276171
 8.08499e-06 0.00549132 0.00115168 -0.000699666
 3.24239e-05 -0.0165769 -0.00425117 0.00228802
 5.74133e-05 -0.015771 0.00349717 -6.26564e-05
 -0.000191027 0.0098917 0.00180429 -0.00105976
 -0.000127156 -0.0206439 -0.0130947 0.00163935
 -0.000427889 -0.0397859 -0.0355036 0.00474245
 -0.000616244 -0.0410382 -0.0442072 0.00727761
 0.000183782 0.0242695 0.0153028 -0.00375604
 0.000454355 0.0480399 0.0396283 -0.0103414
 8.76303e-05 -0.0137839 0.00261365 0.000666357
 0.000153907 -0.0324624 -0.00960096 0.0050205
 0.000193374 -0.00524351 0.000715002 0.000410734
 6.99513e-05 0.0119635 0.0028505 -0.00147908
 0.000179337 -0.00354934 0.0033467 -0.000693741
 -0.000795689 -0.0607951 -0.0602081 0.00934761
 -0.000614076 -0.0390262 -0.0468608 0.00803155
 0.00018512 0.0259145 0.0140967 -0.00393966
 0.0001835 0.0297516 0.0262944 -0.0060397
 0.000308613 0.0567916 0.042582 -0.0132997
 0.000215506 0.0247433 0.025104 -0.00760319
 0.000301593 -0.0103926 0.0197372 -0.00440261
 0.000644906 -0.0460962 0.0181461 -0.00212013
 0.00062005 -0.0415624 0.0192482 -0.00350038
 -0.000380398 -0.0213928 -0.0312365 0.00579718
 -0.000168459 -0.00561868 -0.0102241 0.00294076
 0.00047659 0.0501599 0.038383 -0.0108929
 0.000465573 0.0559328 0.0579782 -0.0172278
 0.000209321 0.083547 0.0660051 -0.0232985
 -7.43038e-05 0.0609776 0.0522174 -0.0190687
 0.000120136 0.000148668 0.0451374 -0.0136792
 0.000763036 -0.0558734 0.0451239 -0.0112125
 0.000195854 0.0151793 0.00885829 -0.0021846
 0.000473903 0.0226687 0.0299847 -0.00715728
 0.000599597 0.0379384 0.0695402 -0.0202345
 0.000293463 0.0649241 0.0807856 -0.0271701
 -0.000656447 0.122887 0.0757102 -0.0322812
 -0.00108549 0.0978025 0.0496035 -0.0229442
 -0.0017 0.0740847 0.0357689 -0.0171239
 0.000622271 0.00185857 0.0520279 -0.0118466
 0.000686901 0.0188711 0.0588784 -0.0173077
 -0.000449494 0.0951687 0.107441 -0.0406687
 -0.00133579 0.0915237 0.0926267 -0.0377064
 -0.00261428 0.10387 0.0693017 -0.032363
 -0.00529081 0.213018 -0.0019033 -0.0160445
 -0.000830301 0.0714996 0.121367 -0.0452228
 -0.000756749 0.0327851 0.109264 -0.0393444
 -0.00235112 0.076615 0.0925021 -0.039736
 -0.00553896 0.161672 0.0588142 -0.0371656
 -0.00764639 0.204225 0.000730432 -0.0193408
 -0.00150296 0.0353921 0.10402 -0.0398547
 -0.00367094 0.0996911 0.0843689 -0.0407805
 -0.00674867 0.157489 0.0567547 -0.037646
 -0.00915861 0.263485 -0.0489695 -0.00704228
 -0.00520178 0.0958271 0.0870621 -0.043241
 -0.00985456 0.254016 -0.011462 -0.0226033
 -0.0103523 0.269212 -0.0757833 0.00194515
 -0.0116804 0.274197 -0.0620485 -0.00531694
 -0.0097968 0.23906 -0.0919413 0.0114463
 -0.0087696 0.169665 -0.0738556 0.0117255

