**************************************************************
***  MERIS LUT-169: Fourier series terms (s0,..,s5)[TERM]] ***
***                 of polynomial coefficients (k0,..,k3)  ***
***                 for each of 81 aerosol models [IAER],  ***
***                 & for each of 78 geometries [SVZA]     ***
***  - - - - - - - - - - - - - - - - - - - - - - - - - - - ***
***  => useful for multiplicative aer.scat.fct. retrieval  ***
**************************************************************

12 Gaussian angles (deg): SZA/VZA
------------------------         

 2.84 17.64 28.77 36.19 43.61 51.03 58.46 65.88 69.59 73.30 77.01 80.72

Coefficients: [SVZA x (k0,k1,k2,k3)]
------------                        

 Aerosol model #62
 - - - - - - -  

Fourier series term #0
 1.00746 0.671367 0.333228 -0.0512919
 1.01409 1.14121 0.620847 -0.103088
 1.02169 1.58706 0.911308 -0.17178
 1.02766 1.91221 1.09997 -0.232319
 1.034 2.27096 1.25173 -0.303068
 1.03947 2.64666 1.30397 -0.372242
 1.04218 3.03497 1.17699 -0.416351
 1.03933 3.43684 0.751588 -0.385402
 1.03525 3.63101 0.37062 -0.311556
 1.03076 3.80422 -0.149775 -0.176341
 1.03111 3.91486 -0.794483 0.0307376
 1.05105 3.83138 -1.42283 0.277269
 1.01717 1.33377 0.745803 -0.133789
 1.02339 1.71048 0.95716 -0.194035
 1.02838 2.01912 1.09567 -0.247896
 1.03327 2.35729 1.18967 -0.307577
 1.03708 2.72079 1.19202 -0.363378
 1.0379 3.09942 1.02961 -0.393
 1.03301 3.48409 0.588782 -0.348619
 1.02804 3.67707 0.212288 -0.271265
 1.02277 3.85814 -0.296994 -0.135554
 1.02234 3.98309 -0.927989 0.069607
 1.04144 3.91717 -1.54479 0.313203
 1.02401 1.96513 0.974928 -0.21265
 1.02721 2.22407 1.01995 -0.248752
 1.03017 2.52908 1.02635 -0.287755
 1.03184 2.86272 0.953449 -0.320159
 1.03057 3.21321 0.738843 -0.326054
 1.02397 3.58595 0.282276 -0.263458
 1.01831 3.77883 -0.088251 -0.180482
 1.01244 3.96554 -0.584403 -0.04204
 1.01139 4.10517 -1.19958 0.163272
 1.02956 4.06693 -1.80705 0.406714
 1.03394 2.37196 1.01726 -0.278766
 1.03701 2.6172 0.969805 -0.30573
 1.03904 2.89872 0.858485 -0.326213
 1.03844 3.21592 0.630374 -0.323216
 1.03281 3.56036 0.182621 -0.254987
 1.0279 3.74805 -0.173137 -0.172196
 1.02299 3.93153 -0.647801 -0.0364823
 1.02316 4.07313 -1.23626 0.163079
 1.04269 4.04339 -1.81659 0.398808
 1.03591 2.77341 0.851725 -0.313558
 1.03569 3.00218 0.690619 -0.316006
 1.03299 3.28477 0.431263 -0.296648
 1.02589 3.62248 -0.0250976 -0.216397
 1.02062 3.80978 -0.378133 -0.129155
 1.01574 3.99534 -0.842574 0.00840174
 1.01637 4.1426 -1.41321 0.20619
 1.03672 4.12404 -1.97315 0.437421
 1.0338 3.14509 0.476341 -0.295388
 1.02997 3.38458 0.185233 -0.257295
 1.0223 3.69953 -0.286625 -0.160611
 1.01718 3.88594 -0.638651 -0.0675641
 1.01298 4.07627 -1.09601 0.0734467
 1.01497 4.22461 -1.64924 0.270628
 1.03728 4.20374 -2.17992 0.495526
 1.025 3.54078 -0.142965 -0.193722
 1.01705 3.82711 -0.638427 -0.0750444
 1.01245 4.00479 -0.993876 0.0270086
 1.00958 4.18288 -1.44405 0.173872
 1.01399 4.32856 -1.97789 0.37099
 1.03991 4.2999 -2.46996 0.586959
 1.01035 4.02664 -1.14344 0.0676923
 1.00737 4.17562 -1.49789 0.18022
 1.00737 4.32849 -1.93107 0.331587
 1.01632 4.44482 -2.42434 0.523426
 1.04841 4.37755 -2.84432 0.719901
 1.00573 4.28466 -1.83644 0.294486
 1.00817 4.41131 -2.24858 0.444867
 1.02083 4.5 -2.70699 0.629645
 1.05759 4.39348 -3.06595 0.807876
 1.01417 4.4938 -2.62677 0.591333
 1.03181 4.52108 -3.01738 0.758515
 1.0744 4.35783 -3.28777 0.907808
 1.05559 4.4616 -3.30317 0.893972
 1.10484 4.21807 -3.44801 0.999486
 1.15939 3.86883 -3.42213 1.04157

Fourier series term #1
 -0.000363958 -0.030011 -0.0164265 0.00250636
 -0.000820889 -0.0522165 -0.0340655 0.00556367
 -0.000941294 -0.048395 -0.0318588 0.00599019
 -0.00104378 -0.0490931 -0.0278842 0.00607819
 -0.00106977 -0.046816 -0.0177919 0.00493845
 -0.00102592 -0.0426707 -0.00264871 0.00227207
 -0.000888052 -0.0331374 0.0169022 -0.00256391
 -0.000774736 -0.0182897 0.0353567 -0.00888383
 -0.000801285 -0.00853036 0.0411972 -0.0118254
 -0.000939551 0.00332763 0.0423798 -0.013732
 -0.00120513 0.0180476 0.0365631 -0.0135115
 -0.00146308 0.0335841 0.0225683 -0.0100685
 -0.00420965 -0.255088 -0.164505 0.0292131
 -0.00553338 -0.294168 -0.176041 0.0359874
 -0.00602484 -0.295735 -0.146451 0.0348009
 -0.00617133 -0.283457 -0.0868262 0.0270162
 -0.00593904 -0.253424 0.00102142 0.0101495
 -0.0053553 -0.192952 0.10827 -0.0178025
 -0.00506544 -0.0985317 0.204169 -0.0524642
 -0.00547771 -0.0369377 0.231782 -0.0679251
 -0.00658799 0.037207 0.232516 -0.0771371
 -0.00847764 0.124825 0.193216 -0.0737506
 -0.0102507 0.217365 0.107557 -0.0519267
 -0.00750125 -0.43385 -0.201896 0.0458268
 -0.00840912 -0.456001 -0.160196 0.043325
 -0.00881046 -0.438967 -0.0749912 0.0304276
 -0.00871363 -0.377782 0.0462178 0.00471016
 -0.00847446 -0.276787 0.180454 -0.0327764
 -0.00893372 -0.121963 0.290694 -0.0763304
 -0.0100456 -0.0208224 0.314402 -0.0939903
 -0.0122222 0.0970428 0.298327 -0.101493
 -0.0155408 0.230823 0.225363 -0.0901608
 -0.0186147 0.370175 0.0880113 -0.0525068
 -0.010468 -0.51173 -0.127001 0.0428154
 -0.0108769 -0.498785 -0.0340726 0.0263997
 -0.010528 -0.431871 0.0945368 -0.00412867
 -0.00973174 -0.307367 0.236461 -0.0479639
 -0.00963672 -0.129477 0.345349 -0.0956815
 -0.0105378 -0.0135692 0.365138 -0.114407
 -0.0125663 0.121054 0.340584 -0.121254
 -0.0157433 0.273063 0.253562 -0.106829
 -0.0183377 0.433075 0.0957312 -0.0630532
 -0.0114969 -0.514587 0.0467034 0.0105407
 -0.011523 -0.447312 0.164946 -0.0214497
 -0.0114041 -0.313118 0.289919 -0.0651949
 -0.0123167 -0.109278 0.377265 -0.111156
 -0.0138712 0.0174464 0.382171 -0.126851
 -0.0165467 0.167203 0.339912 -0.129262
 -0.0202447 0.340114 0.231141 -0.108528
 -0.0229182 0.518497 0.0500643 -0.0568126
 -0.0121729 -0.409272 0.251723 -0.0486691
 -0.0127739 -0.280536 0.343338 -0.0869918
 -0.0145218 -0.0715096 0.391323 -0.124116
 -0.0164747 0.0673064 0.374479 -0.134109
 -0.0194955 0.228034 0.309817 -0.129552
 -0.0232452 0.410347 0.178898 -0.100832
 -0.0252899 0.594564 -0.0201273 -0.041608
 -0.0144331 -0.189977 0.383635 -0.111423
 -0.0172438 0.00866057 0.378135 -0.132767
 -0.019624 0.146023 0.333262 -0.133184
 -0.0228006 0.304668 0.242272 -0.11837
 -0.0262629 0.491105 0.0874556 -0.0796695
 -0.0271039 0.671674 -0.124595 -0.01332
 -0.0209403 0.154561 0.313413 -0.130538
 -0.0235385 0.27172 0.239489 -0.117999
 -0.0264807 0.418499 0.121205 -0.0903489
 -0.0288566 0.587835 -0.0515703 -0.0409669
 -0.0274429 0.74619 -0.264003 0.0300135
 -0.0260464 0.366833 0.155224 -0.098945
 -0.0285056 0.496655 0.0272852 -0.0646697
 -0.0298608 0.646777 -0.147725 -0.0109704
 -0.0266601 0.784845 -0.352442 0.0603929
 -0.0300864 0.594685 -0.101551 -0.02502
 -0.0298427 0.713016 -0.268005 0.0301928
 -0.0242077 0.817904 -0.452171 0.0980083
 -0.0272528 0.782523 -0.407656 0.0812052
 -0.0187092 0.833506 -0.54826 0.137873
 -0.0070469 0.816601 -0.622468 0.174396

Fourier series term #2
 -2.00179e-05 -0.00186865 -0.000904453 0.000139657
 -2.49087e-07 -0.000327723 -0.000226791 3.50086e-05
 -2.35036e-06 -0.000344809 -0.000555435 8.98215e-05
 -3.77483e-05 -0.00258463 -0.0021539 0.000425723
 -5.81818e-07 0.000184228 -0.000827813 0.000153555
 -1.04522e-05 -0.000332237 -0.00133781 0.000306511
 -6.22189e-05 -0.00392981 -0.00270461 0.000843257
 5.87186e-06 0.000993366 -0.000655378 0.000151906
 1.22662e-05 0.00159027 -0.000548327 9.53703e-05
 -1.18431e-05 -0.00126262 -0.00047059 0.000242286
 -3.92617e-05 -0.00447083 0.00064351 6.79797e-05
 -7.12171e-05 -0.00430635 0.00159889 -0.000303885
 -0.00049469 -0.0486955 -0.0306201 0.00532689
 -0.000442808 -0.0436958 -0.0390133 0.00724523
 -0.000423521 -0.0402202 -0.0465821 0.009316
 -0.000441378 -0.04131 -0.0554163 0.0123255
 -0.000405421 -0.0442924 -0.0604767 0.0153329
 -0.000277196 -0.0504481 -0.0573758 0.0171217
 1.89384e-05 -0.059387 -0.0417309 0.0156511
 0.000246292 -0.0626406 -0.0281265 0.0127399
 0.000465222 -0.0637942 -0.0111747 0.00804527
 0.000519852 -0.0618516 0.00703732 0.00191324
 0.00011646 -0.0542138 0.0213533 -0.0040353
 -0.00074063 -0.0988273 -0.0879213 0.0172151
 -0.000748566 -0.108489 -0.111057 0.0235543
 -0.000685968 -0.117045 -0.129303 0.0304176
 -0.000513654 -0.128901 -0.136384 0.0365377
 -9.30689e-05 -0.146938 -0.125218 0.0396052
 0.000753709 -0.16293 -0.0850311 0.0344152
 0.00130849 -0.169046 -0.0526719 0.0270414
 0.0018193 -0.171429 -0.0134701 0.0158822
 0.00194576 -0.166558 0.0279748 0.00166567
 0.000967822 -0.147816 0.0603738 -0.0120873
 -0.00154405 -0.154485 -0.160379 0.0375128
 -0.00174348 -0.182623 -0.189485 0.0490258
 -0.00162956 -0.20576 -0.198265 0.0579713
 -0.00103563 -0.227983 -0.177574 0.0608157
 0.000230872 -0.253793 -0.119191 0.0525189
 0.00115176 -0.260182 -0.0730098 0.041355
 0.0020435 -0.262044 -0.0175315 0.0249536
 0.00238657 -0.255501 0.0422026 0.00397854
 0.00111846 -0.229462 0.0902161 -0.016718
 -0.00171701 -0.252679 -0.232913 0.0669987
 -0.00134544 -0.299341 -0.241679 0.0784989
 -0.000314621 -0.339532 -0.211544 0.0810245
 0.00165669 -0.365695 -0.132783 0.0675384
 0.0029089 -0.376206 -0.0735575 0.0525041
 0.00406256 -0.381895 -0.00156259 0.0305244
 0.00443682 -0.374803 0.0764509 0.00234884
 0.00258739 -0.340982 0.13957 -0.025637
 -0.000852374 -0.395948 -0.25384 0.0941959
 0.000669211 -0.456783 -0.21469 0.0957013
 0.00326611 -0.501102 -0.11874 0.0776609
 0.00485995 -0.514642 -0.0467004 0.0580752
 0.00629428 -0.521478 0.0398662 0.0302984
 0.00670057 -0.515269 0.133928 -0.00481645
 0.00420347 -0.478048 0.211533 -0.0400697
 0.00261075 -0.573675 -0.168793 0.0977293
 0.00583173 -0.644854 -0.0560548 0.0741875
 0.00764134 -0.671543 0.0263985 0.0506799
 0.00923901 -0.688487 0.127017 0.0170906
 0.00949841 -0.680339 0.232925 -0.0244167
 0.0059455 -0.637782 0.318952 -0.0653841
 0.00939206 -0.787503 0.0753394 0.0463662
 0.0113216 -0.833374 0.169067 0.0182671
 0.0126569 -0.855806 0.276133 -0.0195999
 0.0121561 -0.862687 0.392419 -0.0661377
 0.00702177 -0.817517 0.480746 -0.110539
 0.0131825 -0.897628 0.269077 -0.0117798
 0.0141639 -0.939939 0.383299 -0.0519131
 0.0128964 -0.951112 0.499863 -0.0994653
 0.00652702 -0.895575 0.576897 -0.14142
 0.0144751 -1.00587 0.506642 -0.0947907
 0.0121041 -1.01957 0.61758 -0.140996
 0.00407515 -0.960585 0.682022 -0.178964
 0.00805673 -1.04553 0.724503 -0.185106
 -0.00211292 -0.990677 0.775601 -0.217385
 -0.0146289 -0.941603 0.808936 -0.241063

Fourier series term #3
 4.04102e-06 0.000357052 0.000180502 -2.773e-05
 2.30183e-05 0.00184911 0.00102132 -0.000169289
 -1.67469e-05 -0.00122085 -0.000707998 0.000133274
 3.61141e-06 0.000236033 0.000142978 -3.03017e-05
 2.49781e-05 0.00166871 0.000930304 -0.000225243
 -4.11617e-05 -0.00269512 -0.00136057 0.000385724
 1.28984e-05 0.000990729 0.000365977 -0.000132615
 2.59882e-05 0.00239988 0.000512042 -0.000266533
 -1.69967e-05 -0.00150929 -0.000197991 0.000142083
 -3.55578e-05 -0.00405871 9.65947e-05 0.000207558
 -2.25908e-05 -0.00242881 0.00045143 -6.87891e-06
 1.80342e-05 0.0017129 -0.000630569 0.000119079
 -0.000192332 -0.0186741 -0.00910742 0.00166325
 -0.000116104 -0.0119446 -0.00568719 0.001162
 -7.29532e-05 -0.00790974 -0.0040013 0.000864482
 -3.43431e-05 -0.00420767 -0.00326304 0.000690538
 -4.39325e-05 -0.00413612 -0.00509145 0.00117594
 -7.25057e-06 -0.00166422 -0.00631167 0.00155522
 4.63777e-05 -0.00104613 -0.00813558 0.00230093
 7.97352e-05 -0.00274851 -0.00856326 0.00270221
 0.000136263 -0.00447623 -0.00780548 0.00275218
 0.000213576 -0.00503561 -0.00605099 0.00235083
 0.000276923 -0.00480691 -0.0038949 0.00165734
 -0.000268048 -0.035212 -0.0162014 0.00343753
 -0.000209735 -0.0301667 -0.0155488 0.00344309
 -0.000148624 -0.0240085 -0.0167103 0.00380966
 -3.17309e-05 -0.0141964 -0.0190765 0.00444846
 7.33931e-05 -0.0124202 -0.0255713 0.00666837
 0.000305009 -0.0133423 -0.0297727 0.00895452
 0.00051174 -0.014663 -0.0294202 0.00956608
 0.000784549 -0.0179068 -0.0261662 0.00933856
 0.00109623 -0.0231556 -0.0188686 0.0076744
 0.00130483 -0.0279263 -0.00820759 0.00439076
 -0.000437799 -0.0466301 -0.0274563 0.00655685
 -0.000353313 -0.0392059 -0.0320429 0.00786849
 -0.000292434 -0.0340109 -0.0407231 0.0106315
 -0.000103732 -0.0270282 -0.0492393 0.0139779
 0.000292393 -0.0282881 -0.0553289 0.0178024
 0.000625849 -0.0330363 -0.0536101 0.0187023
 0.00106932 -0.0407321 -0.0459357 0.0177601
 0.00160741 -0.0456039 -0.0329112 0.0143897
 0.00199111 -0.0493649 -0.0160496 0.00886938
 -0.000407231 -0.0594658 -0.0521817 0.0140132
 -0.000262687 -0.0603989 -0.0666758 0.0191955
 0.000157993 -0.0565437 -0.0789455 0.024711
 0.000910823 -0.0609097 -0.0819365 0.0289954
 0.00153682 -0.0672223 -0.0768207 0.0294616
 0.00233771 -0.076511 -0.0638495 0.0272776
 0.00321772 -0.0847169 -0.0425038 0.021418
 0.00377996 -0.0888093 -0.016042 0.0123134
 -8.1116e-05 -0.0887023 -0.092981 0.0296206
 0.00054293 -0.100181 -0.106909 0.0375379
 0.00181153 -0.113167 -0.105111 0.0420359
 0.00280002 -0.118947 -0.0942568 0.0410348
 0.00400834 -0.127394 -0.0740562 0.0365618
 0.00526189 -0.138158 -0.0428276 0.0273201
 0.00595409 -0.144581 -0.0047809 0.0137126
 0.00152443 -0.152623 -0.121965 0.049175
 0.00349869 -0.177957 -0.110725 0.0521508
 0.00488967 -0.192971 -0.0918461 0.0492363
 0.00650469 -0.204355 -0.0612712 0.0411637
 0.00809302 -0.216065 -0.0185201 0.0272959
 0.00869461 -0.218441 0.0287918 0.00903827
 0.00619986 -0.258138 -0.0817666 0.0532234
 0.00796077 -0.281235 -0.0516885 0.0465388
 0.00984787 -0.296771 -0.0105472 0.0341873
 0.0115444 -0.313386 0.0443217 0.0151317
 0.0117967 -0.31582 0.100958 -0.00800621
 0.0099401 -0.322415 -0.0121582 0.0376198
 0.0118951 -0.350435 0.0379606 0.0223903
 0.0133464 -0.365221 0.0953984 0.00142077
 0.0128801 -0.364455 0.15261 -0.0230554
 0.0137229 -0.394403 0.0992086 0.00345747
 0.0146454 -0.418416 0.163973 -0.0203
 0.013336 -0.409243 0.215191 -0.043881
 0.0146305 -0.450786 0.233124 -0.0457086
 0.0121796 -0.43608 0.275461 -0.0667233
 0.00798165 -0.425932 0.312901 -0.0853345

Fourier series term #4
 2.29744e-06 0.000208134 0.00010207 -1.57332e-05
 3.68768e-06 0.000314658 0.000165988 -2.76644e-05
 -5.24352e-06 -0.000395994 -0.000228229 4.29747e-05
 1.68384e-05 0.00114157 0.000666967 -0.000140562
 -1.43769e-05 -0.0009739 -0.000539798 0.000130734
 -5.99847e-06 -0.000495664 -0.000256456 7.2002e-05
 3.09945e-05 0.00205551 0.000824834 -0.000289179
 -1.81911e-05 -0.0018893 -0.000403051 0.00020907
 -1.85098e-05 -0.00241652 -0.000266173 0.000212947
 3.96003e-06 -0.000360763 -3.04491e-06 2.14676e-05
 2.55002e-05 0.00214768 -0.00041927 1.02376e-05
 4.04138e-05 0.00230276 -0.000813065 0.000151103
 -9.36603e-05 -0.00906113 -0.00440823 0.000805365
 -3.8236e-05 -0.00386544 -0.00177788 0.000373341
 -2.115e-05 -0.00240792 -0.000944947 0.000228747
 -1.82316e-05 -0.00171397 -0.000390914 0.000127698
 -1.06112e-05 -0.00113587 -0.000114835 5.8715e-05
 -9.83807e-07 9.56253e-05 0.000405545 -0.000119104
 -1.71437e-05 -0.000811905 8.42856e-05 4.04618e-07
 -1.44254e-05 -0.000818512 -0.000127355 6.64502e-05
 -4.00964e-06 -6.77166e-05 -0.000343613 9.8258e-05
 5.36057e-06 0.000712432 -0.000590743 0.000143632
 1.70156e-05 0.000935437 -0.0007492 0.000200219
 -0.000161521 -0.0197992 -0.00830652 0.00185493
 -0.000117231 -0.015257 -0.00536656 0.00137667
 -7.8186e-05 -0.0109387 -0.00266553 0.000843749
 -5.81856e-05 -0.00625848 0.000133862 0.000137815
 -5.93905e-05 -0.00450458 0.000592079 -5.1302e-05
 -4.95621e-05 -0.00133211 0.000174555 -9.67166e-05
 -4.78252e-05 -0.000359254 -0.000452052 4.39694e-05
 -3.31074e-05 0.000197564 -0.0013124 0.000307585
 9.84481e-06 0.000119422 -0.00209826 0.000617851
 8.402e-05 -0.000795702 -0.00210632 0.000724151
 -0.00022847 -0.0257443 -0.00862432 0.00246429
 -0.000207274 -0.022461 -0.00513661 0.00181804
 -0.000178081 -0.0172986 -0.00173705 0.000968726
 -0.000131559 -0.00890897 0.000762647 9.59399e-06
 -0.000142935 -0.00555188 -0.000217263 0.000131591
 -0.00013247 -0.00509099 -0.00167069 0.000598266
 -7.37797e-05 -0.000920966 -0.00345163 0.000994935
 7.09499e-07 0.00109238 -0.00493896 0.00147588
 8.83558e-05 -0.00339649 -0.00349256 0.0013517
 -0.000317408 -0.0369557 -0.00793678 0.00314917
 -0.000266149 -0.029465 -0.00338849 0.00191222
 -0.000276681 -0.0235256 -0.00101683 0.00113765
 -0.000210728 -0.010483 -0.00170532 0.000757706
 -0.00019397 -0.00993812 -0.00315998 0.00129245
 -0.000118268 -0.00859794 -0.00474103 0.00187712
 1.30659e-05 -0.00818637 -0.0053696 0.00223197
 0.000160786 -0.0108063 -0.00324089 0.00176499
 -0.000422297 -0.0469795 -0.00549184 0.00346102
 -0.000394364 -0.0386136 -0.00309061 0.00261212
 -0.000337923 -0.0290842 -0.00342402 0.00248586
 -0.000283422 -0.0246231 -0.00388554 0.00254671
 -0.000192153 -0.0224583 -0.00388544 0.00261338
 -9.47122e-06 -0.0228514 -0.00275862 0.00245452
 0.000194929 -0.0242773 0.000618167 0.0014131
 -0.000462779 -0.0579567 -0.00393546 0.00435421
 -0.000421529 -0.0571486 -0.000908269 0.00387458
 -0.000308454 -0.0539028 0.000904158 0.00332657
 -0.000164736 -0.0494926 0.00283483 0.00256293
 3.58564e-05 -0.0512139 0.00797191 0.00100914
 0.000172339 -0.0445372 0.011097 -0.00073545
 -0.000319352 -0.0888019 0.00911948 0.00350584
 -0.000205776 -0.0917212 0.0153829 0.00182886
 -7.31667e-05 -0.0914492 0.0228935 -0.00073493
 4.20747e-05 -0.0877498 0.0302412 -0.00382714
 -0.000149101 -0.0883316 0.0411311 -0.00824432
 -0.000101881 -0.111822 0.0289859 -0.00104832
 -3.68942e-05 -0.114941 0.0397345 -0.00463908
 -9.87981e-05 -0.110851 0.0488375 -0.00862518
 -0.000562247 -0.109642 0.0604011 -0.0137849
 -0.000112895 -0.132636 0.0591636 -0.0105511
 -0.000412041 -0.138291 0.0753186 -0.0165796
 -0.00123916 -0.1331 0.0856914 -0.021778
 -0.00118327 -0.156773 0.100557 -0.0251777
 -0.0027781 -0.154935 0.113886 -0.0314475
 -0.0052946 -0.157764 0.129356 -0.0381943

Fourier series term #5
 3.91346e-07 3.60913e-05 1.73848e-05 -2.6957e-06
 -3.73618e-06 -0.000297701 -0.000165389 2.7386e-05
 4.86228e-06 0.000348276 0.000203876 -3.8358e-05
 -9.53629e-07 -5.44471e-05 -3.18055e-05 6.80926e-06
 -7.84189e-06 -0.000529327 -0.000298876 7.19588e-05
 1.23294e-05 0.000812353 0.00040454 -0.000115316
 -4.11654e-06 -0.000282445 -9.65682e-05 3.58403e-05
 -8.24134e-06 -0.000755658 -0.000188402 9.13114e-05
 4.85237e-06 0.000416371 2.4278e-05 -3.03615e-05
 1.07212e-05 0.00123398 -4.21845e-05 -5.92857e-05
 6.54815e-06 0.000772295 -0.000135471 -8.61243e-07
 -5.71065e-06 -0.000483399 0.000188611 -3.76538e-05
 -6.89196e-05 -0.0064115 -0.00320466 0.000582455
 -2.97166e-06 -0.000479015 -0.000163505 3.65206e-05
 -2.61948e-05 -0.00214007 -0.00110573 0.000251919
 1.15524e-05 0.000638108 0.000357066 -9.0376e-05
 -8.26157e-06 -0.00072945 -0.00028194 8.93913e-05
 -4.88997e-06 -0.000307993 5.84913e-05 -7.69241e-08
 6.18503e-06 0.000506868 8.01494e-05 -4.89508e-05
 -1.06536e-06 -0.000279431 -4.94631e-05 3.06065e-05
 -7.79169e-06 -0.00088043 0.000132664 9.72316e-06
 -1.03531e-05 -0.000410573 0.000257334 -6.2779e-05
 -6.22169e-06 0.000498243 -4.0947e-05 -1.62334e-05
 -9.53156e-05 -0.0116654 -0.00518449 0.00113918
 -5.17257e-05 -0.00719564 -0.00297346 0.000732081
 -4.85105e-05 -0.00631722 -0.00229858 0.000659384
 -4.4627e-06 -0.00150037 -4.94037e-05 6.96149e-05
 -1.15933e-05 -0.00194634 0.000104196 6.10835e-05
 -2.19912e-05 -0.00181606 0.000716037 -0.000112611
 -2.27459e-05 -0.000747434 0.00090931 -0.000236527
 -2.81919e-05 -2.98332e-05 0.000811212 -0.000261694
 -3.40833e-05 -0.000108684 0.000613977 -0.0002043
 -3.6293e-05 -0.000440365 0.000514742 -0.00015762
 -0.000164253 -0.017284 -0.00701691 0.00192258
 -0.000116579 -0.0131871 -0.00451706 0.00144516
 -5.79331e-05 -0.0081819 -0.00161708 0.000720471
 -4.90718e-05 -0.00551319 0.000765384 6.01288e-05
 -4.78299e-05 -0.00423605 0.00176232 -0.000295373
 -6.16155e-05 -0.00447575 0.00211995 -0.000410405
 -7.37384e-05 -0.00161369 0.00234436 -0.000691263
 -8.96504e-05 0.000326692 0.00168345 -0.000620255
 -7.99129e-05 0.000165458 0.000883606 -0.000335333
 -0.000174179 -0.0238113 -0.00712896 0.00261235
 -0.0001313 -0.0192528 -0.00286641 0.00159861
 -9.93702e-05 -0.0145818 0.000898521 0.000494736
 -0.000116208 -0.00883276 0.00442032 -0.00086475
 -0.000124798 -0.00627524 0.00466243 -0.00115081
 -0.000153748 -0.00433045 0.00452067 -0.00128903
 -0.00018881 -0.00287329 0.00389187 -0.00122019
 -0.000174867 -0.000837516 0.00213783 -0.000749867
 -0.000197599 -0.0324495 -0.0029601 0.00244239
 -0.00019903 -0.0277421 0.0028634 0.000738223
 -0.000216026 -0.0211582 0.00780113 -0.00121105
 -0.000249055 -0.0144419 0.00864642 -0.00198825
 -0.000277816 -0.00791893 0.0077786 -0.00226576
 -0.00033003 -0.00524662 0.00641045 -0.00202083
 -0.000363824 -0.003669 0.00505078 -0.00168971
 -0.000283374 -0.0426805 0.00779097 0.000204389
 -0.000322767 -0.036216 0.0131142 -0.00194203
 -0.000398585 -0.0267366 0.0146451 -0.00326518
 -0.000487477 -0.0238784 0.0154378 -0.0038661
 -0.000590204 -0.0166494 0.0135551 -0.00387214
 -0.000633145 -0.00633624 0.00822227 -0.00277871
 -0.000493083 -0.0520286 0.0229322 -0.00419317
 -0.000597397 -0.0517605 0.0267959 -0.00567445
 -0.000742571 -0.0426522 0.0268555 -0.0066185
 -0.000950937 -0.0324651 0.024443 -0.0067718
 -0.00118484 -0.0258182 0.0216942 -0.00643825
 -0.000735992 -0.0600426 0.0334537 -0.00746996
 -0.00095418 -0.0549563 0.0352814 -0.00875005
 -0.00125011 -0.0430763 0.0323879 -0.00892065
 -0.00148799 -0.0318818 0.0269295 -0.00801951
 -0.00127356 -0.0629193 0.0437609 -0.0114898
 -0.001649 -0.0539995 0.041999 -0.0118643
 -0.00204242 -0.0417446 0.0359975 -0.0108445
 -0.00217867 -0.0603517 0.049675 -0.0145136
 -0.00272706 -0.0528713 0.0468341 -0.0143103
 -0.00374996 -0.0550834 0.0512866 -0.0161319


