**************************************************************
***  MERIS LUT-169: Fourier series terms (s0,..,s5)[TERM]] ***
***                 of polynomial coefficients (k0,..,k3)  ***
***                 for each of 81 aerosol models [IAER],  ***
***                 & for each of 78 geometries [SVZA]     ***
***  - - - - - - - - - - - - - - - - - - - - - - - - - - - ***
***  => useful for multiplicative aer.scat.fct. retrieval  ***
**************************************************************

12 Gaussian angles (deg): SZA/VZA
------------------------         

 2.84 17.64 28.77 36.19 43.61 51.03 58.46 65.88 69.59 73.30 77.01 80.72

Coefficients: [SVZA x (k0,k1,k2,k3)]
------------                        

 Aerosol model #47
 - - - - - - -  

Fourier series term #0
 1.02231 1.46941 0.532611 -0.101236
 1.02383 1.55638 0.574138 -0.116063
 1.02679 1.73051 0.644632 -0.144356
 1.02964 1.90461 0.698278 -0.171978
 1.03278 2.11002 0.73053 -0.203052
 1.0358 2.34755 0.709285 -0.231256
 1.03781 2.61519 0.581352 -0.241633
 1.03716 2.89941 0.26169 -0.200939
 1.03545 3.03733 -0.00696188 -0.142392
 1.03362 3.15691 -0.366089 -0.0440289
 1.03504 3.22217 -0.803856 0.100452
 1.04945 3.13482 -1.22005 0.267296
 1.02465 1.67141 0.609463 -0.130365
 1.02761 1.84801 0.664892 -0.157674
 1.0302 2.0076 0.694504 -0.181675
 1.03325 2.21077 0.700404 -0.208227
 1.03622 2.44749 0.64923 -0.230009
 1.03804 2.70556 0.491076 -0.231749
 1.03701 2.96985 0.152064 -0.182489
 1.03506 3.09626 -0.117744 -0.121253
 1.03296 3.20571 -0.470843 -0.0223063
 1.034 3.26479 -0.896438 0.120287
 1.04767 3.179 -1.29956 0.283928
 1.03017 2.02023 0.690517 -0.182456
 1.03265 2.18265 0.690363 -0.202809
 1.03522 2.37084 0.652834 -0.22141
 1.03744 2.58821 0.554373 -0.232053
 1.03826 2.82533 0.354848 -0.220856
 1.03599 3.06569 -0.0094246 -0.159189
 1.03343 3.18093 -0.28243 -0.0933602
 1.03079 3.28157 -0.631194 0.00807038
 1.0314 3.33587 -1.04528 0.150397
 1.04468 3.25185 -1.43345 0.311584
 1.03456 2.33983 0.638053 -0.205646
 1.03697 2.52218 0.565923 -0.215345
 1.03874 2.71641 0.430508 -0.214031
 1.03901 2.9262 0.201718 -0.190086
 1.03637 3.14535 -0.176945 -0.117378
 1.03378 3.25245 -0.450536 -0.0473262
 1.03132 3.34637 -0.794855 0.0568829
 1.03236 3.39584 -1.19954 0.200071
 1.04633 3.30926 -1.57401 0.359745
 1.03919 2.66499 0.48133 -0.224185
 1.04019 2.84202 0.316934 -0.21266
 1.03948 3.02395 0.064719 -0.176997
 1.03612 3.21924 -0.325294 -0.093646
 1.03348 3.31887 -0.598432 -0.0196973
 1.03133 3.40712 -0.93688 0.0866194
 1.03321 3.45084 -1.32832 0.228954
 1.04858 3.35796 -1.68215 0.384236
 1.04032 2.98893 0.125135 -0.188479
 1.03889 3.15719 -0.145448 -0.141198
 1.035 3.33342 -0.547049 -0.0455884
 1.03239 3.42427 -0.821171 0.0336666
 1.03065 3.50579 -1.15549 0.143598
 1.03351 3.54339 -1.53537 0.286527
 1.05047 3.44342 -1.86865 0.438164
 1.03684 3.30248 -0.432015 -0.0803073
 1.03285 3.47638 -0.845011 0.0284462
 1.03062 3.56176 -1.12062 0.113929
 1.02985 3.63274 -1.44915 0.228096
 1.03452 3.65596 -1.81167 0.370865
 1.05424 3.53774 -2.11262 0.515635
 1.02963 3.63354 -1.26467 0.152193
 1.02861 3.71613 -1.53861 0.243715
 1.03 3.77956 -1.85587 0.360788
 1.03815 3.78025 -2.18723 0.499459
 1.06267 3.62448 -2.43014 0.629017
 1.02883 3.78631 -1.80359 0.336417
 1.03212 3.83864 -2.10575 0.452102
 1.04307 3.82445 -2.41054 0.584589
 1.07116 3.64266 -2.60827 0.700237
 1.03816 3.86681 -2.37845 0.561715
 1.05283 3.82608 -2.64006 0.681929
 1.08536 3.61186 -2.77623 0.776699
 1.07232 3.74105 -2.83297 0.780023
 1.1098 3.48092 -2.88242 0.84329
 1.15146 3.16296 -2.81827 0.862522

Fourier series term #1
 -0.000175441 -0.0110147 -0.00430336 0.000793436
 -0.000157157 -0.00671333 -0.00409949 0.000681615
 -0.00041168 -0.0198925 -0.00899611 0.00179197
 -0.000488076 -0.0219915 -0.00850381 0.00189232
 -0.000554969 -0.0233169 -0.00570598 0.00152253
 -0.000632429 -0.0238896 -0.000363608 0.000535589
 -0.000697114 -0.0221837 0.00809859 -0.0015362
 -0.000759193 -0.0156838 0.018127 -0.00475231
 -0.000816757 -0.009745 0.0221336 -0.00647545
 -0.000922585 -0.0016006 0.0238088 -0.00776003
 -0.0011032 0.00889681 0.0212831 -0.00783934
 -0.00129322 0.0210298 0.0131205 -0.00587208
 -0.00130343 -0.0648837 -0.0313742 0.0058423
 -0.00227523 -0.107248 -0.0434763 0.00919783
 -0.00293907 -0.132396 -0.0414213 0.010071
 -0.00347495 -0.14463 -0.0232502 0.00746264
 -0.0039383 -0.144464 0.0115609 0.000330328
 -0.00430674 -0.126803 0.0612828 -0.0127487
 -0.0046654 -0.0805702 0.113926 -0.0310172
 -0.0050327 -0.0427997 0.131893 -0.0399374
 -0.00569432 0.00649384 0.135452 -0.0457727
 -0.00677189 0.0678788 0.115152 -0.0444796
 -0.00786361 0.137439 0.0638794 -0.0316255
 -0.0037099 -0.166205 -0.0497123 0.012203
 -0.00466939 -0.196516 -0.0355156 0.0108805
 -0.0056313 -0.218751 -0.00299006 0.00529012
 -0.00638502 -0.214761 0.0519391 -0.00747733
 -0.00693474 -0.173875 0.121756 -0.0282352
 -0.00756488 -0.0897447 0.183625 -0.0534139
 -0.00822006 -0.028158 0.197932 -0.0639434
 -0.00935928 0.048265 0.189474 -0.0688513
 -0.0110417 0.139593 0.146744 -0.0627854
 -0.0125526 0.239666 0.0622743 -0.0403088
 -0.00577934 -0.232814 -0.0087789 0.00602231
 -0.00686298 -0.246028 0.0369148 -0.00354032
 -0.0077907 -0.234098 0.0994702 -0.0196088
 -0.00848064 -0.178206 0.169658 -0.0425882
 -0.00932324 -0.0697495 0.220895 -0.0673417
 -0.0101505 0.00571045 0.224525 -0.0758864
 -0.0114752 0.096368 0.201209 -0.0770287
 -0.0133424 0.202133 0.138804 -0.0648368
 -0.0146315 0.313897 0.0334878 -0.034971
 -0.00815043 -0.250774 0.0896071 -0.0162704
 -0.00908624 -0.219566 0.155927 -0.036226
 -0.00998046 -0.149826 0.217841 -0.0600754
 -0.0111561 -0.0264842 0.249943 -0.0821937
 -0.0121889 0.0582035 0.239825 -0.0877024
 -0.0136883 0.158507 0.200105 -0.0844111
 -0.0154928 0.272431 0.120285 -0.0667033
 -0.0162648 0.388772 -0.00155615 -0.0305671
 -0.010437 -0.172116 0.20941 -0.0551265
 -0.0115129 -0.0821125 0.252942 -0.0773189
 -0.0131413 0.0512985 0.254812 -0.0925437
 -0.0144041 0.139547 0.22644 -0.0926911
 -0.0160527 0.24375 0.167071 -0.0828479
 -0.0177407 0.36072 0.0678586 -0.0578168
 -0.0177801 0.475716 -0.0687246 -0.015083
 -0.0130179 0.0175684 0.266222 -0.0929258
 -0.0151976 0.164876 0.228564 -0.0971669
 -0.0167045 0.254687 0.178253 -0.0897332
 -0.0184173 0.356245 0.0976842 -0.0714215
 -0.0197429 0.467017 -0.019148 -0.0381507
 -0.0186259 0.570155 -0.164461 0.0104179
 -0.0178852 0.311457 0.146764 -0.0858655
 -0.0194607 0.402322 0.0727238 -0.0690085
 -0.0208969 0.500828 -0.0293417 -0.0409462
 -0.0212949 0.5982 -0.159208 0.000464118
 -0.0182397 0.67528 -0.301341 0.0521999
 -0.0208725 0.487086 -0.0106698 -0.0473355
 -0.0218775 0.579798 -0.120364 -0.0147305
 -0.021407 0.668359 -0.252875 0.0297747
 -0.0168974 0.727963 -0.386601 0.0809544
 -0.0221151 0.659187 -0.231595 0.0210166
 -0.0203704 0.73252 -0.359534 0.0664675
 -0.013981 0.771132 -0.477822 0.114495
 -0.0167942 0.780299 -0.470683 0.108835
 -0.00813651 0.789586 -0.561043 0.149095
 0.00287155 0.759563 -0.60701 0.174945

Fourier series term #2
 -2.50102e-05 -0.00165153 -0.000597641 0.000113759
 1.43735e-05 0.000901402 0.000306926 -6.22553e-05
 -9.52221e-08 -0.000143434 -0.000148843 3.18953e-05
 -2.19734e-06 -0.000361313 -0.000333439 7.52898e-05
 1.50044e-06 -0.000248072 -0.000436661 0.000102775
 3.82073e-06 -0.00030492 -0.000614844 0.000157158
 4.48103e-06 -0.000584205 -0.000793236 0.000231257
 8.52452e-06 -0.000805581 -0.000753529 0.00025757
 1.0394e-05 -0.000996091 -0.000614656 0.000239191
 1.12052e-05 -0.00126017 -0.000354338 0.000181282
 9.32952e-06 -0.00147342 2.38043e-05 7.0296e-05
 -1.25619e-06 -0.00144717 0.000383755 -6.36051e-05
 9.11704e-05 0.00426341 0.000374704 -9.27564e-05
 8.92849e-05 0.000378087 -0.0042454 0.000876965
 2.38574e-05 -0.00829128 -0.0111792 0.00255591
 5.8167e-05 -0.0118816 -0.0174843 0.00429594
 0.000134482 -0.0152883 -0.0235519 0.00632067
 0.000203603 -0.023192 -0.0278271 0.00847539
 0.000296622 -0.03568 -0.0251398 0.00927646
 0.000368249 -0.042571 -0.0191941 0.00832071
 0.000438286 -0.0487507 -0.00956565 0.00594397
 0.000416958 -0.0526686 0.00296881 0.00204665
 7.26091e-05 -0.0514831 0.0149433 -0.00249349
 0.000133558 -0.0076224 -0.016494 0.00371832
 0.000210006 -0.0143044 -0.0286084 0.00685702
 0.000232937 -0.0302931 -0.044918 0.0117982
 0.000309746 -0.0494364 -0.059065 0.0172808
 0.000472111 -0.0724002 -0.0640972 0.0215845
 0.00076746 -0.100736 -0.0511399 0.0216284
 0.000982967 -0.115251 -0.0348073 0.0184569
 0.00118397 -0.127885 -0.011162 0.0122214
 0.00115592 -0.13554 0.0179298 0.00281786
 0.000348706 -0.132004 0.044871 -0.00776047
 0.000293179 -0.0294046 -0.0468312 0.0118373
 0.000403264 -0.0497409 -0.0663091 0.0182491
 0.000462451 -0.0842902 -0.0825522 0.02557
 0.000646119 -0.124153 -0.0837022 0.0304255
 0.00109167 -0.16439 -0.0585769 0.028245
 0.00141159 -0.18326 -0.0332126 0.0226748
 0.00169582 -0.199201 0.00120316 0.0130663
 0.00161826 -0.208283 0.041932 -0.000565134
 0.000417863 -0.202241 0.0789935 -0.0155804
 0.00046441 -0.0838864 -0.0901781 0.0274308
 0.000614743 -0.127407 -0.102956 0.0353508
 0.000872626 -0.18392 -0.0963934 0.0398284
 0.00148841 -0.238829 -0.057127 0.0347389
 0.00191271 -0.262316 -0.0222968 0.0264163
 0.00225143 -0.281155 0.0227786 0.0131694
 0.00207249 -0.291107 0.0746059 -0.00484741
 0.000349201 -0.281733 0.120301 -0.0240493
 0.000814106 -0.187286 -0.108375 0.0430027
 0.00127185 -0.251239 -0.0887227 0.0446624
 0.00207064 -0.320096 -0.0336138 0.035415
 0.00257225 -0.350475 0.0106362 0.024101
 0.00292388 -0.37404 0.0658392 0.00712333
 0.00257053 -0.385642 0.127499 -0.0151232
 0.000241076 -0.373147 0.180168 -0.0381858
 0.00191577 -0.328898 -0.0540388 0.0424714
 0.00293251 -0.402426 0.0171444 0.0274765
 0.00345243 -0.438113 0.0697293 0.0129617
 0.00369433 -0.468285 0.13366 -0.00753388
 0.0029851 -0.484215 0.203226 -0.0334323
 -0.000181135 -0.470303 0.260016 -0.0593477
 0.00396548 -0.488672 0.10447 0.00618972
 0.00434718 -0.525384 0.163001 -0.011509
 0.00424005 -0.555619 0.230972 -0.0347604
 0.00284159 -0.573071 0.302954 -0.0627264
 -0.00153735 -0.558322 0.358221 -0.0892753
 0.00452591 -0.566141 0.22447 -0.0306477
 0.00406766 -0.596071 0.292567 -0.0546795
 0.00211783 -0.609953 0.361249 -0.0823411
 -0.0030658 -0.591218 0.410473 -0.107328
 0.00307257 -0.628011 0.360065 -0.0789492
 0.000371616 -0.638355 0.423018 -0.10524
 -0.00576515 -0.612086 0.461101 -0.126773
 -0.00335647 -0.646707 0.478114 -0.128874
 -0.0105834 -0.612538 0.501269 -0.145099
 -0.0189013 -0.572459 0.507487 -0.154521

Fourier series term #3
 -2.12643e-06 -0.000140884 -5.06885e-05 9.65376e-06
 1.79231e-06 0.000119327 4.35034e-05 -8.86982e-06
 -1.98002e-07 -1.18442e-05 -2.30183e-06 6.30064e-07
 -4.18316e-08 -2.27676e-06 2.6409e-06 -4.81107e-07
 5.61564e-07 3.9156e-05 1.75424e-05 -4.63804e-06
 -1.1301e-06 -6.88075e-05 -1.77612e-05 6.03453e-06
 4.14405e-07 3.47495e-05 6.52868e-06 -2.91359e-06
 9.92477e-07 7.47684e-05 -1.81249e-06 -2.81919e-06
 -1.57186e-07 -2.69379e-05 -1.31599e-05 5.2045e-06
 -7.02189e-07 -0.000100408 -5.52023e-06 6.85979e-06
 -3.17966e-08 -6.43973e-05 -2.83537e-06 4.30561e-06
 1.66922e-06 3.92759e-05 -3.30012e-05 9.48075e-06
 -1.33409e-06 -2.76958e-05 0.000100171 -1.80654e-05
 7.01204e-05 0.00507634 0.0022345 -0.000515572
 -6.10639e-07 0.000363419 0.000803498 -0.000173784
 -2.52049e-05 -0.00106763 0.000399321 -6.7405e-05
 -9.44834e-06 0.000170242 0.000464937 -0.0001291
 2.02565e-05 0.00182029 -0.000235569 -2.18469e-05
 5.71894e-05 0.00254458 -0.00209186 0.000484249
 8.22572e-05 0.0021587 -0.00316647 0.000862431
 0.000118048 0.0011894 -0.00392404 0.00121017
 0.000169545 -0.000324285 -0.00393264 0.00136126
 0.000225119 -0.0021752 -0.00287962 0.00114147
 4.4076e-05 0.00411748 0.00285312 -0.000678405
 4.98593e-05 0.00550532 0.00384271 -0.000993058
 -3.01642e-06 0.00222762 0.00247163 -0.000677251
 9.62186e-06 0.00234612 0.000324711 -0.000212142
 0.00010591 0.00580548 -0.00356347 0.000687389
 0.000250683 0.00681629 -0.00982899 0.00261708
 0.000356519 0.00513273 -0.0127862 0.00380014
 0.000505278 0.00164546 -0.0143713 0.00475043
 0.000705544 -0.00358524 -0.013351 0.00496028
 0.000911388 -0.00984433 -0.0089216 0.00392203
 2.5334e-05 0.00517462 0.00393197 -0.0010628
 7.4153e-05 0.00910301 0.0034013 -0.0011703
 0.000108933 0.00855055 -0.00164762 3.49176e-05
 0.000238261 0.00887746 -0.0098396 0.00232699
 0.000496291 0.00760106 -0.0193141 0.00556503
 0.0006919 0.00413736 -0.0228747 0.00720689
 0.000956059 -0.00186178 -0.0238689 0.0082776
 0.0013019 -0.0101694 -0.0206399 0.00803264
 0.0016301 -0.0197118 -0.0124351 0.00587816
 0.000147796 0.0121149 0.000139828 -0.000584171
 0.000307055 0.0170627 -0.00735429 0.00118467
 0.000506918 0.0132245 -0.0200149 0.00522855
 0.000892727 0.00445201 -0.0319239 0.0100943
 0.00120771 -0.00200548 -0.0350237 0.01204
 0.00162383 -0.0107399 -0.0342355 0.0129269
 0.002127 -0.021873 -0.0277989 0.0119091
 0.00256388 -0.0340167 -0.0151106 0.00832082
 0.000561813 0.0179041 -0.018707 0.0044313
 0.000942002 0.0153432 -0.0331484 0.00944347
 0.0015308 -0.00167717 -0.0444894 0.015241
 0.00198895 -0.013511 -0.0453638 0.0170886
 0.00258223 -0.0266866 -0.0408824 0.0172173
 0.00326012 -0.0410506 -0.0295496 0.0147528
 0.00378117 -0.0550187 -0.0115608 0.00924545
 0.0015094 0.00506129 -0.0471557 0.0154406
 0.00245048 -0.0121149 -0.0542096 0.0204468
 0.00310109 -0.0273733 -0.0512591 0.0214329
 0.00388726 -0.0459469 -0.0413607 0.0201381
 0.00471646 -0.0650362 -0.0236052 0.0156184
 0.00523846 -0.0811582 0.000255131 0.00782247
 0.00378351 -0.0373316 -0.0525157 0.0234628
 0.0046529 -0.0515327 -0.0448435 0.0226841
 0.00561537 -0.0685461 -0.0302872 0.0193987
 0.00650877 -0.0886992 -0.0071566 0.0126494
 0.00687051 -0.106306 0.0215537 0.00270873
 0.00559254 -0.0688016 -0.0334083 0.0207035
 0.00658998 -0.0848094 -0.0165304 0.0162685
 0.00743529 -0.101484 0.00715474 0.00873742
 0.00762177 -0.116375 0.0356169 -0.00160935
 0.00753852 -0.102643 0.00369874 0.0104693
 0.00823751 -0.11646 0.0275365 0.00232581
 0.00815955 -0.125245 0.0526744 -0.00754737
 0.00863328 -0.129578 0.0518291 -0.00634402
 0.00813533 -0.132145 0.0718981 -0.0149884
 0.00708696 -0.130775 0.0868718 -0.0220276

Fourier series term #4
 1.86375e-07 1.273e-05 4.53448e-06 -8.4626e-07
 3.40384e-07 2.28636e-05 8.26144e-06 -1.6795e-06
 -1.42513e-07 -8.40714e-06 -3.24155e-06 7.39297e-07
 5.3601e-07 3.48462e-05 1.27314e-05 -3.11204e-06
 -4.16575e-07 -2.63898e-05 -9.23131e-06 2.59786e-06
 -1.85267e-07 -1.32601e-05 -4.12039e-06 1.36934e-06
 8.06878e-07 5.18389e-05 1.21462e-05 -4.95729e-06
 -5.49949e-07 -4.89023e-05 -3.64876e-06 3.16112e-06
 -6.26139e-07 -6.24374e-05 4.30389e-07 2.83484e-06
 8.50176e-08 -8.29624e-06 1.09066e-06 5.71865e-08
 8.33326e-07 5.94786e-05 -1.4566e-05 1.7526e-06
 1.19774e-06 6.3814e-05 -2.4171e-05 5.19277e-06
 -5.46284e-05 -0.00376331 -0.00135667 0.000292338
 4.45119e-05 0.00312144 0.0011183 -0.000268438
 1.58835e-05 0.0011006 0.000444585 -0.000113008
 -6.45091e-06 -0.000412456 -1.18108e-05 1.37468e-05
 -1.00442e-05 -0.000518295 9.28569e-05 -6.38513e-06
 -1.10543e-05 -0.000274865 0.000358171 -8.6021e-05
 -1.31946e-05 0.000120761 0.000532777 -0.000165347
 -1.43186e-05 0.000377904 0.000487058 -0.000173602
 -1.51154e-05 0.000622425 0.000312845 -0.000139029
 -1.36132e-05 0.000774229 4.00733e-05 -5.90501e-05
 -5.29343e-06 0.000737234 -0.000212647 3.56275e-05
 3.55347e-05 0.00256416 0.00103983 -0.000267193
 6.42205e-05 0.00491889 0.00202895 -0.000565585
 5.33146e-06 0.0011614 0.00127583 -0.000333994
 -5.02688e-05 -0.00190834 0.00119939 -0.000240795
 -6.8459e-05 -0.00126119 0.00225445 -0.000585807
 -7.9702e-05 0.00117451 0.00275831 -0.00093097
 -8.82425e-05 0.00250393 0.00231318 -0.000915161
 -9.53063e-05 0.00362771 0.00130313 -0.000689675
 -8.89123e-05 0.0042705 -9.94203e-05 -0.000259068
 -4.45929e-05 0.00406792 -0.00134551 0.000224308
 2.52476e-05 0.00275828 0.00190246 -0.000507426
 1.27404e-05 0.00359715 0.00323827 -0.000908183
 -7.2593e-05 -0.000139441 0.00379847 -0.00100691
 -0.000138004 -0.000925876 0.00490469 -0.00139021
 -0.000172807 0.00295269 0.00501638 -0.00178087
 -0.000190262 0.00536545 0.00386648 -0.00164052
 -0.000202104 0.00752422 0.00176943 -0.00113788
 -0.000187422 0.00873922 -0.000893389 -0.000301502
 -0.000104101 0.00826412 -0.00312369 0.000592168
 -5.34059e-05 0.00180644 0.00489166 -0.00136035
 -9.92197e-05 0.0043879 0.0076646 -0.00237497
 -0.000209299 0.00379146 0.00863584 -0.00287113
 -0.000301651 0.00670763 0.00730673 -0.00290402
 -0.00033764 0.00951127 0.00515396 -0.0025008
 -0.000358769 0.012296 0.00182466 -0.00163086
 -0.000335487 0.0139326 -0.00217251 -0.000323656
 -0.000202605 0.013297 -0.0054267 0.00101649
 -0.000200225 0.0061456 0.0103639 -0.00347238
 -0.000296207 0.0130081 0.0113097 -0.00450418
 -0.000454021 0.0154196 0.00793533 -0.00396572
 -0.000524502 0.0166304 0.00468127 -0.00309444
 -0.000566007 0.0182118 0.000401179 -0.00178046
 -0.000538709 0.0192777 -0.00444753 -6.49963e-05
 -0.000362972 0.0182579 -0.00832926 0.0016188
 -0.000464005 0.0188955 0.0104744 -0.00502588
 -0.000654468 0.0277789 0.0048221 -0.00418182
 -0.000755208 0.0288747 0.000473011 -0.0028794
 -0.000819716 0.0279348 -0.00419539 -0.0011487
 -0.000793547 0.0261046 -0.00873352 0.000788406
 -0.000591335 0.02285 -0.0118873 0.00247869
 -0.000917202 0.033757 -0.00188606 -0.00261856
 -0.00103297 0.0377071 -0.00722527 -0.00109482
 -0.00110081 0.0394955 -0.0129643 0.00091204
 -0.00106528 0.0366774 -0.0171189 0.00291707
 -0.000835678 0.0298538 -0.0181162 0.00420338
 -0.00115314 0.0388064 -0.0114903 0.000357551
 -0.0012213 0.0412561 -0.017143 0.00232803
 -0.00117681 0.0407195 -0.0219901 0.00444065
 -0.000914153 0.0341755 -0.0225321 0.00555224
 -0.00129593 0.0406598 -0.0207295 0.00383737
 -0.00123458 0.0406774 -0.0250749 0.00573488
 -0.000951492 0.0366131 -0.0263361 0.00689436
 -0.00118765 0.0376926 -0.0263028 0.00666201
 -0.000930295 0.0345323 -0.0272499 0.007603
 -0.000755645 0.02874 -0.0246192 0.00724845

Fourier series term #5
 9.14825e-08 6.2539e-06 2.22296e-06 -4.14695e-07
 -1.76337e-07 -1.07018e-05 -4.126e-06 8.62265e-07
 1.96438e-07 1.29542e-05 4.78485e-06 -1.05727e-06
 -1.12977e-08 -8.52779e-07 -2.10357e-07 2.77505e-08
 -2.41816e-07 -1.46822e-05 -5.3502e-06 1.52038e-06
 3.06219e-07 2.09176e-05 6.21113e-06 -2.03151e-06
 -1.07607e-07 -7.32877e-06 -1.47123e-06 6.4108e-07
 -2.24194e-07 -1.91459e-05 -2.01694e-06 1.41625e-06
 1.58294e-07 1.13542e-05 -2.85199e-07 -4.54987e-07
 3.6264e-07 3.29373e-05 -3.87868e-06 -4.17068e-07
 2.09312e-07 2.02175e-05 -4.76174e-06 5.56341e-07
 -2.27536e-07 -1.39848e-05 5.73625e-06 -1.2928e-06
 -5.88768e-05 -0.00408532 -0.00145909 0.000315724
 1.64927e-05 0.0011777 0.00040251 -9.80118e-05
 1.12609e-05 0.00078989 0.00027451 -7.25582e-05
 1.14835e-06 5.82111e-05 1.5992e-05 -4.67297e-06
 -9.10138e-07 -0.000102947 -4.38086e-05 1.40758e-05
 -8.04246e-07 -0.000107016 -3.49392e-05 1.38385e-05
 -7.54523e-07 -9.15083e-05 8.52831e-06 2.30056e-06
 -1.37908e-06 -9.46786e-05 4.19956e-05 -7.69587e-06
 -2.29462e-06 -7.38741e-05 7.48055e-05 -2.00023e-05
 -3.4178e-06 -1.21264e-05 8.22858e-05 -2.7201e-05
 -4.13073e-06 6.55455e-05 4.85762e-05 -2.06169e-05
 -8.06827e-07 -6.19978e-05 -3.31349e-05 7.81046e-06
 5.16307e-05 0.00375049 0.00120621 -0.0003577
 3.14093e-05 0.00221898 0.000629556 -0.000213003
 9.69469e-07 -0.000237934 -0.000145742 4.89078e-05
 -8.02792e-06 -0.00102977 -0.000189151 0.000102528
 -1.15117e-05 -0.000987172 0.000236024 -1.54079e-05
 -1.49344e-05 -0.000759729 0.000488236 -0.000109453
 -2.12928e-05 -0.000404213 0.000652446 -0.000192644
 -3.08914e-05 4.00186e-05 0.000631166 -0.000223907
 -3.94047e-05 0.000498278 0.00037827 -0.000169399
 3.28042e-05 0.00229474 0.000627988 -0.000204123
 6.22707e-05 0.00453986 0.00110998 -0.00041295
 2.26262e-05 0.00129039 0.000229062 -0.000102418
 -1.7643e-05 -0.00204482 -9.04022e-06 0.000107535
 -3.34024e-05 -0.00238877 0.000885958 -0.000133886
 -4.33644e-05 -0.00185908 0.00138836 -0.000333363
 -5.92805e-05 -0.000945841 0.00165027 -0.000496729
 -8.16514e-05 0.000177223 0.0014596 -0.000525985
 -9.8777e-05 0.00130129 0.000757197 -0.000358351
 3.81867e-05 0.0024113 0.000491508 -0.000212035
 4.24311e-05 0.00320235 0.000898609 -0.00038064
 -1.72521e-05 -0.00106763 0.00101856 -0.000231808
 -7.31162e-05 -0.00366626 0.00229952 -0.000504085
 -9.75139e-05 -0.00309905 0.00299695 -0.000796103
 -0.000129174 -0.00158833 0.00324264 -0.00102402
 -0.000168741 0.000418353 0.00270438 -0.00101805
 -0.000194361 0.00253093 0.00127901 -0.000666218
 -9.0775e-07 0.000505793 0.00120804 -0.000356878
 -3.21702e-05 0.00144195 0.0027247 -0.000920755
 -0.000126632 -0.00157486 0.00424746 -0.00131595
 -0.000180195 -0.0021341 0.00489489 -0.00155587
 -0.000237263 -0.0010463 0.00490389 -0.0017063
 -0.000298315 0.00134091 0.00381496 -0.00155369
 -0.000332236 0.00428265 0.00149675 -0.000936788
 -0.000112893 2.88384e-05 0.0045624 -0.00150871
 -0.000214803 0.00402887 0.00549519 -0.002274
 -0.000296083 0.00437722 0.00540571 -0.00236709
 -0.000385698 0.00428394 0.00486999 -0.00224904
 -0.000466095 0.00533021 0.00330749 -0.00180714
 -0.000493754 0.00746606 0.000487894 -0.000907596
 -0.000380591 0.00609405 0.00572847 -0.00272149
 -0.000476518 0.010205 0.00395794 -0.00253089
 -0.00057775 0.0141618 0.00101173 -0.00185931
 -0.000643958 0.0156086 -0.00199901 -0.000847614
 -0.00061896 0.0155559 -0.00479366 0.000320758
 -0.000579237 0.0120165 0.00248006 -0.00223361
 -0.000675879 0.0169288 -0.00138342 -0.001277
 -0.000714074 0.0210341 -0.00624692 0.000246729
 -0.000614809 0.0215207 -0.00973827 0.00168363
 -0.000757706 0.0191034 -0.00441817 -0.000334376
 -0.0007453 0.0238855 -0.00996194 0.00142636
 -0.000552226 0.0265438 -0.015177 0.00339941
 -0.000694429 0.025439 -0.0136913 0.00282815
 -0.000377695 0.0281855 -0.0189343 0.00484427
 1.04792e-05 0.0271923 -0.0208013 0.00583151


