**************************************************************
***  MERIS LUT-169: Fourier series terms (s0,..,s5)[TERM]] ***
***                 of polynomial coefficients (k0,..,k3)  ***
***                 for each of 81 aerosol models [IAER],  ***
***                 & for each of 78 geometries [SVZA]     ***
***  - - - - - - - - - - - - - - - - - - - - - - - - - - - ***
***  => useful for multiplicative aer.scat.fct. retrieval  ***
**************************************************************

12 Gaussian angles (deg): SZA/VZA
------------------------         

 2.84 17.64 28.77 36.19 43.61 51.03 58.46 65.88 69.59 73.30 77.01 80.72

Coefficients: [SVZA x (k0,k1,k2,k3)]
------------                        

 Aerosol model #27
 - - - - - - -  

Fourier series term #0
 1.0022 0.612663 0.182747 -0.0213133
 1.00405 0.80509 0.31402 -0.0368266
 1.00774 1.02331 0.545602 -0.0684379
 1.01802 1.72987 1.19287 -0.166086
 1.02938 2.31315 1.82944 -0.298074
 1.03824 2.78222 2.26703 -0.449818
 1.04032 3.19955 2.37555 -0.592317
 1.03 3.8732 2.11824 -0.696129
 1.01454 4.20557 1.61657 -0.646743
 0.993161 4.482 0.775599 -0.467257
 0.973968 4.76211 -0.374777 -0.135144
 0.982186 5.03847 -1.716 0.336743
 1.00733 1.02138 0.523706 -0.0609268
 1.01536 1.49555 0.996876 -0.129606
 1.02204 1.8149 1.33564 -0.199779
 1.02883 2.18227 1.67854 -0.299025
 1.03632 2.7498 2.08667 -0.451872
 1.03787 3.24825 2.23474 -0.59889
 1.0262 3.78034 1.92863 -0.672097
 1.0119 4.15145 1.49271 -0.633475
 0.991289 4.60859 0.746789 -0.484471
 0.970781 5.12119 -0.393446 -0.163781
 0.978971 5.47171 -1.80799 0.33431
 1.02203 1.79076 1.31325 -0.19787
 1.0273 2.07112 1.54375 -0.268951
 1.03167 2.37256 1.73894 -0.357313
 1.03338 2.66476 1.83874 -0.451905
 1.03251 3.19783 1.92386 -0.57893
 1.02028 3.91037 1.70541 -0.665222
 1.00534 4.31696 1.31145 -0.629933
 0.984134 4.7826 0.60594 -0.483498
 0.963272 5.28731 -0.498563 -0.165314
 0.970871 5.65346 -1.88665 0.329014
 1.03148 2.27881 1.6778 -0.334786
 1.03334 2.51978 1.76465 -0.408547
 1.03351 2.80867 1.78813 -0.48954
 1.03001 3.24903 1.73497 -0.577981
 1.01527 3.91877 1.4378 -0.628792
 0.999573 4.38576 1.06705 -0.594152
 0.977902 4.85833 0.383276 -0.444774
 0.956542 5.41258 -0.693918 -0.129723
 0.962187 5.90931 -2.08068 0.363237
 1.03342 2.71972 1.75663 -0.465527
 1.03186 3.03357 1.72691 -0.53566
 1.02583 3.4362 1.59055 -0.59804
 1.00876 3.95751 1.16796 -0.594868
 0.993144 4.37027 0.749442 -0.53376
 0.971689 4.88842 0.0851257 -0.382925
 0.950493 5.49061 -0.936157 -0.0804681
 0.956589 6.03743 -2.27824 0.399227
 1.0279 3.29114 1.60955 -0.578969
 1.01893 3.68242 1.38772 -0.610568
 0.999404 4.18569 0.879466 -0.56684
 0.983153 4.53417 0.419946 -0.478419
 0.962794 4.9919 -0.283278 -0.298989
 0.944629 5.52729 -1.29456 0.01663
 0.953898 6.06254 -2.58398 0.486374
 1.00715 3.97635 1.06304 -0.595105
 0.985507 4.51851 0.454276 -0.504294
 0.968089 4.92127 -0.0309521 -0.399791
 0.949585 5.29991 -0.785229 -0.182654
 0.935092 5.82166 -1.80814 0.152006
 0.952993 6.22036 -3.02435 0.616305
 0.962247 5.07374 -0.221047 -0.368327
 0.946808 5.44016 -0.812963 -0.208577
 0.933554 5.72124 -1.5815 0.0415049
 0.923625 6.31205 -2.615 0.389629
 0.952206 6.74226 -3.81204 0.857113
 0.93523 5.63602 -1.38339 -0.0305549
 0.922578 6.0364 -2.14395 0.214989
 0.91783 6.65538 -3.20332 0.579148
 0.958061 6.90217 -4.27145 1.02117
 0.913032 6.50939 -2.92774 0.471312
 0.920007 6.91017 -3.87798 0.824597
 0.973273 7.00179 -4.77775 1.22022
 0.941219 7.05567 -4.61663 1.12647
 1.01109 7.07279 -5.35947 1.46848
 1.09769 6.79167 -5.71125 1.67623

Fourier series term #1
 -0.000293613 -0.0603892 -0.0257687 0.00287668
 -0.00010791 0.00265544 -0.00455579 -7.21542e-06
 -0.00158169 -0.140083 -0.107268 0.0123558
 -0.00178901 -0.0918097 -0.101891 0.0125371
 -0.00169513 -0.0649014 -0.0775858 0.0116535
 -0.00137969 -0.0562827 -0.0470248 0.0101175
 -0.000490852 -0.0267152 0.00903627 0.00101269
 0.000260596 -0.0011075 0.0595796 -0.0119072
 0.000319496 0.00850512 0.0731148 -0.0174745
 8.65205e-07 0.0306871 0.0764259 -0.0217951
 -0.000735538 0.0455261 0.0614945 -0.0200851
 -0.0014008 0.0191891 0.0484413 -0.0157756
 -0.00298791 -0.206555 -0.189002 0.0180439
 -0.00719769 -0.402654 -0.411624 0.0476146
 -0.00948713 -0.476642 -0.491742 0.0684045
 -0.0099813 -0.462131 -0.450369 0.0779924
 -0.00821768 -0.337051 -0.249358 0.0587391
 -0.00424973 -0.18374 0.0413498 0.00755243
 -0.000624952 -0.0408338 0.30001 -0.0621478
 -0.000574579 -0.0171515 0.373837 -0.0903434
 -0.00216764 0.0243263 0.419317 -0.115973
 -0.00642937 0.115917 0.407366 -0.128642
 -0.0131433 0.257537 0.28879 -0.105147
 -0.0107034 -0.527624 -0.539915 0.0758035
 -0.0124375 -0.571437 -0.553599 0.0927427
 -0.0128883 -0.600683 -0.494835 0.103064
 -0.0109216 -0.530938 -0.304788 0.0852091
 -0.0078304 -0.397038 -0.00748438 0.0304205
 -0.00415047 -0.216669 0.352594 -0.0684124
 -0.00401459 -0.0960342 0.508469 -0.12722
 -0.00693696 0.049353 0.60099 -0.17735
 -0.014172 0.217526 0.580273 -0.196415
 -0.0249339 0.420867 0.405123 -0.159909
 -0.0139145 -0.632009 -0.53865 0.10798
 -0.0131604 -0.603856 -0.416286 0.102729
 -0.0120366 -0.599535 -0.251906 0.0866706
 -0.00974955 -0.558814 -0.0114349 0.0425279
 -0.00640097 -0.354176 0.34151 -0.0606787
 -0.00678741 -0.161278 0.530643 -0.135025
 -0.0107887 0.0404528 0.63275 -0.193422
 -0.0198067 0.247467 0.609418 -0.215064
 -0.0341657 0.568066 0.399327 -0.173591
 -0.0130681 -0.656689 -0.320319 0.0997232
 -0.012015 -0.637601 -0.142317 0.0728406
 -0.0100286 -0.604679 0.0788578 0.0248107
 -0.00745881 -0.448086 0.370711 -0.067871
 -0.00828655 -0.322411 0.519086 -0.12868
 -0.0131111 -0.0595773 0.620779 -0.192428
 -0.0240781 0.285429 0.584164 -0.219893
 -0.0402734 0.691667 0.335202 -0.17027
 -0.0113047 -0.654746 0.00611222 0.0447706
 -0.00992979 -0.578428 0.218621 -0.013705
 -0.00877859 -0.402406 0.448161 -0.0999383
 -0.0103715 -0.27905 0.544754 -0.14811
 -0.0155415 -0.107305 0.597489 -0.190567
 -0.0264051 0.193953 0.536922 -0.206157
 -0.0428755 0.656631 0.251337 -0.146594
 -0.00947276 -0.492408 0.375727 -0.0688532
 -0.0104396 -0.313724 0.523389 -0.139406
 -0.0137406 -0.132346 0.572563 -0.179666
 -0.0193384 0.0128016 0.547695 -0.194059
 -0.0305926 0.280583 0.445329 -0.190638
 -0.0436878 0.594419 0.175498 -0.122343
 -0.0141782 -0.0792804 0.566285 -0.187041
 -0.0182229 0.0318469 0.537778 -0.195636
 -0.0244865 0.176999 0.455539 -0.188033
 -0.0353537 0.494127 0.253553 -0.149256
 -0.0462648 0.837786 -0.0768236 -0.0554321
 -0.0225257 0.13289 0.479394 -0.191777
 -0.0295829 0.335401 0.347287 -0.169298
 -0.0395088 0.593505 0.134535 -0.118231
 -0.048243 0.955046 -0.235816 -0.00752761
 -0.0365154 0.492487 0.205771 -0.136494
 -0.0453844 0.754035 -0.0468523 -0.0671383
 -0.0493425 1.04525 -0.407033 0.050236
 -0.0500559 0.947569 -0.301207 0.0138762
 -0.0481503 1.11183 -0.587549 0.117952
 -0.0389859 1.16655 -0.785463 0.199221

Fourier series term #2
 -3.16545e-05 -0.00943118 -0.00276029 0.000336997
 -1.76854e-05 -0.00249113 -0.00121804 0.00013472
 0.000185747 0.0153721 0.0130003 -0.00147171
 -0.000312844 -0.0254317 -0.0197374 0.00271811
 0.00010173 0.0163898 0.0117601 -0.00209805
 -1.63253e-05 0.0125139 0.00781157 -0.00182732
 -0.0010903 -0.0571502 -0.0485736 0.011726
 -6.51655e-06 0.0506088 0.0297206 -0.00972459
 -0.000239076 0.0622566 0.0253031 -0.010089
 -0.000513865 0.00170083 -0.00192343 0.000419755
 -0.000227908 -0.0555461 0.000798474 0.00274796
 -0.000448615 -0.0513645 0.0156728 -0.00280245
 0.000979522 0.0755071 0.0627799 -0.00642965
 0.000998139 0.0407481 0.040978 -0.00508607
 -0.000290447 -0.0622685 -0.0639249 0.00809781
 -0.00217505 -0.160691 -0.189685 0.0290651
 -0.00214314 -0.0859767 -0.173754 0.0289073
 -0.00217078 -0.0741342 -0.159614 0.0330139
 -0.00120328 -0.0698146 -0.111741 0.0299904
 -0.000317492 -0.0385881 -0.0732837 0.0212305
 0.000325283 -0.0010541 -0.0380726 0.0109476
 0.000465487 0.0355245 -0.0140047 0.00239078
 0.000273218 0.0543145 -0.0057523 -0.000825309
 -0.000180114 -0.0598121 -0.0739184 0.00851822
 -0.00131712 -0.104428 -0.169772 0.0223959
 -0.00291302 -0.170618 -0.292277 0.0467749
 -0.00496855 -0.27711 -0.42764 0.0852428
 -0.00431208 -0.219796 -0.404075 0.0944697
 -0.00189813 -0.119885 -0.283272 0.0776412
 -0.000448498 -0.0970766 -0.21093 0.0639485
 0.00101227 -0.086083 -0.131926 0.0452249
 0.002124 -0.0821965 -0.0542204 0.0227898
 0.00190482 -0.0720511 0.0109702 -0.000104848
 -0.00266893 -0.169816 -0.291745 0.0448574
 -0.0049494 -0.269709 -0.445222 0.0819948
 -0.00501002 -0.277531 -0.509572 0.10878
 -0.00432152 -0.304294 -0.547707 0.138836
 -0.00169293 -0.302771 -0.468331 0.14328
 0.000707981 -0.250101 -0.358021 0.120009
 0.00335818 -0.225159 -0.243573 0.0916124
 0.00542134 -0.211924 -0.111117 0.051662
 0.0046067 -0.164381 0.00635265 0.00757274
 -0.00518878 -0.290318 -0.530507 0.109747
 -0.00489754 -0.292872 -0.598852 0.140804
 -0.0041017 -0.396042 -0.664369 0.185676
 2.79373e-05 -0.484112 -0.614545 0.206979
 0.00377977 -0.506048 -0.515101 0.193401
 0.00785571 -0.486714 -0.356328 0.153048
 0.0109141 -0.454291 -0.159648 0.0899453
 0.00970123 -0.371798 0.0163762 0.0202077
 -0.00456716 -0.397991 -0.701138 0.189107
 -0.00223195 -0.482986 -0.740622 0.230162
 0.00365505 -0.618229 -0.675641 0.251244
 0.0088418 -0.713711 -0.570217 0.240546
 0.0154308 -0.790952 -0.393795 0.200536
 0.0213147 -0.834467 -0.144713 0.122982
 0.0204903 -0.751081 0.0980559 0.024778
 0.00201584 -0.646746 -0.772449 0.275787
 0.0103368 -0.7761 -0.656261 0.279367
 0.0173756 -0.91336 -0.543869 0.267659
 0.0253963 -1.01866 -0.331294 0.214361
 0.0328784 -1.10137 -0.0507337 0.124554
 0.0356271 -1.22026 0.295464 -0.000278141
 0.0227777 -1.07939 -0.526231 0.286493
 0.0307523 -1.17702 -0.362138 0.24958
 0.0380585 -1.19365 -0.141212 0.178548
 0.0484242 -1.42837 0.19067 0.0780431
 0.0496089 -1.57222 0.584374 -0.0692364
 0.0376048 -1.22796 -0.193101 0.202212
 0.0470722 -1.39071 0.0482404 0.133972
 0.0574655 -1.67427 0.423608 0.017828
 0.0549384 -1.64645 0.724091 -0.113454
 0.0580862 -1.68674 0.353407 0.0508553
 0.0641928 -1.80164 0.662457 -0.0610642
 0.0579172 -1.77266 0.944694 -0.188454
 0.0657647 -1.89263 0.948027 -0.1699
 0.0548787 -1.90164 1.22113 -0.291865
 0.0381275 -1.91328 1.44367 -0.392887

Fourier series term #3
 1.79569e-05 0.00457088 0.00149554 -0.000172602
 2.99567e-05 0.00531002 0.00241035 -0.00028325
 5.93881e-06 0.00149422 0.000527298 -8.25573e-05
 3.66471e-05 0.00270827 0.00231293 -0.000304273
 0.000390332 0.0294428 0.0247901 -0.00402063
 -0.000791693 -0.0537744 -0.046696 0.00921283
 0.00024243 0.0201745 0.0162748 -0.00406289
 0.000388223 0.0524578 0.0312426 -0.0101136
 -0.000169672 -0.0317809 -0.013948 0.00537415
 5.46425e-05 -0.0864102 -0.0190374 0.0102542
 0.000179782 -0.0516688 0.00254549 0.0019052
 -0.000412252 0.0373694 -0.0100453 0.00143412
 -0.000318399 -0.0347624 -0.0225358 0.00260582
 0.000747128 0.0715443 0.0578007 -0.00725689
 0.000689169 0.0375318 0.0459756 -0.00579015
 8.69241e-05 -0.0364037 -0.0111838 0.00323034
 -0.000438893 -0.0360214 -0.0345172 0.00695429
 -0.000324082 -0.00270074 -0.0202975 0.00335288
 -0.000542158 -0.00992885 -0.0306759 0.00701928
 -0.000631004 -0.0494769 -0.0422337 0.0132765
 -0.000342824 -0.0642171 -0.0290544 0.0115037
 -0.000319636 -0.0326215 -0.00622617 0.00312519
 -0.000866995 0.0312653 -0.0109172 0.00139009
 0.00131216 0.0698965 0.0852245 -0.0108489
 0.00132208 0.0554597 0.0773744 -0.0110866
 0.000593699 -0.00882292 0.0168543 -0.00182537
 -0.000119351 -0.0588378 -0.0597794 0.0125128
 -0.00144233 -0.108312 -0.135755 0.0327914
 -0.00146483 -0.0917703 -0.127325 0.0354789
 -0.00100063 -0.0609551 -0.104731 0.030385
 -0.000549068 -0.0286113 -0.0824226 0.0242369
 -0.000126883 -0.0122888 -0.0644699 0.0194001
 0.000210002 -0.00677146 -0.0458976 0.0140631
 0.00104325 0.0143197 0.0493025 -0.00720467
 0.00134882 0.040045 0.0405474 -0.00919903
 -0.000726587 -0.0923941 -0.0986688 0.0221517
 -0.00185454 -0.182668 -0.202347 0.0534561
 -0.00124192 -0.125976 -0.208794 0.0598668
 -0.000601566 -0.0949496 -0.194745 0.0585985
 0.000393132 -0.109486 -0.163338 0.0546113
 0.00102724 -0.0471623 -0.118029 0.0390672
 0.001834 -0.000451124 -0.0991389 0.0315463
 0.000160614 -0.042154 -0.0445078 0.00901346
 -0.00124323 -0.126402 -0.145368 0.0354869
 -0.00114396 -0.130501 -0.217209 0.0572328
 -0.00059225 -0.220736 -0.295054 0.0937212
 0.000924101 -0.230421 -0.296642 0.101691
 0.00278645 -0.207609 -0.258453 0.094854
 0.00465663 -0.162397 -0.197204 0.0761117
 0.00601787 -0.110102 -0.1374 0.0538357
 -0.000878333 -0.118408 -0.194998 0.0496185
 -0.00072116 -0.144889 -0.269312 0.0766806
 0.000804428 -0.220457 -0.335775 0.112275
 0.00306266 -0.274382 -0.348944 0.127955
 0.00691645 -0.325995 -0.314847 0.128671
 0.0116503 -0.383783 -0.227841 0.109345
 0.0140115 -0.343485 -0.11735 0.0682057
 0.000402044 -0.214986 -0.345996 0.11164
 0.0033583 -0.225989 -0.372518 0.133737
 0.00728724 -0.348644 -0.389585 0.157599
 0.0110517 -0.348514 -0.320165 0.141717
 0.0187222 -0.51886 -0.205344 0.121167
 0.0239785 -0.621448 -0.0143891 0.0599883
 0.00972421 -0.43128 -0.39702 0.172677
 0.0132141 -0.420679 -0.347605 0.162307
 0.0178261 -0.433289 -0.269007 0.141993
 0.0267088 -0.607463 -0.1237 0.10911
 0.0343032 -0.792759 0.110519 0.0360775
 0.0172743 -0.458841 -0.287928 0.151199
 0.0232967 -0.532223 -0.197653 0.130879
 0.0319063 -0.667153 -0.0511437 0.0920643
 0.0382711 -0.895518 0.232521 0.00179196
 0.0301938 -0.634645 -0.0928251 0.106098
 0.0385287 -0.835676 0.119853 0.04588
 0.0412257 -0.974261 0.371019 -0.0434508
 0.043335 -0.994861 0.342435 -0.0259346
 0.0424537 -0.981437 0.484816 -0.0891781
 0.0360285 -0.995222 0.632982 -0.15316

Fourier series term #4
 5.68266e-06 0.00175698 0.000437651 -5.18031e-05
 1.38447e-05 0.00260149 0.00112362 -0.000134674
 2.55388e-07 0.000172955 5.42325e-06 -5.48509e-06
 0.000155044 0.013681 0.0100846 -0.00140165
 -0.000232866 -0.0177436 -0.0151146 0.00244838
 -9.42386e-05 -0.00910323 -0.0077248 0.00151243
 0.000633138 0.0427922 0.0341758 -0.00843104
 -0.000220059 -0.0397487 -0.0231213 0.00755653
 -6.91255e-05 -0.0521514 -0.0225918 0.00873244
 0.00017142 -0.00887745 -0.00225652 0.00108595
 -5.731e-05 0.0440351 -0.00144819 -0.00197279
 5.36781e-05 0.049654 -0.0144205 0.00244769
 -0.000319629 -0.0480044 -0.0262987 0.0032774
 4.03115e-05 0.0157504 0.00609887 -0.00113703
 0.000633249 0.0593943 0.0463804 -0.00704215
 -0.000120771 -0.0250801 -0.00898133 0.00239645
 7.2465e-05 -0.00678931 -0.00167059 0.000771422
 0.000115636 0.00475571 0.00483836 -0.00110018
 2.33331e-05 0.00218714 0.000301953 -0.000223498
 -2.36067e-05 -0.005402 -0.00866946 0.00248348
 4.6443e-05 -0.0146644 -0.0120537 0.00421717
 0.000128337 -0.0139723 -0.00494108 0.0022562
 -2.72125e-05 -0.0085153 0.00312123 -0.000663882
 0.000299734 0.0331447 0.0283498 -0.00415879
 0.000696307 0.0604004 0.0588551 -0.00937788
 0.00103201 0.0577714 0.0702056 -0.012257
 0.000375106 -0.0198861 0.0165495 -0.00107586
 0.000282903 -0.0251186 -0.0100828 0.0038406
 5.48496e-05 -0.0083564 -0.0177015 0.00489345
 -6.34368e-05 -0.0233611 -0.0226688 0.00758241
 5.57241e-05 -0.0419127 -0.0193114 0.00829352
 0.00041162 -0.0600047 -0.00878111 0.00634736
 0.000588869 -0.0667082 0.0067607 0.00116811
 0.00141652 0.0811015 0.0958313 -0.0163931
 0.00133882 0.0700847 0.0999423 -0.0185697
 0.00135922 0.0441648 0.0785382 -0.0164263
 0.000672599 -0.0358835 -0.0015827 0.00286303
 2.73486e-05 -0.0993757 -0.0481909 0.0191955
 0.000223933 -0.128747 -0.0597424 0.0254808
 0.00056316 -0.0716219 -0.0396231 0.0167172
 0.000478815 -0.0232036 -0.024369 0.00913969
 0.00124165 -0.0892745 0.00609234 0.0028277
 0.00171375 0.0669744 0.111 -0.0228586
 0.00180818 0.073325 0.105157 -0.0254478
 0.000531621 -0.0474428 0.0254486 -0.00251617
 0.000473505 -0.124599 -0.0427824 0.0204324
 0.00102322 -0.204962 -0.0639742 0.0335758
 0.00172247 -0.176562 -0.0522189 0.0293839
 0.00225466 -0.135589 -0.0323355 0.0205863
 0.0026274 -0.145444 0.00617757 0.00744555
 0.000972806 -0.0174 0.0663484 -0.0137044
 0.000656256 -0.0440852 0.0396715 -0.00740154
 0.000638435 -0.0989094 -0.0057031 0.00863082
 0.00130436 -0.174657 -0.031313 0.0228106
 0.00283912 -0.250433 -0.0196515 0.0257747
 0.00521872 -0.313363 0.0101285 0.0213701
 0.0056291 -0.268943 0.0466443 0.00361732
 0.000672426 -0.0669739 0.0310534 -0.00456258
 0.000657545 -0.138297 0.0119664 0.00611299
 0.00146245 -0.183256 0.00276162 0.0132494
 0.00193101 -0.162608 0.014697 0.00778482
 0.0067153 -0.374431 0.0626879 0.00944536
 0.00666771 -0.327739 0.106205 -0.0120861
 0.000995068 -0.181323 0.0269768 0.00476065
 0.00113811 -0.169637 0.0330463 0.00183233
 0.0026229 -0.237711 0.0591752 -0.000792725
 0.00364909 -0.247451 0.0817148 -0.00851857
 0.00663743 -0.417388 0.195715 -0.0375457
 0.00241916 -0.259522 0.0647907 -0.000830928
 0.0021478 -0.225202 0.0782047 -0.00914759
 0.00253679 -0.229173 0.100441 -0.0176146
 0.00592735 -0.428414 0.232275 -0.0506626
 0.0015058 -0.217923 0.100025 -0.0185914
 0.00297533 -0.288366 0.151935 -0.0319353
 0.00491735 -0.438222 0.271318 -0.0655333
 0.00416733 -0.392332 0.239463 -0.0566198
 0.0018944 -0.493456 0.354453 -0.0948894
 -0.00325261 -0.48715 0.392177 -0.113187

Fourier series term #5
 -3.03765e-07 -1.2096e-05 -3.20223e-05 3.42568e-06
 -7.12695e-06 -0.00121953 -0.000559091 6.41136e-05
 1.19094e-05 0.00146703 0.00086811 -0.000109087
 -2.60043e-05 -0.00183892 -0.00161663 0.000214116
 -0.000108239 -0.00842865 -0.0069034 0.00112519
 0.000236269 0.0159755 0.0138352 -0.00272975
 -8.38261e-05 -0.00631862 -0.00479361 0.00122344
 -0.000129922 -0.0155871 -0.00973066 0.0030848
 3.74254e-05 0.0073832 0.00257948 -0.00110544
 -1.23359e-05 0.0258694 0.00560511 -0.00305314
 -6.76419e-05 0.017861 -0.000322058 -0.000832728
 0.000105225 -0.0110625 0.00351829 -0.000602164
 4.15639e-05 -0.00336049 0.00129472 8.58518e-05
 -0.000277324 -0.0267362 -0.0203597 0.00263938
 6.14232e-06 0.0163072 0.00606829 -0.00130229
 0.000301662 0.0151397 0.0170264 -0.00285157
 -7.83802e-05 -0.00917527 -0.00582716 0.00140967
 -3.04711e-05 -0.00258646 2.10535e-05 0.000220176
 4.95547e-05 0.00313997 0.00120837 -0.000465194
 2.91037e-05 0.000712215 -0.00253805 0.000583108
 2.05145e-05 -0.00130525 -0.00214117 0.000669673
 -3.04643e-05 0.00155323 0.00145193 -0.000523338
 -6.9224e-05 0.00433325 0.000663077 -0.000420389
 -0.000174818 -0.0124104 -0.0121273 0.00165123
 0.000316367 0.0406536 0.0270771 -0.00512548
 0.000325304 0.0431277 0.0373728 -0.007363
 0.000458018 0.02383 0.031463 -0.00647468
 2.66059e-05 -0.028093 -0.00755541 0.00349265
 0.000168661 -0.000512264 0.00650319 -0.00142043
 0.000162719 0.021184 0.0100601 -0.00400319
 5.78893e-05 0.0313476 0.00352928 -0.00298713
 0.000223585 0.0114902 -0.00726538 0.0017147
 0.000780213 -0.0307896 0.000692313 0.00162044
 6.83144e-05 0.019746 0.0186954 -0.00353656
 0.000380231 0.0483853 0.0452317 -0.00958889
 0.000869664 0.06693 0.0754115 -0.0174695
 0.000472896 -0.00247302 0.0330621 -0.00672917
 0.000479014 -0.0123524 0.00296631 0.000330229
 0.000437084 -0.0201229 -0.00760116 0.00377138
 0.00022408 0.00808582 0.00334765 -0.00127054
 0.000122804 0.00696008 0.00157525 -0.0006788
 0.0010107 -0.0438862 0.00652127 0.000658054
 0.000560555 0.0450077 0.0605194 -0.0131192
 0.00093066 0.0709759 0.0940321 -0.023239
 0.00115688 0.088531 0.0977411 -0.0285546
 0.000629109 -0.0147892 0.0357363 -0.00831952
 0.000867963 -0.0550648 0.00797934 0.00207654
 0.00101412 -0.0634648 0.00236783 0.0045374
 0.00122913 -0.0754671 0.0130978 0.00173625
 0.00188419 -0.0909455 0.0219369 -0.000908781
 0.00133661 0.0935005 0.116475 -0.0324879
 0.000907315 0.0903834 0.111347 -0.0346329
 0.00035694 0.023497 0.0781942 -0.0242847
 0.0004095 -0.0203018 0.0576046 -0.0159373
 0.00113817 -0.0686126 0.0337161 -0.00518372
 0.00266794 -0.157264 0.0457859 -0.0026215
 0.00297848 -0.175001 0.0712058 -0.0116555
 0.000377462 0.0768928 0.128208 -0.0419148
 -2.10541e-05 0.0358605 0.0823945 -0.0285681
 -0.00102023 0.0667602 0.0943123 -0.0368187
 -0.000340057 -0.0317887 0.0743545 -0.0230758
 0.00133876 -0.138268 0.0855734 -0.0187783
 0.00115386 -0.128339 0.0917111 -0.0231183
 -0.00193739 0.0736595 0.114275 -0.0458692
 -0.00184001 0.011854 0.0993601 -0.0367037
 -0.00201795 -0.00558616 0.0830223 -0.0305369
 -0.00285601 -0.00836473 0.0770822 -0.0292246
 -0.00212363 -0.104391 0.112845 -0.0347739
 -0.00201984 -0.0208698 0.0975922 -0.0345099
 -0.0030994 0.00385875 0.0841963 -0.033181
 -0.004678 0.0136816 0.0777225 -0.0328427
 -0.00432007 -0.0145471 0.0672771 -0.0263677
 -0.00461172 -0.0104007 0.0967761 -0.0379865
 -0.00706944 0.0779223 0.0381988 -0.0250549
 -0.00658392 0.0152987 0.0497828 -0.0232584
 -0.00837699 0.0598511 0.0345169 -0.0224192
 -0.00764582 -0.0058375 0.0563949 -0.0242502
 -0.00965897 -0.0728309 0.101932 -0.0364374


