**************************************************************
***  MERIS LUT-169: Fourier series terms (s0,..,s5)[TERM]] ***
***                 of polynomial coefficients (k0,..,k3)  ***
***                 for each of 81 aerosol models [IAER],  ***
***                 & for each of 78 geometries [SVZA]     ***
***  - - - - - - - - - - - - - - - - - - - - - - - - - - - ***
***  => useful for multiplicative aer.scat.fct. retrieval  ***
**************************************************************

12 Gaussian angles (deg): SZA/VZA
------------------------         

 2.84 17.64 28.77 36.19 43.61 51.03 58.46 65.88 69.59 73.30 77.01 80.72

Coefficients: [SVZA x (k0,k1,k2,k3)]
------------                        

 Aerosol model #66
 - - - - - - -  

Fourier series term #0
 1.0119 0.884375 0.444613 -0.0756146
 1.01905 1.34779 0.698157 -0.127787
 1.02513 1.68544 0.877408 -0.181076
 1.03009 1.95582 0.992134 -0.228043
 1.03545 2.26169 1.07181 -0.280943
 1.04033 2.5914 1.06846 -0.329836
 1.04325 2.93426 0.91488 -0.354237
 1.04193 3.27314 0.512001 -0.311639
 1.0393 3.42915 0.174839 -0.241419
 1.03654 3.55951 -0.271876 -0.121261
 1.03802 3.62378 -0.810883 0.0557701
 1.05581 3.5066 -1.31771 0.259602
 1.02111 1.47485 0.769633 -0.154556
 1.02672 1.80213 0.914591 -0.205616
 1.03116 2.06514 0.997025 -0.248518
 1.03564 2.3535 1.03459 -0.293345
 1.03947 2.66717 0.991535 -0.33186
 1.04114 2.99145 0.807937 -0.3447
 1.03853 3.30919 0.39482 -0.292641
 1.03534 3.45862 0.0632046 -0.22045
 1.0321 3.58773 -0.371254 -0.10102
 1.03311 3.6569 -0.894043 0.0727161
 1.05025 3.55193 -1.38661 0.272278
 1.02509 2.04724 0.86422 -0.203959
 1.02841 2.28384 0.876345 -0.231252
 1.03178 2.55884 0.847458 -0.258531
 1.0342 2.84302 0.738958 -0.275474
 1.03435 3.13544 0.50745 -0.266466
 1.03026 3.43173 0.0757505 -0.197001
 1.02636 3.57648 -0.253288 -0.119119
 1.02241 3.70685 -0.678353 0.00333229
 1.02262 3.78541 -1.18791 0.177396
 1.03871 3.70084 -1.67023 0.37609
 1.03655 2.40538 0.866265 -0.256313
 1.03972 2.63189 0.794983 -0.27287
 1.042 2.88515 0.659689 -0.280385
 1.04188 3.14463 0.412831 -0.261787
 1.0377 3.41445 -0.0166046 -0.185216
 1.034 3.55229 -0.336346 -0.106009
 1.03051 3.67873 -0.746385 0.0156131
 1.03153 3.75685 -1.23564 0.186163
 1.04877 3.67575 -1.69516 0.379046
 1.03858 2.77877 0.663647 -0.271736
 1.03914 2.98566 0.490922 -0.264373
 1.03761 3.22508 0.225996 -0.234176
 1.03247 3.47984 -0.208078 -0.147635
 1.02864 3.61303 -0.52369 -0.0650019
 1.02537 3.73786 -0.923775 0.0578964
 1.02704 3.81747 -1.39692 0.226757
 1.04525 3.7418 -1.83711 0.415344
 1.03826 3.10947 0.27824 -0.237747
 1.03576 3.31072 -0.00675506 -0.192959
 1.03019 3.5595 -0.446688 -0.0951829
 1.02647 3.69086 -0.760216 -0.0079291
 1.02374 3.81425 -1.15277 0.117778
 1.02652 3.89169 -1.61002 0.285952
 1.04637 3.81402 -2.02564 0.469314
 1.03224 3.4367 -0.315562 -0.127871
 1.02655 3.66026 -0.766116 -0.014143
 1.02335 3.79296 -1.07958 0.0791731
 1.0218 3.91585 -1.4648 0.2086
 1.02671 3.98766 -1.90233 0.375707
 1.04963 3.89755 -2.28166 0.5506
 1.02171 3.80848 -1.21669 0.117539
 1.01988 3.91723 -1.52408 0.217925
 1.0207 4.02659 -1.89468 0.350569
 1.02948 4.0842 -2.29857 0.512586
 1.05777 3.9674 -2.61647 0.670143
 1.01947 3.99544 -1.81921 0.320811
 1.0225 4.07743 -2.16586 0.450392
 1.0343 4.11202 -2.53801 0.60551
 1.06649 3.96986 -2.80723 0.74807
 1.02849 4.11689 -2.4749 0.573208
 1.04456 4.10281 -2.7876 0.712003
 1.08153 3.9169 -2.98267 0.829788
 1.06616 4.01857 -3.01087 0.823103
 1.10844 3.76563 -3.09839 0.903049
 1.1549 3.42879 -3.04383 0.929645

Fourier series term #1
 -0.000408786 -0.0289473 -0.0152087 0.00257734
 -0.000638093 -0.0366329 -0.0210799 0.00384206
 -0.000743472 -0.0369288 -0.0192767 0.00405101
 -0.000853315 -0.0397142 -0.0166339 0.00406947
 -0.000912892 -0.0395973 -0.00945487 0.00310601
 -0.000926314 -0.037045 0.00182649 0.000889091
 -0.00087977 -0.0299618 0.0164292 -0.00295237
 -0.000832157 -0.0169226 0.0304212 -0.00797241
 -0.000859663 -0.00769728 0.0347337 -0.0102967
 -0.000965331 0.00351389 0.0351683 -0.0117298
 -0.00115785 0.0167779 0.0298003 -0.011351
 -0.0013176 0.0305401 0.0177645 -0.00832085
 -0.00360735 -0.205702 -0.112911 0.0226959
 -0.00451955 -0.228482 -0.107582 0.0248941
 -0.00502862 -0.236432 -0.0833926 0.0227995
 -0.00541183 -0.237392 -0.0397821 0.0160619
 -0.00549844 -0.218185 0.0269191 0.001708
 -0.00530036 -0.170495 0.108517 -0.0212623
 -0.00521223 -0.0882414 0.181131 -0.0492937
 -0.00552085 -0.0322619 0.200682 -0.0615357
 -0.00630496 0.0347629 0.197892 -0.0683656
 -0.00759749 0.112218 0.162472 -0.0647022
 -0.00864577 0.192566 0.0899773 -0.0460834
 -0.00628725 -0.356825 -0.117519 0.0299722
 -0.00725808 -0.374952 -0.0782664 0.0254562
 -0.00791695 -0.360464 -0.00787396 0.0126835
 -0.00830967 -0.31775 0.0834128 -0.0086124
 -0.00849032 -0.23294 0.183052 -0.0387599
 -0.00906425 -0.0965145 0.259002 -0.0720195
 -0.00996044 -0.00708676 0.26991 -0.0843948
 -0.0115994 0.0972579 0.247852 -0.0879866
 -0.0139792 0.21524 0.179513 -0.0759538
 -0.015899 0.336395 0.0602337 -0.0427266
 -0.00944809 -0.425091 -0.0471358 0.022937
 -0.0100704 -0.412121 0.0327202 0.0064701
 -0.0100972 -0.350584 0.136086 -0.020654
 -0.00987831 -0.246296 0.239536 -0.0553441
 -0.0101452 -0.0889075 0.309439 -0.0905321
 -0.0109582 0.0134273 0.313056 -0.10241
 -0.0125512 0.13204 0.279645 -0.103839
 -0.0148198 0.264984 0.195451 -0.0874998
 -0.016212 0.400131 0.0569877 -0.0478833
 -0.0110092 -0.423718 0.10329 -0.00951111
 -0.0113863 -0.356025 0.199313 -0.0380837
 -0.0116097 -0.228841 0.290607 -0.0735859
 -0.0126285 -0.0507128 0.337462 -0.105532
 -0.0139021 0.061228 0.325776 -0.113889
 -0.0159247 0.191272 0.274638 -0.110442
 -0.0184519 0.337227 0.170426 -0.0877543
 -0.0196187 0.482906 0.0123078 -0.0409623
 -0.0123797 -0.31198 0.267601 -0.0615701
 -0.0131284 -0.183419 0.330597 -0.0922413
 -0.0147322 0.011911 0.343774 -0.116902
 -0.0163149 0.131629 0.312124 -0.119591
 -0.0185669 0.267495 0.240255 -0.109239
 -0.0210393 0.417858 0.116169 -0.0789762
 -0.0215244 0.564511 -0.0571354 -0.0253961
 -0.0147103 -0.0886651 0.351151 -0.110836
 -0.0171303 0.100017 0.319325 -0.121722
 -0.0190049 0.224851 0.263636 -0.116358
 -0.0213285 0.364023 0.168218 -0.0970411
 -0.023429 0.512953 0.0247409 -0.0580731
 -0.0226787 0.650126 -0.157419 0.00139638
 -0.0203283 0.24073 0.239989 -0.112604
 -0.0223309 0.348525 0.161459 -0.0966686
 -0.0244128 0.479705 0.04369 -0.0666712
 -0.0255354 0.620706 -0.116065 -0.0184993
 -0.0226746 0.738639 -0.297002 0.0443597
 -0.0242184 0.437391 0.0737958 -0.0744679
 -0.0258431 0.550604 -0.0487881 -0.0397712
 -0.0260232 0.675219 -0.208551 0.0113223
 -0.021586 0.777408 -0.382243 0.0742089
 -0.0266302 0.634669 -0.16766 -0.00218338
 -0.0254123 0.730354 -0.316566 0.0489376
 -0.0189689 0.80435 -0.470355 0.107706
 -0.0220327 0.782744 -0.4385 0.0948747
 -0.0132002 0.81202 -0.553654 0.143217
 -0.00197036 0.784221 -0.610697 0.17362

Fourier series term #2
 -1.99117e-05 -0.0015093 -0.000752183 0.000127973
 -2.9137e-05 -0.00216183 -0.00122433 0.000220782
 -2.27821e-06 -0.00030996 -0.000434132 8.0132e-05
 -1.3874e-05 -0.0010906 -0.00101831 0.000215688
 -2.63659e-06 -0.000401912 -0.000862328 0.000192868
 -4.69685e-06 -0.000644662 -0.00111589 0.000285693
 -1.75291e-05 -0.00173575 -0.00142997 0.000451192
 2.62266e-06 -0.000771064 -0.000845351 0.000298675
 6.70625e-06 -0.000729121 -0.000616733 0.000244375
 1.26747e-06 -0.00150832 -0.000282088 0.000193819
 -8.16408e-06 -0.0022906 0.000321527 3.99515e-05
 -2.40655e-05 -0.00212169 0.000790763 -0.00014963
 -0.000615383 -0.048642 -0.0290998 0.00570633
 -0.000317239 -0.0295183 -0.0262343 0.00544933
 -0.000209732 -0.024471 -0.0298461 0.00660007
 -0.000205107 -0.0285823 -0.0378023 0.00921816
 -0.000178002 -0.0345277 -0.043423 0.0119387
 -0.000107138 -0.0433417 -0.0429344 0.013768
 6.30987e-05 -0.0539457 -0.0317183 0.0128256
 0.000195895 -0.0582895 -0.0209591 0.0104928
 0.000317089 -0.0607844 -0.00708502 0.00660995
 0.000305075 -0.0601278 0.00817025 0.00142597
 -9.06804e-05 -0.0537725 0.0203628 -0.00370443
 -0.000490483 -0.0778387 -0.0621482 0.0133297
 -0.000343813 -0.0802238 -0.0755944 0.0174301
 -0.000163303 -0.0839541 -0.0867876 0.021989
 -3.9127e-05 -0.102231 -0.0947731 0.0272604
 0.000202211 -0.126188 -0.0881534 0.0300396
 0.000714217 -0.148275 -0.0575504 0.0260244
 0.0010599 -0.156777 -0.031838 0.0200285
 0.0013571 -0.161457 -5.16215e-05 0.0108258
 0.00132348 -0.159198 0.0341456 -0.00105033
 0.000348959 -0.143938 0.0610918 -0.0126511
 -0.000987325 -0.120371 -0.113102 0.0285308
 -0.000966498 -0.141254 -0.13187 0.0365152
 -0.000787614 -0.16307 -0.136599 0.0426164
 -0.000428503 -0.195505 -0.121853 0.0450155
 0.000370674 -0.227283 -0.0755089 0.037948
 0.000937304 -0.238177 -0.0384475 0.0287914
 0.00144125 -0.243989 0.00660714 0.0152621
 0.00146322 -0.240898 0.0550835 -0.00198903
 0.000112441 -0.219919 0.093726 -0.0189327
 -0.000917164 -0.206778 -0.163379 0.0502788
 -0.000605636 -0.248722 -0.165503 0.0577438
 0.000116434 -0.286162 -0.1377 0.0578207
 0.00133376 -0.32382 -0.0740351 0.046346
 0.00208791 -0.338584 -0.0261118 0.0338636
 0.00271156 -0.347013 0.0316845 0.0158687
 0.0026545 -0.343491 0.0936156 -0.00683597
 0.000729569 -0.31657 0.142901 -0.0291192
 -0.000382463 -0.337052 -0.168766 0.0683778
 0.000612297 -0.392491 -0.130238 0.0666273
 0.00226032 -0.432995 -0.0490743 0.049521
 0.00320364 -0.450302 0.00898383 0.0333393
 0.00393859 -0.461596 0.0779932 0.0109079
 0.0037726 -0.459371 0.151661 -0.0169635
 0.00120174 -0.428673 0.210165 -0.0442588
 0.00176395 -0.497011 -0.0831974 0.0644914
 0.00370817 -0.557421 0.0130596 0.0423401
 0.00477621 -0.576124 0.0797163 0.0222323
 0.00549921 -0.588465 0.157509 -0.00451902
 0.00500654 -0.585625 0.238823 -0.0366988
 0.00155535 -0.551294 0.302346 -0.067736
 0.00574837 -0.674807 0.126558 0.0160614
 0.00672613 -0.710336 0.202111 -0.00750927
 0.00713114 -0.725751 0.285322 -0.0378272
 0.00589272 -0.720393 0.368047 -0.0725192
 0.0010173 -0.676998 0.426549 -0.104046
 0.00740929 -0.761317 0.282719 -0.032597
 0.0074149 -0.789335 0.369617 -0.0640692
 0.00564086 -0.78721 0.452412 -0.0994837
 -0.000236615 -0.73519 0.501508 -0.128791
 0.00686653 -0.834208 0.461969 -0.0970621
 0.00400401 -0.837166 0.540717 -0.131051
 -0.00311711 -0.782319 0.579872 -0.157096
 -0.000150942 -0.851757 0.617925 -0.163721
 -0.00888463 -0.79941 0.646172 -0.18516
 -0.0193712 -0.752211 0.660578 -0.199686

Fourier series term #3
 1.86054e-06 0.000136742 6.95949e-05 -1.18071e-05
 3.65333e-06 0.000249222 0.000131133 -2.3984e-05
 -5.43189e-06 -0.000363256 -0.000188699 3.88599e-05
 9.7229e-07 6.08216e-05 3.30628e-05 -7.74149e-06
 6.68762e-06 0.000427827 0.000203712 -5.36311e-05
 -1.07853e-05 -0.000680621 -0.000289126 8.82633e-05
 3.48834e-06 0.000249606 6.24301e-05 -2.65742e-05
 7.42373e-06 0.000595491 7.12428e-05 -5.06738e-05
 -4.49453e-06 -0.000374845 -4.6825e-05 3.46574e-05
 -1.03285e-05 -0.000998961 4.51134e-05 4.39184e-05
 -6.23445e-06 -0.00060602 0.000107949 -1.96916e-07
 6.7305e-06 0.000406962 -0.000171008 3.61108e-05
 -0.000343694 -0.0259652 -0.0132655 0.00266124
 -0.000137177 -0.0103465 -0.00507474 0.0011255
 -3.97543e-05 -0.00307218 -0.00137433 0.000313229
 -2.55636e-05 -0.0019588 -0.00140886 0.000311576
 -1.6022e-05 -0.00132383 -0.00238309 0.000555478
 1.59517e-05 3.97128e-05 -0.0037775 0.000946304
 5.87382e-05 -3.71807e-05 -0.00570029 0.0016623
 8.83771e-05 -0.00108745 -0.00628441 0.0020195
 0.000132674 -0.00247646 -0.00609512 0.002172
 0.000190468 -0.00378298 -0.0049575 0.00197912
 0.000233416 -0.00480448 -0.00302368 0.00141491
 -0.000337704 -0.0342333 -0.014908 0.0033847
 -0.000223709 -0.0235792 -0.0107778 0.00257085
 -7.56581e-05 -0.0101898 -0.0074584 0.00171241
 2.43309e-05 -0.004642 -0.0099968 0.00232733
 0.000134868 -0.00381584 -0.0156996 0.00413205
 0.000332647 -0.00605085 -0.02059 0.0062873
 0.000492337 -0.0088151 -0.0212055 0.00704958
 0.000704396 -0.0129729 -0.0193695 0.00712327
 0.000950668 -0.0182073 -0.0142163 0.0060247
 0.00112334 -0.0229862 -0.00613049 0.00357663
 -0.00044394 -0.0371658 -0.0194466 0.00499348
 -0.000269215 -0.0253998 -0.0195073 0.00504618
 -4.91972e-05 -0.0125632 -0.0226263 0.00587913
 0.000146895 -0.0101458 -0.0311291 0.00885233
 0.000475652 -0.0153799 -0.0380359 0.0123858
 0.00074333 -0.0206626 -0.0378596 0.0133863
 0.00109609 -0.0278521 -0.0333529 0.0130642
 0.00150862 -0.0350863 -0.0239467 0.0108107
 0.0017851 -0.0413265 -0.0104687 0.00653351
 -0.000289586 -0.0409905 -0.0337623 0.00953637
 -2.03298e-05 -0.0337952 -0.0421024 0.0123812
 0.000420648 -0.0263028 -0.0509339 0.0159463
 0.00104186 -0.0348076 -0.0564402 0.0200598
 0.0015173 -0.0430353 -0.0538928 0.0208602
 0.00211796 -0.0530816 -0.0452844 0.0196384
 0.00276985 -0.0633192 -0.029751 0.0155685
 0.00316548 -0.0711122 -0.00912159 0.00870123
 0.00015514 -0.0578602 -0.0617906 0.0202377
 0.000773371 -0.0613152 -0.0718835 0.0255605
 0.00182025 -0.0673066 -0.0721027 0.0287416
 0.00255644 -0.0762597 -0.065339 0.0285155
 0.00344184 -0.0885778 -0.0510227 0.0256623
 0.00434625 -0.101833 -0.0279818 0.0190922
 0.00481557 -0.111361 0.000819478 0.00904664
 0.00154103 -0.103593 -0.0832924 0.0342857
 0.00308274 -0.121152 -0.0756398 0.0362748
 0.00413149 -0.128818 -0.0627304 0.0339333
 0.00528082 -0.139346 -0.0417028 0.0284746
 0.00641632 -0.152662 -0.0108072 0.0187047
 0.00679863 -0.160904 0.0248801 0.00539616
 0.00512439 -0.184305 -0.052734 0.0364848
 0.0064384 -0.202763 -0.0305068 0.0314498
 0.0078174 -0.213786 -0.00111773 0.0224137
 0.00892895 -0.221418 0.0352702 0.00929766
 0.0089701 -0.221486 0.0727102 -0.00624202
 0.00782096 -0.235807 -0.000197371 0.0243147
 0.00920246 -0.255931 0.0358431 0.0131898
 0.0101926 -0.263091 0.0749789 -0.00156081
 0.00979535 -0.256384 0.110261 -0.0174566
 0.0104723 -0.288741 0.0805304 -0.000670068
 0.0110108 -0.302217 0.123673 -0.0168512
 0.0100103 -0.290641 0.155219 -0.0321577
 0.010853 -0.32443 0.17196 -0.0347435
 0.00900886 -0.313032 0.200783 -0.0492974
 0.00598228 -0.305813 0.227219 -0.0625561

Fourier series term #4
 1.39587e-06 0.000104281 5.22474e-05 -8.88062e-06
 1.70662e-06 0.000122415 6.32966e-05 -1.15498e-05
 -1.83547e-06 -0.000125946 -6.59691e-05 1.36029e-05
 4.91696e-06 0.000314571 0.000161183 -3.70158e-05
 -3.86498e-06 -0.000251482 -0.000118362 3.10537e-05
 -1.64644e-06 -0.000126766 -5.47015e-05 1.66135e-05
 8.0705e-06 0.00051093 0.000164319 -6.30893e-05
 -5.1764e-06 -0.000467422 -6.86084e-05 4.31105e-05
 -5.64823e-06 -0.000594395 -3.25008e-05 4.24453e-05
 7.16712e-07 -8.55698e-05 2.84237e-06 3.96033e-06
 7.42011e-06 0.000527606 -0.000116899 7.60195e-06
 1.09643e-05 0.000561298 -0.000203914 3.8949e-05
 -0.000179614 -0.0137083 -0.00697504 0.00140151
 -8.18187e-05 -0.00610895 -0.00310613 0.000695159
 -1.06816e-05 -0.000850803 -0.000295627 7.84581e-05
 -9.65475e-06 -0.000665259 -3.3872e-05 2.45854e-05
 -1.12446e-05 -0.000662334 8.59695e-05 -2.2238e-06
 -8.00184e-06 -0.000117296 0.000374591 -0.000103508
 -1.21986e-05 -2.13634e-05 0.000312976 -0.000103853
 -1.14818e-05 0.000116147 0.000155623 -6.76808e-05
 -7.55215e-06 0.000389911 -7.35541e-05 -1.05241e-05
 -1.68185e-06 0.000558577 -0.000313894 6.49312e-05
 8.37481e-06 0.000478748 -0.000444603 0.000125385
 -0.000239667 -0.0240478 -0.0103037 0.00239915
 -0.000160453 -0.0159604 -0.00601 0.00156901
 -6.81005e-05 -0.00579079 -0.000865236 0.000329672
 -5.68376e-05 -0.00285888 0.00108601 -0.000204654
 -6.51798e-05 -0.00167293 0.00162131 -0.000427224
 -6.40777e-05 0.000680826 0.00121165 -0.000473248
 -6.27156e-05 0.00157584 0.000466121 -0.000311535
 -5.31877e-05 0.00203576 -0.000533511 -1.53971e-05
 -2.3667e-05 0.00189569 -0.00147034 0.000335419
 3.54261e-05 0.0010267 -0.00180701 0.00054847
 -0.000341735 -0.0275411 -0.0100053 0.00289668
 -0.000256672 -0.0194091 -0.00459575 0.00163972
 -0.000149174 -0.00799426 0.00131813 -0.000129529
 -0.000126581 -0.00255549 0.00307253 -0.000885837
 -0.00013755 0.000446703 0.00188344 -0.000775834
 -0.000134648 0.00157567 0.000417144 -0.00039685
 -0.000107438 0.00320831 -0.00148054 0.000145272
 -5.45553e-05 0.00353247 -0.00316978 0.000764169
 3.54757e-05 0.00131753 -0.00335408 0.00105478
 -0.000393835 -0.0324233 -0.00665702 0.00274406
 -0.000318703 -0.0214104 -0.000666119 0.000907303
 -0.0002561 -0.00727104 0.00347932 -0.00091544
 -0.000243907 0.000561532 0.00177392 -0.000902073
 -0.000240846 0.00164834 -0.000286187 -0.000302518
 -0.000202224 0.00243139 -0.00262046 0.000485889
 -0.0001127 0.00214949 -0.00444353 0.00124829
 3.44504e-05 -9.05957e-05 -0.00449457 0.00154248
 -0.000480669 -0.0345131 -0.00162764 0.00185565
 -0.000437822 -0.0212353 0.00161429 0.000311405
 -0.000392303 -0.00493253 0.000701923 -0.000348293
 -0.000373517 -0.00127322 -0.00144764 0.000169993
 -0.000321907 -0.000571223 -0.00356804 0.000956038
 -0.00019964 -0.00165736 -0.00483716 0.00163975
 -6.06002e-06 -0.0042913 -0.00416521 0.00173261
 -0.000629553 -0.0355087 0.000249518 0.00177031
 -0.000521729 -0.0251487 0.00107474 0.000966513
 -0.000496705 -0.0163298 -0.000607229 0.00103897
 -0.000486756 -0.0100679 -0.002991 0.00154344
 -0.000239866 -0.0107964 -0.00227309 0.00146932
 -0.00016318 -0.0110066 -0.00176876 0.00145297
 -0.000592428 -0.0472582 0.00572575 0.00141293
 -0.000552338 -0.0461223 0.00768149 0.000802256
 -0.000492736 -0.0395622 0.00834646 0.00012041
 -0.000402144 -0.0319019 0.00811449 -0.000424781
 -0.0003519 -0.028365 0.00957669 -0.00130078
 -0.000507359 -0.0585577 0.0151186 -0.000704632
 -0.000482807 -0.0584536 0.0195164 -0.00227393
 -0.000505822 -0.050671 0.0206403 -0.00344565
 -0.000599728 -0.0426897 0.0209292 -0.0044246
 -0.000547044 -0.0710077 0.0309605 -0.00547575
 -0.00070397 -0.0712544 0.0376226 -0.00815614
 -0.00105665 -0.0611975 0.0373826 -0.00923832
 -0.00120118 -0.0827589 0.0520267 -0.0129594
 -0.00194957 -0.0788783 0.0564645 -0.0154017
 -0.00331839 -0.0835614 0.0677692 -0.0199664

Fourier series term #5
 2.76905e-07 2.06976e-05 1.03624e-05 -1.77827e-06
 -1.31871e-06 -9.23386e-05 -4.8196e-05 8.80011e-06
 1.5459e-06 0.000102173 5.36937e-05 -1.11105e-05
 -2.03021e-07 -1.16075e-05 -5.3752e-06 1.25125e-06
 -2.16998e-06 -0.000138909 -6.73916e-05 1.7595e-05
 3.24308e-06 0.000204392 8.48588e-05 -2.62496e-05
 -1.07204e-06 -7.00412e-05 -1.8525e-05 7.6231e-06
 -2.27494e-06 -0.000186341 -3.36504e-05 1.90535e-05
 1.40183e-06 0.000104246 1.07273e-06 -6.05947e-06
 3.25901e-06 0.000303071 -2.26963e-05 -1.04813e-05
 1.99049e-06 0.000187163 -3.75874e-05 1.43882e-06
 -1.8843e-06 -0.000119183 4.74391e-05 -9.69816e-06
 -8.5405e-05 -0.00660775 -0.00331594 0.00066741
 -4.77114e-05 -0.00357441 -0.00184312 0.000411306
 -1.01222e-05 -0.000718915 -0.000362068 8.93471e-05
 3.84428e-06 0.000216673 9.87546e-05 -2.75775e-05
 -3.18979e-06 -0.000261765 -9.19809e-05 3.16755e-05
 -2.46593e-06 -0.000165736 9.24962e-06 5.4103e-06
 5.81299e-07 6.23067e-05 5.6815e-05 -1.98277e-05
 -1.84231e-06 -0.000100899 5.57506e-05 -1.15552e-05
 -4.53922e-06 -0.000218351 0.000108699 -2.25881e-05
 -5.33593e-06 -7.44634e-05 0.000118814 -3.69785e-05
 -3.54835e-06 0.000170361 1.50502e-05 -1.68792e-05
 -0.0001676 -0.0170055 -0.00751194 0.00173962
 -0.000104988 -0.0109492 -0.00468313 0.00119416
 -3.0054e-05 -0.00326209 -0.00121527 0.000358153
 -5.33818e-06 -0.000746307 -4.6802e-05 4.05097e-05
 -1.29559e-05 -0.0012339 0.000122586 2.32187e-05
 -1.99067e-05 -0.00101153 0.000607665 -0.000127274
 -2.29042e-05 -0.000489971 0.000755618 -0.000209624
 -2.84484e-05 9.92756e-06 0.000716331 -0.000238498
 -3.51188e-05 0.000307511 0.00051526 -0.000199201
 -3.704e-05 0.000452205 0.000233511 -0.00011211
 -0.000247916 -0.0206649 -0.00874596 0.00246109
 -0.00015968 -0.0138177 -0.00521557 0.00166499
 -5.12346e-05 -0.00473728 -0.000942185 0.000428359
 -3.85416e-05 -0.00284093 0.000728713 -6.6042e-05
 -4.92145e-05 -0.002296 0.00160611 -0.000366825
 -5.99435e-05 -0.0018303 0.00190265 -0.000508991
 -7.20226e-05 -0.000436274 0.00187519 -0.00061502
 -8.56411e-05 0.000756322 0.00132904 -0.000528001
 -8.39513e-05 0.00129564 0.000521155 -0.000279387
 -0.000248599 -0.0252216 -0.00819028 0.00298485
 -0.000171018 -0.0179428 -0.0035749 0.00174598
 -9.25086e-05 -0.00781114 0.00133394 7.77038e-06
 -0.000111822 -0.00394089 0.00352906 -0.000900432
 -0.000131204 -0.00257577 0.00376544 -0.00110969
 -0.000159903 -0.00105428 0.00350997 -0.00117642
 -0.000189607 0.000529323 0.00261421 -0.00101168
 -0.000186911 0.00210684 0.00102802 -0.000553584
 -0.000270645 -0.0312431 -0.00394012 0.0026742
 -0.000225126 -0.0224532 0.00185452 0.000704378
 -0.000217523 -0.0090381 0.00592733 -0.00141324
 -0.000249474 -0.00455033 0.00621888 -0.00188646
 -0.00029196 -0.00122568 0.00537235 -0.00190727
 -0.000337116 0.000937267 0.00387524 -0.00158238
 -0.00034988 0.00266626 0.00182595 -0.00095931
 -0.000376148 -0.0363142 0.00483404 0.000852387
 -0.000331377 -0.0248685 0.0102445 -0.00186199
 -0.000424182 -0.0136 0.00968692 -0.00248037
 -0.000507885 -0.00582461 0.00827306 -0.00271073
 -0.000528942 -0.000562618 0.00601692 -0.00241878
 -0.000603243 0.0042254 0.00155492 -0.00102832
 -0.000522359 -0.0393968 0.0169921 -0.00303157
 -0.000610885 -0.0350402 0.0186197 -0.00403893
 -0.000725999 -0.023069 0.0163454 -0.00433894
 -0.000838348 -0.00998305 0.0110014 -0.00357792
 -0.000868975 -0.000652301 0.00490526 -0.00206925
 -0.000709494 -0.0406427 0.0231558 -0.0052879
 -0.000855775 -0.0344762 0.0230446 -0.0059064
 -0.00102858 -0.0209455 0.0175906 -0.00517332
 -0.00106957 -0.0069668 0.00890848 -0.00311349
 -0.00105368 -0.0399883 0.0280434 -0.00739963
 -0.00124875 -0.0323085 0.0257268 -0.00737188
 -0.00136803 -0.0173533 0.0165092 -0.0052292
 -0.00158408 -0.0365148 0.0303444 -0.00893358
 -0.00180655 -0.0275222 0.0247883 -0.00764257
 -0.00228181 -0.0289611 0.0271161 -0.00855533


