0 0.023717904 0.182297565567734 0.205394843336714 0.228492121105695 0.251589398874676 0.274686676643657 0.297783954412638 0.287874155602279 0.277964356791919 0.26805455798156 0.258144759171201 0.248234960360842 0.240962376615395 0.233689792869949 0.226417209124503 0.219144625379056 0.21187204163361 0.205957146420435 0.200042251207259 0.194127355994084 0.188212460780909 0.182297565567734 0.176798577082615 0.171299588597497 0.165800600112378 0.16030161162726 0.154802623142141                                     
1 0.041972718 0.0728864905325561 0.0707700824743726 0.0686536744161891 0.0665372663580056 0.0644208582998221 0.0623044502416386 0.0632018539738724 0.0640992577061063 0.0649966614383401 0.0658940651705739 0.0667914689028078 0.0674587495123785 0.0681260301219493 0.0687933107315201 0.0694605913410909 0.0701278719506617 0.0706795956670405 0.0712313193834194 0.0717830430997983 0.0723347668161772 0.0728864905325561 0.0734050820999442 0.0739236736673324 0.0744422652347206 0.0749608568021088 0.075479448369497                                     
2 0.03629344 0.0608868203354714 0.0591716872814249 0.0574565542273784 0.0557414211733318 0.0540262881192853 0.0523111550652388 0.0530478955773189 0.053784636089399 0.0545213766014791 0.0552581171135593 0.0559948576256394 0.0565348244571625 0.0570747912886855 0.0576147581202086 0.0581547249517316 0.0586946917832547 0.059133117493698 0.0595715432041414 0.0600099689145847 0.0604483946250281 0.0608868203354714 0.0612939551918246 0.0617010900481778 0.062108224904531 0.0625153597608842 0.0629224946172374                                     
3 0.032065383 0.051969768581451 0.0505058217467488 0.0490418749120466 0.0475779280773444 0.0461139812426421 0.04465003440794 0.0452788771313146 0.0459077198546893 0.046536562578064 0.0471654053014387 0.0477942480248134 0.0482551351449044 0.0487160222649954 0.0491769093850864 0.0496377965051774 0.0500986836252684 0.0504729006165049 0.0508471176077414 0.0512213345989779 0.0515955515902144 0.051969768581451 0.0523172773550991 0.0526647861287473 0.0530122949023956 0.0533598036760437 0.0537073124496919                                     
4 0.028884083 0.045215647445459 0.0439419588037047 0.0426682701619505 0.0413945815201963 0.040120892878442 0.0388472042366878 0.0393943209865765 0.0399414377364652 0.040488554486354 0.0410356712362427 0.0415827879861314 0.0419837770631085 0.0423847661400855 0.0427857552170626 0.0431867442940396 0.0435877333710167 0.0439133161859051 0.0442388990007936 0.0445644818156821 0.0448900646305705 0.045215647445459 0.045517993109532 0.0458203387736051 0.0461226844376781 0.0464250301017511 0.0467273757658242                                     
5 0.02645868 0.0398612094341883 0.0387383510307085 0.0376154926272287 0.036492634223749 0.0353697758202692 0.0342469174167894 0.0347292445885627 0.035211571760336 0.0356938989321093 0.0361762261038826 0.0366585532756559 0.0370120572169073 0.0373655611581587 0.0377190650994101 0.0380725690406615 0.038426072981913 0.038713100272368 0.0390001275628231 0.0392871548532782 0.0395741821437332 0.0398612094341883 0.0401277513177624 0.0403942932013364 0.0406608350849105 0.0409273769684846 0.0411939188520587                                     
6 0.02457999 0.03549155701591 0.0344917882278181 0.0334920194397262 0.0324922506516343 0.0314924818635424 0.0304927130754505 0.0309221667362978 0.0313516203971452 0.0317810740579925 0.0322105277188398 0.0326399813796872 0.0329547336279095 0.0332694858761319 0.0335842381243543 0.0338989903725766 0.034213742620799 0.0344693054998212 0.0347248683788434 0.0349804312578656 0.0352359941368878 0.03549155701591 0.0357288801326011 0.0359662032492922 0.0362035263659833 0.0364408494826743 0.0366781725993654                                     
7 0.023097546 0.0318513074703955 0.0309540816018728 0.0300568557333502 0.0291596298648276 0.028262403996305 0.0273651781277824 0.0277505841720932 0.0281359902164041 0.028521396260715 0.0289068023050258 0.0292922083493367 0.0295746775188531 0.0298571466883695 0.030139615857886 0.0304220850274024 0.0307045541969188 0.0309339048516141 0.0311632555063095 0.0313926061610048 0.0316219568157001 0.0318513074703955 0.0320642891537905 0.0322772708371856 0.0324902525205806 0.0327032342039757 0.0329162158873707                                     
8 0.021903098 0.0287708531464191 0.0279604012135926 0.0271499492807662 0.0263394973479397 0.0255290454151132 0.0247185934822867 0.0250667255240535 0.0254148575658203 0.025762989607587 0.0261111216493538 0.0264592536911206 0.0267144042529021 0.0269695548146837 0.0272247053764652 0.0274798559382468 0.0277350065000283 0.0279421758293065 0.0281493451585846 0.0283565144878628 0.028563683817141 0.0287708531464191 0.0289632366063927 0.0291556200663662 0.0293480035263398 0.0295403869863134 0.0297327704462869                                     
9 0.02091875 0.0261315103337598 0.0253954065779938 0.0246593028222278 0.0239231990664618 0.0231870953106958 0.0224509915549299 0.022767187115786 0.0230833826766421 0.0233995782374983 0.0237157737983544 0.0240319693592105 0.0242637132532107 0.0244954571472109 0.0247272010412111 0.0249589449352113 0.0251906888292115 0.0253788531301212 0.0255670174310308 0.0257551817319405 0.0259433460328502 0.0261315103337598 0.0263062451720616 0.0264809800103633 0.0266557148486651 0.0268304496869669 0.0270051845252686                                     
10 0.020088426 0.0238469697590375 0.0231752196849292 0.0225034696108208 0.0218317195367125 0.0211599694626042 0.0204882193884959 0.0207767716337114 0.0210653238789269 0.0213538761241423 0.0216424283693578 0.0219309806145733 0.0221424643582024 0.0223539481018314 0.0225654318454604 0.0227769155890894 0.0229883993327185 0.0231601134179823 0.0233318275032461 0.0235035415885099 0.0236752556737737 0.0238469697590375 0.0240064284490103 0.0241658871389831 0.0243253458289559 0.0244848045189288 0.0246442632089016                                     
11 0.019371742 0.0218525709712088 0.0212370015165697 0.0206214320619305 0.0200058626072914 0.0193902931526522 0.0187747236980131 0.0190391433907954 0.0193035630835777 0.0195679827763599 0.0198324024691422 0.0200968221619245 0.0202906188398089 0.0204844155176932 0.0206782121955776 0.020872008873462 0.0210658055513463 0.0212231586353188 0.0213805117192913 0.0215378648032638 0.0216952178872363 0.0218525709712088 0.0219986936180196 0.0221448162648303 0.0222909389116411 0.0224370615584519 0.0225831842052627                                     
12 0.018739597 0.0200987066025649 0.0195325421050971 0.0189663776076294 0.0184002131101616 0.0178340486126938 0.0172678841152261 0.0175110817614972 0.0177542794077684 0.0179974770540396 0.0182406747003107 0.0184838723465819 0.0186621151068723 0.0188403578671626 0.019018600627453 0.0191968433877434 0.0193750861480338 0.01951981023894 0.0196645343298462 0.0198092584207524 0.0199539825116587 0.0200987066025649 0.0202331015993874 0.02036749659621 0.0205018915930325 0.020636286589855 0.0207706815866776                                     
13 0.018171001 0.0185465676356596 0.0180241256520618 0.0175016836684639 0.0169792416848661 0.0164567997012682 0.0159343577176704 0.0161587742278763 0.0163831907380823 0.0166076072482883 0.0168320237584943 0.0170564402687002 0.0172209180868336 0.0173853959049669 0.0175498737231003 0.0177143515412336 0.017878829359367 0.0180123770146255 0.018145924669884 0.0182794723251425 0.0184130199804011 0.0185465676356596 0.0186705838695274 0.0187946001033952 0.0189186163372629 0.0190426325711307 0.0191666488049985                                     
14 0.017650798 0.0171652916265914 0.0166817590839343 0.0161982265412772 0.0157146939986201 0.0152311614559631 0.014747628913306 0.0149553317572598 0.0151630346012135 0.0153707374451673 0.0155784402891211 0.0157861431330748 0.0159383712849263 0.0160905994367777 0.0162428275886292 0.0163950557404806 0.0165472838923321 0.0166708854391839 0.0167944869860358 0.0169180885328876 0.0170416900797395 0.0171652916265914 0.0172800716151365 0.0173948516036816 0.0175096315922267 0.0176244115807718 0.0177391915693169                                     
15 0.017168029 0.0159299902541842 0.0154812551636498 0.0150325200731154 0.0145837849825809 0.0141350498920465 0.0136863148015121 0.0138790702962585 0.0140718257910049 0.0142645812857513 0.0144573367804977 0.0146500922752441 0.0147913653178558 0.0149326383604676 0.0150739114030793 0.015215184445691 0.0153564574883027 0.015471164041479 0.0155858705946553 0.0157005771478316 0.0158152837010079 0.0159299902541842 0.0160365100930937 0.0161430299320031 0.0162495497709126 0.0163560696098221 0.0164625894487316                                     
16 0.016714752 0.0148203487314846 0.0144028713555629 0.0139853939796413 0.0135679166037196 0.013150439227798 0.0127329618518763 0.0129122905022062 0.0130916191525362 0.0132709478028661 0.013450276453196 0.0136296051035259 0.0137610374348993 0.0138924697662728 0.0140239020976462 0.0141553344290196 0.0142867667603931 0.0143934831546114 0.0145001995488297 0.014606915943048 0.0147136323372663 0.0148203487314846 0.0149194486765737 0.0150185486216629 0.015117648566752 0.0152167485118411 0.0153158484569303                                     
17 0.016285195 0.0138196088254256 0.0134303214926352 0.0130410341598449 0.0126517468270546 0.0122624594942642 0.0118731721614739 0.0120403916948096 0.0122076112281452 0.0123748307614809 0.0125420502948166 0.0127092698281523 0.0128318272280828 0.0129543846280134 0.0130769420279439 0.0131994994278744 0.013322056827805 0.0134215672273291 0.0135210776268532 0.0136205880263773 0.0137200984259015 0.0138196088254256 0.0139120170744193 0.0140044253234131 0.0140968335724068 0.0141892418214005 0.0142816500703943                                     
18 0.015875151 0.0129138160821693 0.0125500442068378 0.0121862723315063 0.0118225004561748 0.0114587285808434 0.0110949567055119 0.0112512159980955 0.0114074752906791 0.0115637345832627 0.0117199938758463 0.0118762531684299 0.0119907776634576 0.0121053021584852 0.0122198266535129 0.0123343511485406 0.0124488756435683 0.0125418637312885 0.0126348518190087 0.0127278399067289 0.0128208279944491 0.0129138160821693 0.0130001675228689 0.0130865189635685 0.0131728704042681 0.0132592218449677 0.0133455732856673                                     
19 0.015481535 0.0120912532077757 0.0117506522710337 0.0114100513342917 0.0110694503975497 0.0107288494608077 0.0103882485240658 0.010534554670961 0.0106808608178563 0.0108271669647516 0.0109734731116468 0.0111197792585421 0.0112270089619126 0.0113342386652831 0.0114414683686536 0.0115486980720241 0.0116559277753946 0.0117429928618708 0.011830057948347 0.0119171230348232 0.0120041881212994 0.0120912532077757 0.0121721043773844 0.0122529555469931 0.0123338067166018 0.0124146578862105 0.0124955090558192                                     
20 0.015102073 0.011342007236755 0.0110225119600463 0.0107030166833376 0.0103835214066289 0.0100640261299203 0.00974453085321158 0.00988177100097399 0.0100190111487364 0.0101562512964988 0.0102934914442612 0.0104307315920236 0.01053131670514 0.0106319018182564 0.0107324869313729 0.0108330720444893 0.0109336571576057 0.0110153271734356 0.0110969971892654 0.0111786672050953 0.0112603372209251 0.011342007236755 0.0114178483869686 0.0114936895371823 0.0115695306873959 0.0116453718376095 0.0117212129878232                                     
21 0.014735075 0.0106576345431991 0.0103574174981592 0.0100572004531193 0.00975698340807946 0.00945676636303959 0.00915654931799972 0.00928550844392643 0.00941446756985315 0.00954342669577986 0.00967238582170658 0.00980134494763329 0.00989586079070268 0.00999037663377208 0.0100848924768415 0.0101794083199109 0.0102739241629803 0.010350666239024 0.0104274083150678 0.0105041503911115 0.0105808924671553 0.0106576345431991 0.0107288994653103 0.0108001643874216 0.0108714293095329 0.0109426942316441 0.0110139591537554                                     
22 0.014379271 0.0100308985211098 0.00974833612878009 0.00946577373645035 0.00918321134412061 0.00890064895179087 0.00861808655946113 0.00873946207672986 0.00886083759399859 0.00898221311126733 0.00910358862853606 0.00922496414580479 0.009313921862137 0.00940287957846921 0.00949183729480142 0.00958079501113362 0.00966975272746583 0.00974198188619463 0.00981421104492343 0.00988644020365223 0.00995866936238103 0.0100308985211098 0.0100979726170469 0.010165046712984 0.0102321208089211 0.0102991949048582 0.0103662690007953                                     
23 0.014033696 0.00945556198742003 0.00918920636530255 0.00892285074318506 0.00865649512106758 0.0083901394989501 0.00812378387683261 0.00823819772768301 0.0083526115785334 0.00846702542938379 0.00858143928023418 0.00869585313108457 0.0087797085503442 0.00886356396960384 0.00894741938886348 0.00903127480812311 0.00911513022738274 0.0091832165793902 0.00925130293139766 0.00931938928340512 0.00938747563541257 0.00945556198742003 0.00951878895263641 0.0095820159178528 0.00964524288306918 0.00970846984828556 0.00977169681350194                                     
24 0.0136976 0.00892622130802057 0.00867477678967049 0.00842333227132041 0.00817188775297033 0.00792044323462025 0.00766899871627017 0.00777700745808289 0.00788501619989561 0.00799302494170834 0.00810103368352106 0.00820904242533378 0.00828820345576055 0.00836736448618732 0.00844652551661409 0.00852568654704086 0.00860484757746763 0.00866912232357822 0.0087333970696888 0.00879767181579939 0.00886194656190998 0.00892622130802057 0.00898590870522729 0.00904559610243402 0.00910528349964075 0.00916497089684747 0.00922465829405419                                     
25 0.01337041 0.00843817269467149 0.00820047611559832 0.00796277953652516 0.007725082957452 0.00748738637837883 0.00724968979930567 0.00735179307285223 0.00745389634639879 0.00755599961994534 0.0076581028934919 0.00776020616703846 0.00783503900193905 0.00790987183683964 0.00798470467174023 0.00805953750664082 0.0081343703415414 0.00819513081216742 0.00825589128279344 0.00831665175341946 0.00837741222404547 0.00843817269467149 0.0084945966335305 0.00855102057238952 0.00860744451124854 0.00866386845010755 0.00872029238896657                                     
26 0.01305164 0.00798730356259339 0.00776230760653216 0.00753731165047094 0.00731231569440971 0.00708731973834849 0.00686232378228726 0.00695897146538882 0.00705561914849038 0.00715226683159195 0.00724891451469351 0.00734556219779507 0.00741639655855399 0.00748723091931292 0.00755806528007184 0.00762889964083076 0.00769973400158968 0.00775724791379042 0.00781476182599116 0.00787227573819191 0.00792978965039265 0.00798730356259339 0.00804071265294642 0.00809412174329944 0.00814753083365248 0.0082009399240055 0.00825434901435853                                     
27 0.0127409 0.00757000359368545 0.00735676264414588 0.00714352169460632 0.00693028074506675 0.00671703979552719 0.00650379884598762 0.00659539713102421 0.0066869954160608 0.00677859370109739 0.00687019198613398 0.00696179027117057 0.00702892386153675 0.00709605745190292 0.0071631910422691 0.00723032463263528 0.00729745822300145 0.00735196729713825 0.00740647637127505 0.00746098544541185 0.00751549451954865 0.00757000359368545 0.00762062230408496 0.00767124101448447 0.00772185972488398 0.0077724784352835 0.00782309714568301                                     
28 0.01243788 0.00718309142874958 0.00698074948558673 0.00677840754242387 0.00657606559926102 0.00637372365609817 0.00617138171293532 0.00625829829731889 0.00634521488170246 0.00643213146608603 0.0065190480504696 0.00660596463485317 0.00666966694510607 0.00673336925535896 0.00679707156561185 0.00686077387586475 0.00692447618611764 0.00697619923464403 0.00702792228317041 0.0070796453316968 0.00713136838022319 0.00718309142874958 0.0072311229547991 0.00727915448084862 0.00732718600689815 0.00737521753294767 0.00742324905899719                                     
29 0.01214229 0.00682375385467663 0.00663153416370986 0.0064393144727431 0.00624709478177633 0.00605487509080957 0.00586265539984281 0.00594522394064529 0.00602779248144778 0.00611036102225027 0.00619292956305276 0.00627549810385525 0.00633601367566047 0.0063965292474657 0.00645704481927092 0.00651756039107614 0.00657807596288137 0.00662721154124042 0.00667634711959947 0.00672548269795852 0.00677461827631758 0.00682375385467663 0.00686938258073107 0.00691501130678552 0.00696064003283996 0.0070062687588944 0.00705189748494885                                     
30 0.01185389 0.00648949505526891 0.00630669116746466 0.0061238872796604 0.00594108339185615 0.0057582795040519 0.00557547561624765 0.00565399957075566 0.00573252352526368 0.00581104747977169 0.00588957143427971 0.00596809538878772 0.00602564662999019 0.00608319787119266 0.00614074911239513 0.0061983003535976 0.00625585159480007 0.00630258028689384 0.0063493089789876 0.00639603767108137 0.00644276636317514 0.00648949505526891 0.00653288867678789 0.00657628229830687 0.00661967591982585 0.00666306954134484 0.00670646316286382                                     
31 0.01157246 0.00617809402365404 0.00600406205396678 0.00583003008427952 0.00565599811459226 0.005481966144905 0.00530793417521774 0.00538269012617047 0.0054574460771232 0.00553220202807592 0.00560695797902865 0.00568171392998138 0.00573650355171599 0.00579129317345061 0.00584608279518523 0.00590087241691984 0.00595566203865446 0.00600014843565438 0.00604463483265429 0.0060891212296542 0.00613360762665412 0.00617809402365404 0.00621940538478273 0.00626071674591143 0.00630202810704013 0.00634333946816883 0.00638465082929753                                     
32 0.01129779 0.00588756863666505 0.0057217205348743 0.00555587243308356 0.00539002433129282 0.00522417622950208 0.00505832812771134 0.00512956867383256 0.00520080921995378 0.00527204976607499 0.00534329031219621 0.00541453085831743 0.00546674399351809 0.00551895712871876 0.00557117026391942 0.00562338339912009 0.00567559653432075 0.00571799095478961 0.00576038537525847 0.00580277979572733 0.00584517421619619 0.00588756863666505 0.00592693732758947 0.0059663060185139 0.00600567470943832 0.00604504340036275 0.00608441209128717                                     
33 0.0110297 0.00561614520021032 0.00545794287964024 0.00529974055907015 0.00514153823850007 0.00498333591792998 0.0048251335973599 0.00489308987538397 0.00496104615340805 0.00502900243143212 0.0050969587094562 0.00516491498748027 0.00521472103930598 0.00526452709113169 0.0053143331429574 0.0053641391947831 0.00541394524660881 0.00545438523732911 0.00549482522804941 0.00553526521876972 0.00557570520949002 0.00561614520021032 0.00565369895087012 0.00569125270152992 0.00572880645218972 0.00576636020284952 0.00580391395350932                                     
34 0.01076802 0.00536223251331219 0.00521118271014638 0.00506013290698058 0.00490908310381477 0.00475803330064897 0.00460698349748316 0.00467186739035166 0.00473675128322016 0.00480163517608866 0.00486651906895716 0.00493140296182566 0.00497895722207689 0.00502651148232813 0.00507406574257936 0.00512162000283059 0.00516917426308183 0.0052077859131279 0.00524639756317397 0.00528500921322004 0.00532362086326612 0.00536223251331219 0.00539808841368621 0.00543394431406024 0.00546980021443426 0.00550565611480829 0.00554151201518231                                     
35 0.01051258 0.00512439968442806 0.00498004944192101 0.00483569919941397 0.00469134895690692 0.00454699871439988 0.00440264847189284 0.00446465454852498 0.00452666062515712 0.00458866670178926 0.00465067277842141 0.00471267885505355 0.00475812392585562 0.00480356899665769 0.00484901406745976 0.00489445913826183 0.0049399042090639 0.00497680330413673 0.00501370239920956 0.00505060149428239 0.00508750058935522 0.00512439968442806 0.00515866525648324 0.00519293082853842 0.0052271964005936 0.00526146197264878 0.00529572754470396                                     
36 0.01026322 0.00490135707955776 0.00476328976892277 0.00462522245828778 0.00448715514765279 0.0043490878370178 0.0042110205263828 0.0042703277509149 0.00432963497544699 0.00438894219997908 0.00444824942451117 0.00450755664904326 0.00455102369557041 0.00459449074209755 0.0046379577886247 0.00468142483515184 0.00472489188167899 0.00476018492125474 0.0047954779608305 0.00483077100040625 0.00486606403998201 0.00490135707955776 0.00493413122180278 0.00496690536404779 0.00499967950629281 0.00503245364853782 0.00506522779078284                                     
37 0.01001979 0.00469193989687904 0.00455977170086555 0.00442760350485206 0.00429543530883856 0.00416326711282507 0.00403109891681158 0.00408787215908684 0.0041446454013621 0.00420141864363735 0.00425819188591261 0.00431496512818787 0.00435657498572117 0.00439818484325446 0.00443979470078776 0.00448140455832106 0.00452301441585435 0.00455679951205929 0.00459058460826423 0.00462436970446917 0.0046581548006741 0.00469193989687904 0.0047233137190857 0.00475468754129235 0.00478606136349901 0.00481743518570567 0.00484880900791232                                     
38 0.00978214 0.00449509395424713 0.00436847075107286 0.00424184754789858 0.00411522434472431 0.00398860114155003 0.00386197793837576 0.00391636931246055 0.00397076068654535 0.00402515206063014 0.00407954343471493 0.00413393480879973 0.00417379896374328 0.00421366311868683 0.00425352727363038 0.00429339142857393 0.00433325558351748 0.00436562325766341 0.00439799093180934 0.00443035860595527 0.0044627262801012 0.00449509395424713 0.00452515151713632 0.00455520908002552 0.00458526664291471 0.00461532420580391 0.0046453817686931                                     
39 0.00955014 0.00430986334913575 0.0041884579440284 0.00406705253892105 0.0039456471338137 0.00382424172870635 0.003702836323599 0.00375498637698236 0.00380713643036571 0.00385928648374907 0.00391143653713242 0.00396358659051578 0.0040018080519767 0.00404002951343762 0.00407825097489854 0.00411647243635946 0.00415469389782038 0.00418572778808345 0.00421676167834653 0.0042477955686096 0.00427882945887268 0.00430986334913575 0.00433868232154857 0.00436750129396139 0.00439632026637421 0.00442513923878703 0.00445395821119985                                     
40 0.00932365 0.00413537970949058 0.00401888936902442 0.00390239902855827 0.00378590868809212 0.00366941834762596 0.00355292800715981 0.00360296677988647 0.00365300555261313 0.0037030443253398 0.00375308309806646 0.00380312187079312 0.00383979594683413 0.00387647002287514 0.00391314409891615 0.00394981817495716 0.00398649225099817 0.00401626974269665 0.00404604723439513 0.00407582472609362 0.0041056022177921 0.00413537970949058 0.00416303195368255 0.00419068419787453 0.0042183364420665 0.00424598868625848 0.00427364093045045                                     
41 0.00910253 0.00397085280157886 0.00385899705258069 0.00374714130358252 0.00363528555458435 0.00352342980558618 0.00341157405658801 0.00345962202674496 0.0035076699969019 0.00355571796705885 0.00360376593721579 0.00365181390737274 0.00368702889797168 0.00372224388857062 0.00375745887916956 0.0037926738697685 0.00382788886036744 0.00385648164860972 0.00388507443685201 0.00391366722509429 0.00394226001333658 0.00397085280157886 0.00399740489571127 0.00402395698984368 0.00405050908397609 0.0040770611781085 0.00410361327224091                                     
42 0.00888666 0.00381556229961113 0.00370808095990937 0.00360059962020761 0.00349311828050585 0.00338563694080409 0.00327815560110233 0.00332432453071634 0.00337049346033035 0.00341666238994435 0.00346283131955836 0.00350900024917237 0.00354283806619169 0.00357667588321101 0.00361051370023033 0.00364435151724965 0.00367818933426897 0.0037056639273374 0.00373313852040583 0.00376061311347426 0.0037880877065427 0.00381556229961113 0.00384107600520784 0.00386658971080454 0.00389210341640125 0.00391761712199796 0.00394313082759467                                     
43 0.00867592 0.00366885055350568 0.00356550196640581 0.00346215337930594 0.00335880479220608 0.00325545620510621 0.00315210761800634 0.00319650131143034 0.00324089500485435 0.00328528869827835 0.00332968239170235 0.00337407608512635 0.00340661280814445 0.00343914953116255 0.00347168625418065 0.00350422297719875 0.00353675970021685 0.00356317787087462 0.00358959604153238 0.00361601421219015 0.00364243238284792 0.00366885055350568 0.00369338323454984 0.00371791591559399 0.00374244859663814 0.0037669812776823 0.00379151395872645                                     
44 0.00847017 0.00353011621708956 0.00343067566533803 0.00333123511358649 0.00323179456183495 0.00313235401008342 0.00303291345833188 0.00307562844353149 0.0031183434287311 0.00316105841393071 0.00320377339913032 0.00324648838432992 0.00327779475996504 0.00330910113560015 0.00334040751123527 0.00337171388687038 0.0034030202625055 0.00342843945342231 0.00345385864433912 0.00347927783525594 0.00350469702617275 0.00353011621708956 0.00355372121651368 0.00357732621593779 0.0036009312153619 0.00362453621478602 0.00364814121421013                                     
45 0.0082693 0.00339880862039358 0.00330306689866963 0.00320732517694567 0.00311158345522171 0.00301584173349775 0.0029201000117738 0.00296122615351768 0.00300235229526157 0.00304347843700545 0.00308460457874934 0.00312573072049323 0.00315587261181873 0.00318601450314423 0.00321615639446973 0.00324629828579524 0.00327644017712074 0.00330091386577531 0.00332538755442988 0.00334986124308445 0.00337433493173901 0.00339880862039358 0.00342153559893856 0.00344426257748353 0.00346698955602851 0.00348971653457348 0.00351244351311845                                     
46 0.0080732 0.00327442278738312 0.00318218491513719 0.00308994704289126 0.00299770917064534 0.00290547129839941 0.00281323342615348 0.00285285447891747 0.00289247553168147 0.00293209658444546 0.00297171763720945 0.00301133868997344 0.00304037748174855 0.00306941627352366 0.00309845506529877 0.00312749385707388 0.00315653264884898 0.00318011067655581 0.00320368870426264 0.00322726673196946 0.00325084475967629 0.00327442278738312 0.0032963180291421 0.00331821327090108 0.00334010851266006 0.00336200375441905 0.00338389899617803                                     
47 0.00788175 0.00315649501516348 0.00306757907398588 0.00297866313280827 0.00288974719163067 0.00280083125045307 0.00271191530927547 0.00275010941665432 0.00278830352403318 0.00282649763141203 0.00286469173879088 0.00290288584616973 0.00293087881086497 0.00295887177556021 0.00298686474025545 0.00301485770495069 0.00304285066964592 0.00306557953874943 0.00308830840785295 0.00311103727695646 0.00313376614605997 0.00315649501516348 0.00317760170356496 0.00319870839196645 0.00321981508036794 0.00324092176876943 0.00326202845717092                                     
48 0.00769484 0.0030445989429648 0.00295883502468787 0.00287307110641093 0.00278730718813399 0.00270154326985705 0.00261577935158011 0.00265261949813333 0.00268945964468655 0.00272629979123978 0.002763139937793 0.00279998008434622 0.00282698071330719 0.00285398134226816 0.00288098197122912 0.00290798260019009 0.00293498322915106 0.00295690637191381 0.00297882951467656 0.00300075265743931 0.00302267580020206 0.0030445989429648 0.00306495741047004 0.00308531587797528 0.00310567434548052 0.00312603281298576 0.003146391280491                                     
49 0.00751236 0.00293834204948475 0.0028555713029521 0.00277280055641945 0.00269002980988681 0.00260725906335416 0.00252448831682151 0.00256004273753648 0.00259559715825145 0.00263115157896641 0.00266670599968138 0.00270226042039635 0.00272831872394463 0.00275437702749291 0.00278043533104118 0.00280649363458946 0.00283255193813774 0.00285370996040714 0.00287486798267654 0.00289602600494594 0.00291718402721535 0.00293834204948475 0.00295799000386374 0.00297763795824274 0.00299728591262174 0.00301693386700073 0.00303658182137973                                     
50 0.00733421 0.00283736252580667 0.00275743629172989 0.00267751005765311 0.00259758382357632 0.00251765758949954 0.00243773135542276 0.00247206390733961 0.00250639645925647 0.00254072901117332 0.00257506156309017 0.00260939411500703 0.00263455689480897 0.00265971967461092 0.00268488245441286 0.00271004523421481 0.00273520801401676 0.00275563891637474 0.00277606981873272 0.00279650072109071 0.00281693162344869 0.00283736252580667 0.00285633525550419 0.00287530798520171 0.00289428071489923 0.00291325344459675 0.00293222617429426                                     
51 0.00716028 0.00274132647839878 0.0026641055030033 0.00258688452760782 0.00250966355221233 0.00243244257681685 0.00235522160142136 0.00238839210141375 0.00242156260140614 0.00245473310139853 0.00248790360139092 0.00252107410138331 0.002545385198014 0.00256969629464469 0.00259400739127538 0.00261831848790608 0.00264262958453677 0.00266236896330917 0.00268210834208158 0.00270184772085398 0.00272158709962638 0.00274132647839878 0.0027596570391975 0.00277798759999623 0.00279631816079495 0.00281464872159367 0.00283297928239239                                     
52 0.00699048 0.00264992542287106 0.00257527914214097 0.00250063286141087 0.00242598658068078 0.00235134029995069 0.00227669401922059 0.00230875855145045 0.0023408230836803 0.00237288761591016 0.00240495214814002 0.00243701668036987 0.00246051719865078 0.00248401771693169 0.00250751823521259 0.0025310187534935 0.00255451927177441 0.00257360050199374 0.00259268173221307 0.0026117629624324 0.00263084419265173 0.00264992542287106 0.00266764480779612 0.00268536419272118 0.00270308357764625 0.00272080296257131 0.00273852234749637                                     
53 0.00682471 0.00256287403440809 0.00249067992169943 0.00241848580899077 0.00234629169628211 0.00227409758357346 0.0022019034708648 0.00223291466701699 0.00226392586316918 0.00229493705932138 0.00232594825547357 0.00235695945162576 0.00237968796601241 0.00240241648039906 0.00242514499478571 0.00244787350917236 0.00247060202355901 0.00248905642572882 0.00250751082789864 0.00252596523006846 0.00254441963223827 0.00256287403440809 0.00258001132858934 0.0025971486227706 0.00261428591695185 0.0026314232111331 0.00264856050531436                                     
54 0.00666286 0.00247990812526198 0.00241005109588846 0.00234019406651493 0.00227033703714141 0.00220048000776789 0.00213062297839437 0.00216063027343869 0.00219063756848301 0.00222064486352734 0.00225065215857166 0.00228065945361598 0.00230265219564928 0.00232464493768259 0.00234663767971589 0.00236863042174919 0.00239062316378249 0.00240848015607839 0.00242633714837428 0.00244419414067018 0.00246205113296608 0.00247990812526198 0.00249649064727224 0.0025130731692825 0.00252965569129275 0.00254623821330301 0.00256282073531327                                     
55 0.00650486 0.00240078282350607 0.00233315469062781 0.00226552655774954 0.00219789842487127 0.00213027029199301 0.00206264215911474 0.00209169202503051 0.00212074189094628 0.00214979175686205 0.00217884162277782 0.00220789148869359 0.00222918251829969 0.00225047354790578 0.00227176457751188 0.00229305560711797 0.00231434663672407 0.00233163387408047 0.00234892111143687 0.00236620834879327 0.00238349558614967 0.00240078282350607 0.00241683625452116 0.00243288968553624 0.00244894311655133 0.00246499654756641 0.0024810499785815                                     
56 0.0063506 0.00232527093052216 0.00225976990730271 0.00219426888408327 0.00212876786086382 0.00206326683764437 0.00199776581442492 0.00202590197405091 0.00205403813367691 0.0020821742933029 0.00211031045292889 0.00213844661255488 0.00215906797477857 0.00217968933700227 0.00220031069922596 0.00222093206144966 0.00224155342367335 0.00225829692504311 0.00227504042641287 0.00229178392778264 0.0023085274291524 0.00232527093052216 0.00234081943249787 0.00235636793447357 0.00237191643644927 0.00238746493842498 0.00240301344040068                                     
57 0.0062 0.0022531614375053 0.00218969168105758 0.00212622192460986 0.00206275216816215 0.00199928241171443 0.00193581265526671 0.00196307627820055 0.00199033990113439 0.00201760352406823 0.00204486714700208 0.00207213076993592 0.00209211263851792 0.00211209450709993 0.00213207637568194 0.00215205824426395 0.00217204011284595 0.00218826437777782 0.00220448864270969 0.00222071290764156 0.00223693717257343 0.0022531614375053 0.0022682277614346 0.0022832940853639 0.0022983604092932 0.0023134267332225 0.0023284930571518                                     
58 0.00605297 0.00218425818369341 0.00212272937682218 0.00206120056995096 0.00199967176307973 0.00193814295620851 0.00187661414933728 0.00190304403159921 0.00192947391386113 0.00195590379612306 0.00198233367838498 0.00200876356064691 0.00202813436970179 0.00204750517875667 0.00206687598781155 0.00208624679686643 0.00210561760592131 0.00212134572147573 0.00213707383703015 0.00215280195258457 0.00216853006813899 0.00218425818369341 0.00219886376889159 0.00221346935408978 0.00222807493928796 0.00224268052448615 0.00225728610968433                                     
59 0.00590943 0.00211837864112279 0.00205870560829964 0.00199903257547649 0.00193935954265334 0.00187968650983019 0.00182001347700704 0.00184564620599899 0.00187127893499093 0.00189691166398288 0.00192254439297482 0.00194817712196677 0.00196696368688362 0.00198575025180048 0.00200453681671733 0.00202332338163419 0.00204210994655104 0.00205736368546539 0.00207261742437974 0.00208787116329409 0.00210312490220844 0.00211837864112279 0.00213254370638656 0.00214670877165033 0.00216087383691409 0.00217503890217786 0.00218920396744163                                     
60 0.00576929 0.00205535281252352 0.00199745516690721 0.00193955752129091 0.00188165987567461 0.00182376223005831 0.00176586458444201 0.00179073469057106 0.00181560479670012 0.00184047490282917 0.00186534500895823 0.00189021511508728 0.00190844274365658 0.00192667037222587 0.00194489800079517 0.00196312562936446 0.00198135325793376 0.00199615316885171 0.00201095307976966 0.00202575299068761 0.00204055290160556 0.00205535281252352 0.00206909643992057 0.00208284006731762 0.00209658369471467 0.00211032732211172 0.00212407094950877                                     
61 0.00563248 0.00199502223054332 0.00193882404919127 0.00188262586783922 0.00182642768648717 0.00177022950513512 0.00171403132378307 0.00173817141997537 0.00176231151616768 0.00178645161235998 0.00181059170855228 0.00183473180474458 0.00185242439940972 0.00187011699407486 0.00188780958873999 0.00190550218340513 0.00192319477807027 0.00193756026856488 0.00195192575905949 0.0019662912495541 0.00198065674004871 0.00199502223054332 0.00200836244251002 0.00202170265447672 0.00203504286644342 0.00204838307841012 0.00206172329037683                                     
62 0.00549891 0.00193723904785813 0.00188266857256867 0.0018280980972792 0.00177352762198973 0.00171895714670026 0.0016643866714108 0.00168782758161561 0.00171126849182043 0.00173470940202525 0.00175815031223006 0.00178159122243488 0.00179877137447454 0.00181595152651419 0.00183313167855385 0.00185031183059351 0.00186749198263317 0.00188144139567816 0.00189539080872315 0.00190934022176815 0.00192328963481314 0.00193723904785813 0.00195019287821298 0.00196314670856782 0.00197610053892266 0.00198905436927751 0.00200200819963235                                     
63 0.0053685 0.00188186520892199 0.0018288545704078 0.00177584393189361 0.00172283329337941 0.00166982265486522 0.00161681201635103 0.00163958289402288 0.00166235377169473 0.00168512464936658 0.00170789552703843 0.00173066640471028 0.00174735548107552 0.00176404455744075 0.00178073363380599 0.00179742271017122 0.00181411178653646 0.00182766247101357 0.00184121315549067 0.00185476383996778 0.00186831452444489 0.00188186520892199 0.00189444876834075 0.0019070323277595 0.00191961588717826 0.00193219944659702 0.00194478300601577                                     
64 0.00524119 0.00182877169515283 0.00177725665847692 0.00172574162180101 0.0016742265851251 0.00162271154844919 0.00157119651177328 0.00159332494922068 0.00161545338666808 0.00163758182411548 0.00165971026156288 0.00168183869901028 0.00169805692246767 0.00171427514592506 0.00173049336938245 0.00174671159283984 0.00176292981629723 0.00177609819206835 0.00178926656783947 0.00180243494361059 0.00181560331938171 0.00182877169515283 0.00184100023159645 0.00185322876804008 0.0018654573044837 0.00187768584092733 0.00188991437737096                                     
65 0.0051169 0.00177783783626475 0.00172775756567562 0.00167767729508649 0.00162759702449736 0.00157751675390823 0.0015274364833191 0.00154894861272031 0.00157046074212152 0.00159197287152274 0.00161348500092395 0.00163499713032517 0.00165076365349258 0.00166653017666 0.00168229669982742 0.00169806322299484 0.00171382974616226 0.00172663136418276 0.00173943298220326 0.00175223460022376 0.00176503621824425 0.00177783783626475 0.00178972579080235 0.00180161374533995 0.00181350169987754 0.00182538965441514 0.00183727760895274                                     
66 0.00499556 0.00172895068125913 0.0016802475227446 0.00163154436423008 0.00158284120571556 0.00153413804720103 0.00148543488868651 0.00150635547549419 0.00152727606230188 0.00154819664910956 0.00156911723591725 0.00159003782272493 0.00160537079652904 0.00162070377033315 0.00163603674413725 0.00165136971794136 0.00166670269174547 0.0016791522896482 0.00169160188755093 0.00170405148545366 0.0017165010833564 0.00172895068125913 0.00174051173968487 0.00175207279811062 0.00176363385653636 0.00177519491496211 0.00178675597338785                                     
67 0.00487709 0.00168200442329163 0.00163462370333377 0.0015872429833759 0.00153986226341803 0.00149248154346017 0.0014451008235023 0.00146545335288894 0.00148580588227558 0.00150615841166223 0.00152651094104887 0.00154686347043551 0.00156178010746876 0.001576696744502 0.00159161338153524 0.00160653001856849 0.00162144665560173 0.00163355820913971 0.00164566976267769 0.00165778131621567 0.00166989286975365 0.00168200442329163 0.00169325156389594 0.00170449870450025 0.00171574584510456 0.00172699298570887 0.00173824012631317                                     
68 0.00476143 0.00163689987325303 0.00159078971241178 0.00154467955157053 0.00149856939072928 0.00145245922988803 0.00140634906904678 0.00142615582598038 0.00144596258291398 0.00146576933984758 0.00148557609678118 0.00150538285371477 0.00151989948692391 0.00153441612013306 0.0015489327533422 0.00156344938655134 0.00157796601976048 0.00158975279045899 0.0016015395611575 0.00161332633185601 0.00162511310255452 0.00163689987325303 0.00164784541107369 0.00165879094889434 0.001669736486715 0.00168068202453566 0.00169162756235631                                     
69 0.00464852 0.00159354397744885 0.00154865511753236 0.00150376625761588 0.00145887739769939 0.0014139885377829 0.00136909967786641 0.00138838182135 0.00140766396483359 0.00142694610831717 0.00144622825180076 0.00146551039528434 0.00147964253238158 0.00149377466947882 0.00150790680657605 0.00152203894367329 0.00153617108077053 0.00154764566010619 0.00155912023944186 0.00157059481877752 0.00158206939811318 0.00159354397744885 0.00160419960529699 0.00161485523314512 0.00162551086099326 0.0016361664888414 0.00164682211668953                                     
70 0.00453828 0.00155184937524652 0.00150813501894212 0.00146442066263772 0.00142070630633332 0.00137699195002892 0.00133327759372452 0.00135205522568315 0.00137083285764177 0.0013896104896004 0.00140838812155902 0.00142716575351764 0.00144092812746879 0.00145469050141993 0.00146845287537108 0.00148221524932222 0.00149597762327336 0.001507151973668 0.00151832632406263 0.00152950067445726 0.00154067502485189 0.00155184937524652 0.00156222620177469 0.00157260302830285 0.00158297985483102 0.00159335668135918 0.00160373350788735                                     
71 0.00443066 0.00151173399298694 0.00146914965493131 0.00142656531687569 0.00138398097882007 0.00134139664076445 0.00129881230270883 0.0013171045319628 0.00133539676121678 0.00135368899047076 0.00137198121972473 0.00139027344897871 0.00140368006489002 0.00141708668080134 0.00143049329671265 0.00144389991262397 0.00145730652853528 0.00146819202142561 0.00147907751431594 0.00148996300720627 0.00150084850009661 0.00151173399298694 0.00152184257804176 0.00153195116309659 0.00154205974815141 0.00155216833320624 0.00156227691826106                                     
72 0.00432559 0.00147312067083627 0.00143162403919695 0.00139012740755763 0.00134863077591831 0.00130713414427899 0.00126563751263968 0.00128346251436267 0.00130128751608567 0.00131911251780867 0.00133693751953167 0.00135476252125467 0.00136782669995049 0.0013808908786463 0.00139395505734212 0.00140701923603793 0.00142008341473375 0.00143069086595425 0.00144129831717476 0.00145190576839526 0.00146251321961577 0.00147312067083627 0.00148297105831598 0.00149282144579569 0.0015026718332754 0.00151252222075511 0.00152237260823482                                     
73 0.00422301 0.00143593681959097 0.00139548762731531 0.00135503843503966 0.001314589242764 0.00127414005048834 0.00123369085821268 0.00125106592923711 0.00126844100026153 0.00128581607128596 0.00130319114231038 0.0013205662133348 0.00133330063189156 0.00134603505044831 0.00135876946900507 0.00137150388756182 0.00138423830611858 0.00139457800881306 0.00140491771150754 0.00141525741420201 0.00142559711689649 0.00143593681959097 0.00144553856800804 0.00145514031642511 0.00146474206484218 0.00147434381325925 0.00148394556167631                                     
74 0.00412287 0.00140011410474786 0.00136067400971154 0.00132123391467523 0.00128179381963892 0.00124235372460261 0.0012029136295663 0.00121985523986585 0.00123679685016541 0.00125373846046496 0.00127068007076452 0.00128762168106407 0.00130003841054257 0.00131245514002107 0.00132487186949956 0.00133728859897806 0.00134970532845656 0.00135978708371482 0.00136986883897308 0.00137995059423134 0.0013900323494896 0.00140011410474786 0.00140947631567912 0.00141883852661038 0.00142820073754164 0.00143756294847291 0.00144692515940417                                     
75 0.0040251 0.00136558815541798 0.00132712062877318 0.00128865310212838 0.00125018557548358 0.00121171804883879 0.00117325052219399 0.00118977436284406 0.00120629820349414 0.00122282204414422 0.00123934588479429 0.00125586972544437 0.00126798026604057 0.00128009080663678 0.00129220134723298 0.00130431188782918 0.00131642242842539 0.00132625557382391 0.00133608871922242 0.00134592186462094 0.00135575501001946 0.00136558815541798 0.00137471950000833 0.00138385084459867 0.00139298218918902 0.00140211353377937 0.00141124487836971                                     
76 0.00392964 0.00133229829590014 0.00129476851798502 0.0012572387400699 0.00121970896215477 0.00118217918423965 0.00114464940632453 0.00116077043421459 0.00117689146210464 0.0011930124899947 0.00120913351788475 0.00122525454577481 0.00123706985959013 0.00124888517340545 0.00126070048722078 0.0012725158010361 0.00128433111485142 0.00129392455106117 0.00130351798727091 0.00131311142348065 0.0013227048596904 0.00133229829590014 0.0013412070395713 0.00135011578324247 0.00135902452691363 0.0013679332705848 0.00137684201425596                                     
77 0.00383646 0.00130018729794222 0.00126356206116905 0.00122693682439588 0.00119031158762271 0.00115368635084954 0.00111706111407637 0.00113279359362462 0.00114852607317288 0.00116425855272113 0.00117999103226938 0.00119572351181764 0.0012072540534322 0.00121878459504676 0.00123031513666132 0.00124184567827588 0.00125337621989044 0.00126273843550079 0.00127210065111115 0.00128146286672151 0.00129082508233186 0.00130018729794222 0.001308881323445 0.00131757534894779 0.00132626937445057 0.00133496339995335 0.00134365742545613                                     
78 0.00374548 0.00126920115190779 0.00123344877009713 0.00119769638828647 0.0011619440064758 0.00112619162466514 0.00109043924285448 0.00110579678495369 0.0011211543270529 0.00113651186915212 0.00115186941125133 0.00116722695335054 0.00117848269836704 0.00118973844338353 0.00120099418840002 0.00121224993341651 0.00122350567843301 0.00123264477312796 0.00124178386782292 0.00125092296251788 0.00126006205721283 0.00126920115190779 0.00127768798084414 0.00128617480978049 0.00129466163871683 0.00130314846765318 0.00131163529658953                                     
79 0.00365666 0.00123928885523503 0.00120437907890883 0.00116946930258262 0.00113455952625642 0.00109964974993021 0.00106473997360401 0.00107973557200758 0.00109473117041115 0.00110972676881472 0.00112472236721829 0.00113971796562186 0.00115070843733341 0.00116169890904496 0.0011726893807565 0.00118367985246805 0.0011946703241796 0.00120359403039069 0.00121251773660177 0.00122144144281286 0.00123036514902394 0.00123928885523503 0.00124757566816558 0.00125586248109614 0.00126414929402669 0.00127243610695724 0.00128072291988779                                     
80 0.00356994 0.00121040221672691 0.00117630615391461 0.00114221009110231 0.00110811402829001 0.00107401796547771 0.00103992190266541 0.00105456796800534 0.00106921403334528 0.00108386009868522 0.00109850616402515 0.00111315222936509 0.00112388652368746 0.00113462081800984 0.00114535511233221 0.00115608940665459 0.00116682370097696 0.00117553940412695 0.00118425510727694 0.00119297081042693 0.00120168651357692 0.00121040221672691 0.00121849587196989 0.00122658952721287 0.00123468318245586 0.00124277683769884 0.00125087049294182                                     
81 0.00348528 0.001182495675348 0.00114918571749699 0.00111587575964598 0.00108256580179497 0.00104925584394397 0.00101594588609296 0.00103025427770527 0.00104456266931758 0.0010588710609299 0.00107317945254221 0.00108748784415452 0.00109797465295139 0.00110846146174826 0.00111894827054513 0.00112943507934199 0.00113992188813886 0.00114843664558069 0.00115695140302252 0.00116546616046434 0.00117398091790617 0.001182495675348 0.00119040272656645 0.00119830977778489 0.00120621682900334 0.00121412388022179 0.00122203093144024                                     
82 0.00340263 0.00115552613232521 0.00112297588494087 0.00109042563755653 0.00105787539017219 0.00102532514278785 0.000992774895403506 0.00100675695112198 0.00102073900684045 0.00103472106255893 0.0010487031182774 0.00106268517399587 0.00107293280691505 0.00108318043983422 0.0010934280727534 0.00110367570567258 0.00111392333859175 0.00112224389733844 0.00113056445608514 0.00113888501483183 0.00114720557357852 0.00115552613232521 0.00116325284499151 0.0011709795576578 0.0011787062703241 0.00118643298299039 0.00119415969565669                                     
83 0.00332194 0.00112945279546037 0.00109763701313169 0.001065821230803 0.00103400544847431 0.00100218966614562 0.000970373883816932 0.000984040447883064 0.000997707011949196 0.00101137357601533 0.00102504014008146 0.00103870670414759 0.0010487231090766 0.0010587395140056 0.0010687559189346 0.00107877232386361 0.00108878872879261 0.00109692154212617 0.00110505435545972 0.00111318716879327 0.00112131998212682 0.00112945279546037 0.00113700516227973 0.00114455752909908 0.00115210989591843 0.00115966226273778 0.00116721462955714                                     
84 0.00324316 0.00110423703466092 0.00107313156015569 0.00104202608565047 0.00101092061114524 0.000979815136640015 0.00094870966213479 0.000962071111359623 0.000975432560584455 0.000988794009809288 0.00100215545903412 0.00101551690825895 0.00102530969049936 0.00103510247273978 0.00104489525498019 0.0010546880372206 0.00106448081946101 0.00107243206250099 0.00108038330554097 0.00108833454858095 0.00109628579162094 0.00110423703466092 0.00111162079002882 0.00111900454539672 0.00112638830076463 0.00113377205613253 0.00114115581150043                                     
85 0.00316625 0.0010798422477846 0.00104942395492373 0.00101900566206286 0.000988587369201999 0.000958169076341134 0.000927750783480269 0.00094081705178292 0.000953883320085571 0.000966949588388222 0.000980015856690873 0.000993082124993524 0.00100265856524559 0.00101223500549766 0.00102181144574972 0.00103138788600179 0.00104096432625386 0.00104873991056001 0.00105651549486615 0.0010642910791723 0.00107206666347845 0.0010798422477846 0.00108706288134722 0.00109428351490985 0.00110150414847247 0.0011087247820351 0.00111594541559773                                     
86 0.00309117 0.0010562337359745 0.00102648047601795 0.000996727216061404 0.000966973956104856 0.000937220696148308 0.00090746743619176 0.000920248037629487 0.000933028639067214 0.000945809240504941 0.000958589841942668 0.000971370443380395 0.000980737514622078 0.000990104585863761 0.000999471657105444 0.00100883872834713 0.00101820579958881 0.00102581138686595 0.00103341697414309 0.00104102256142022 0.00104862814869736 0.0010562337359745 0.00106329650535549 0.00107035927473649 0.00107742204411748 0.00108448481349847 0.00109154758287946                                     
87 0.00301786 0.001033378587733 0.00100426913903131 0.000975159690329609 0.000946050241627913 0.000916940792926217 0.000887831344224521 0.000900335394620063 0.000912839445015605 0.000925343495411147 0.000937847545806689 0.000950351596202231 0.000959515979540162 0.000968680362878092 0.000977844746216022 0.000987009129553953 0.000996173512891883 0.00100361452786011 0.00101105554282833 0.00101849655779655 0.00102593757276478 0.001033378587733 0.0010402885304851 0.00104719847323719 0.00105410841598928 0.00106101835874138 0.00106792830149347                                     
88 0.0029463 0.0010112455710493 0.000982759591733764 0.000954273612418232 0.000925787633102699 0.000897301653787166 0.000868815674471633 0.000881051911735276 0.000893288148998919 0.000905524386262561 0.000917760623526204 0.000929996860789847 0.000938964960353639 0.00094793305991743 0.000956901159481222 0.000965869259045014 0.000974837358608806 0.000982119001096904 0.000989400643585002 0.000996682286073101 0.0010039639285612 0.0010112455710493 0.00101800751588462 0.00102476946071995 0.00103153140555528 0.00103829335039061 0.00104505529522594                                     
89 0.00287643 0.000989805032954212 0.00096192301645659 0.000934040999958968 0.000906158983461346 0.000878276966963723 0.000850394950466101 0.00086237175370234 0.000874348556938579 0.000886325360174818 0.000898302163411056 0.000910278966647295 0.00091905692359307 0.000927834880538844 0.000936612837484618 0.000945390794430393 0.000954168751376167 0.000961296007691776 0.000968423264007385 0.000975550520322994 0.000982677776638603 0.000989805032954212 0.000996423610302958 0.0010030421876517 0.00100966076500045 0.00101627934234919 0.00102289791969794                                     
90 0.00280822 0.000969028805929841 0.000941732039138338 0.000914435272346835 0.000887138505555332 0.000859841738763829 0.000832544971972326 0.00084427037945407 0.000855995786935814 0.000867721194417558 0.000879446601899302 0.000891172009381046 0.000899765715064962 0.000908359420748878 0.000916953126432794 0.00092554683211671 0.000934140537800626 0.000941118191426469 0.000948095845052312 0.000955073498678155 0.000962051152303998 0.000969028805929841 0.00097550845787308 0.000981988109816318 0.000988467761759557 0.000994947413702795 0.00100142706564603                                     
91 0.00274162 0.0009488901206504 0.000922160644523733 0.000895431168397065 0.000868701692270397 0.000841972216143729 0.000815242740017061 0.000826724466103987 0.000838206192190913 0.000849687918277839 0.000861169644364765 0.00087265137045169 0.00088106647882963 0.00088948158720757 0.000897896695585509 0.000906311803963449 0.000914726912341388 0.000921559554003191 0.000928392195664993 0.000935224837326795 0.000942057478988598 0.0009488901206504 0.000955235110269457 0.000961580099888515 0.000967925089507572 0.000974270079126629 0.000980615068745686                                     
92 0.0026766 0.000929363524574563 0.000903184097049188 0.000877004669523813 0.000850825241998438 0.000824645814473063 0.000798466386947688 0.000809711838019547 0.000820957289091407 0.000832202740163266 0.000843448191235126 0.000854693642306986 0.000862935581612285 0.000871177520917584 0.000879419460222884 0.000887661399528183 0.000895903338833483 0.000902595375981699 0.000909287413129915 0.000915979450278131 0.000922671487426347 0.000929363524574563 0.000935577944756021 0.000941792364937479 0.000948006785118938 0.000954221205300395 0.000960435625481854                                     
93 0.00261313 0.000910424805949947 0.000884778866988031 0.000859132928026116 0.000833486989064199 0.000807841050102283 0.000782195111140367 0.000793211400610738 0.000804227690081109 0.00081524397955148 0.00082626026902185 0.000837276558492221 0.000845350542239446 0.00085342452598667 0.000861498509733895 0.00086957249348112 0.000877646477228345 0.000884202142972665 0.000890757808716986 0.000897313474461306 0.000903869140205627 0.000910424805949947 0.000916512587682489 0.00092260036941503 0.000928688151147572 0.000934775932880113 0.000940863714612655                                     
94 0.00255116 0.000892050922826736 0.000866922561463752 0.000841794200100767 0.000816665838737783 0.000791537477374799 0.000766409116011814 0.000777203078482901 0.000787997040953989 0.000798791003425076 0.000809584965896163 0.00082037892836725 0.000828289965726437 0.000836201003085623 0.000844112040444809 0.000852023077803995 0.000859934115163182 0.000866357476695893 0.000872780838228603 0.000879204199761314 0.000885627561294025 0.000892050922826736 0.00089801584302332 0.000903980763219903 0.000909945683416487 0.00091591060361307 0.000921875523809653                                     
95 0.00249066 0.000874219936710406 0.000849593859971678 0.00082496778323295 0.000800341706494222 0.000775715629755494 0.000751089553016765 0.000761667757631393 0.00077224596224602 0.000782824166860648 0.000793402371475275 0.000803980576089903 0.000811733481672407 0.000819486387254911 0.000827239292837415 0.000834992198419919 0.000842745104002424 0.00084904007054402 0.000855335037085617 0.000861630003627213 0.00086792497016881 0.000874219936710406 0.000880065625586794 0.000885911314463182 0.00089175700333957 0.000897602692215958 0.000903448381092346                                     
96 0.0024316 0.000856910950514085 0.000832772454079169 0.000808633957644254 0.000784495461209338 0.000760356964774422 0.000736218468339507 0.000746587231382319 0.000756955994425132 0.000767324757467944 0.000777693520510757 0.00078806228355357 0.000795661686647657 0.000803261089741744 0.000810860492835831 0.000818459895929918 0.000826059299024005 0.000832229629322021 0.000838399959620037 0.000844570289918053 0.000850740620216069 0.000856910950514085 0.000862640898552475 0.000868370846590865 0.000874100794629255 0.000879830742667645 0.000885560690706035                                     
97 0.00237394 0.000840104050498146 0.000816438991000725 0.000792773931503304 0.000769108872005882 0.000745443812508461 0.000721778753011039 0.000731944149807167 0.000742109546603294 0.000752274943399422 0.000762440340195549 0.000772605736991676 0.000780056090283206 0.000787506443574736 0.000794956796866266 0.000802407150157796 0.000809857503449326 0.00081590681285909 0.000821956122268854 0.000828005431678618 0.000834054741088382 0.000840104050498146 0.000845721615022567 0.000851339179546987 0.000856956744071407 0.000862574308595828 0.000868191873120248                                     
98 0.00231764 0.000823780251909846 0.000800575020768908 0.000777369789627971 0.000754164558487034 0.000730959327346096 0.000707754096205159 0.000717721972361108 0.000727689848517058 0.000737657724673008 0.000747625600828958 0.000757593476984908 0.000764899064795935 0.000772204652606962 0.00077951024041799 0.000786815828229017 0.000794121416040044 0.000800053183214005 0.000805984950387965 0.000811916717561925 0.000817848484735886 0.000823780251909846 0.000829288663298058 0.000834797074686269 0.000840305486074481 0.000845813897462693 0.000851322308850905                                     
99 0.00226268 0.000807921448058832 0.00078516294674436 0.000762404445429888 0.000739645944115417 0.000716887442800945 0.000694128941486473 0.00070390492351483 0.000713680905543187 0.000723456887571544 0.000733232869599901 0.000743008851628258 0.000750173797704014 0.000757338743779769 0.000764503689855524 0.000771668635931279 0.000778833582007035 0.000784651155217394 0.000790468728427753 0.000796286301638113 0.000802103874848472 0.000807921448058832 0.000813323815613711 0.00081872618316859 0.000824128550723469 0.000829530918278348 0.000834933285833227                                     
100 0.00220902 0.000792510362584731 0.000770185979227967 0.000747861595871203 0.00072553721251444 0.000703212829157676 0.000680888445800912 0.000690477951167467 0.000700067456534022 0.000709656961900577 0.000719246467267132 0.000728835972633687 0.00073586424750625 0.000742892522378814 0.000749920797251377 0.00075694907212394 0.000763977346996503 0.000769683950114149 0.000775390553231794 0.00078109715634944 0.000786803759467085 0.000792510362584731 0.000797809680086476 0.00080310899758822 0.000808408315089965 0.00081370763259171 0.000819006950093455                                     
