**************************************************************
***  MERIS LUT-168: Aerosol transmittance                  ***
***                 for each of AOTs at 560nm [AOT560],    ***
***                 for each of 78 aerosol models [IAER],  ***
***                 & for each of 12 solar angles [SZA]    ***
**************************************************************

Aerosol optical thickness (560nm): AOT560
---------------------------------        

 0.0 0.1 0.2 0.3 0.4 0.5 0.6 0.7 0.8 0.9 1.0 1.1 1.2 1.3 1.4 1.5

12 Gaussian angles (deg): SZA
------------------------     

 2.84 17.64 28.77 36.19 43.61 51.03 58.46 65.88 69.59 73.30 77.01 80.72

Aerosol transmittance: [SZA x AOT560]
---------------------                

Aerosol model #57
 1 0.989034 0.977621 0.965888 0.95403 0.941977 0.929954 0.917881 0.905807 0.893779 0.881824 0.869962 0.858212 0.846588 0.835103 0.823767
 1 0.98793 0.975432 0.962664 0.949727 0.936682 0.923556 0.910363 0.897854 0.885046 0.872363 0.859827 0.847452 0.835254 0.823242 0.811425
 1 0.985739 0.971073 0.956216 0.941312 0.92644 0.911669 0.897048 0.882617 0.868403 0.85443 0.840712 0.827259 0.814087 0.801193 0.788577
 1 0.983233 0.966146 0.948998 0.931952 0.915093 0.89849 0.882194 0.866239 0.850644 0.835425 0.820591 0.806138 0.792071 0.778393 0.765089
 1 0.97938 0.958653 0.938159 0.918018 0.898399 0.879275 0.860767 0.842823 0.825473 0.808708 0.79252 0.776894 0.76181 0.747273 0.733246
 1 0.973326 0.947105 0.921688 0.897221 0.873774 0.851357 0.829967 0.80957 0.790134 0.771613 0.753961 0.737137 0.721089 0.705769 0.69113
 1 0.963383 0.92858 0.895875 0.865289 0.836755 0.810153 0.785359 0.762229 0.740633 0.72044 0.70153 0.683797 0.66713 0.651444 0.63665
 1 0.945954 0.897262 0.85372 0.814794 0.77995 0.748677 0.720532 0.695099 0.672023 0.650996 0.631749 0.614086 0.597781 0.582669 0.568616
 1 0.931982 0.873129 0.822391 0.778518 0.740411 0.707129 0.677879 0.652003 0.628952 0.608274 0.589618 0.57265 0.55715 0.542889 0.529699
 1 0.911668 0.839479 0.780323 0.731458 0.69071 0.656353 0.627051 0.60177 0.579707 0.560239 0.54288 0.527251 0.513059 0.500061 0.488081
 1 0.880353 0.790705 0.722673 0.67013 0.628663 0.595303 0.56784 0.54476 0.524986 0.507734 0.492454 0.478731 0.466305 0.454885 0.444321
 1 0.827796 0.716926 0.642993 0.591449 0.553815 0.52499 0.501941 0.482917 0.466655 0.452378 0.439692 0.428203 0.417683 0.407969 0.398928

