**************************************************************
***  MERIS LUT-168: Aerosol transmittance                  ***
***                 for each of AOTs at 560nm [AOT560],    ***
***                 for each of 78 aerosol models [IAER],  ***
***                 & for each of 12 solar angles [SZA]    ***
**************************************************************

Aerosol optical thickness (560nm): AOT560
---------------------------------        

 0.0 0.1 0.2 0.3 0.4 0.5 0.6 0.7 0.8 0.9 1.0 1.1 1.2 1.3 1.4 1.5

12 Gaussian angles (deg): SZA
------------------------     

 2.84 17.64 28.77 36.19 43.61 51.03 58.46 65.88 69.59 73.30 77.01 80.72

Aerosol transmittance: [SZA x AOT560]
---------------------                

Aerosol model #21
 1 0.985338 0.970397 0.955307 0.940134 0.924904 0.909623 0.895144 0.880255 0.865438 0.851668 0.837416 0.823312 0.8103 0.796823 0.783538
 1 0.98409 0.967934 0.951524 0.935434 0.91914 0.902853 0.887484 0.871733 0.856117 0.84166 0.826745 0.812036 0.798514 0.78455 0.770827
 1 0.981652 0.963126 0.944429 0.926235 0.907941 0.889791 0.872791 0.85549 0.838458 0.822799 0.806746 0.791016 0.775595 0.762611 0.748505
 1 0.978927 0.957707 0.936518 0.916068 0.89568 0.875622 0.8573 0.838762 0.820795 0.803401 0.786587 0.770325 0.754622 0.739442 0.724792
 1 0.974683 0.949578 0.925028 0.901198 0.878177 0.856003 0.834691 0.814236 0.79462 0.775823 0.757814 0.740558 0.724029 0.708184 0.692998
 1 0.968018 0.936954 0.907187 0.87885 0.851973 0.826536 0.80249 0.779765 0.758289 0.737986 0.71878 0.700597 0.683368 0.667028 0.651509
 1 0.957081 0.916797 0.879414 0.844871 0.812998 0.783617 0.756477 0.731411 0.708178 0.686609 0.666591 0.647893 0.630458 0.614096 0.598766
 1 0.937925 0.882947 0.834539 0.791862 0.754201 0.72075 0.690904 0.66429 0.640215 0.618522 0.598683 0.580619 0.563928 0.548582 0.534273
 1 0.92263 0.857091 0.801554 0.754403 0.71392 0.67911 0.648692 0.622123 0.598482 0.577496 0.558505 0.541389 0.52567 0.511311 0.497963
 1 0.900545 0.821425 0.757968 0.706607 0.664286 0.629149 0.599295 0.573832 0.551551 0.53206 0.514567 0.498927 0.484603 0.471568 0.459446
 1 0.866939 0.770672 0.699502 0.645705 0.603759 0.570422 0.543091 0.520064 0.500403 0.483126 0.46786 0.454031 0.44151 0.42993 0.419267
 1 0.811759 0.69595 0.621001 0.569861 0.532845 0.50446 0.481799 0.462785 0.446531 0.432103 0.419264 0.407499 0.396783 0.386788 0.37755

