**************************************************************
***  MERIS LUT-168: Aerosol transmittance                  ***
***                 for each of AOTs at 560nm [AOT560],    ***
***                 for each of 78 aerosol models [IAER],  ***
***                 & for each of 12 solar angles [SZA]    ***
**************************************************************

Aerosol optical thickness (560nm): AOT560
---------------------------------        

 0.0 0.1 0.2 0.3 0.4 0.5 0.6 0.7 0.8 0.9 1.0 1.1 1.2 1.3 1.4 1.5

12 Gaussian angles (deg): SZA
------------------------     

 2.84 17.64 28.77 36.19 43.61 51.03 58.46 65.88 69.59 73.30 77.01 80.72

Aerosol transmittance: [SZA x AOT560]
---------------------                

Aerosol model #61
 1 0.987871 0.975272 0.962346 0.94929 0.936072 0.922766 0.909689 0.89595 0.883258 0.870122 0.857563 0.84479 0.832507 0.820191 0.808067
 1 0.986683 0.972902 0.958862 0.944683 0.930403 0.916104 0.901795 0.887483 0.87401 0.860524 0.847024 0.833737 0.820675 0.807848 0.795264
 1 0.984306 0.968129 0.951885 0.935479 0.919021 0.903236 0.887219 0.871329 0.856696 0.841707 0.827041 0.8127 0.798699 0.785036 0.771706
 1 0.981597 0.962814 0.944183 0.925634 0.907356 0.889422 0.871882 0.854768 0.838096 0.821883 0.806127 0.790835 0.776 0.761608 0.747662
 1 0.977445 0.954859 0.932597 0.910839 0.889687 0.869199 0.849402 0.830307 0.811914 0.794207 0.777172 0.760789 0.745034 0.729883 0.71531
 1 0.970933 0.942496 0.915074 0.888817 0.863779 0.839964 0.817341 0.795869 0.775492 0.756155 0.737797 0.720359 0.703782 0.688012 0.67299
 1 0.960283 0.922798 0.887821 0.855332 0.825213 0.797303 0.771429 0.747414 0.725097 0.704318 0.684937 0.66682 0.649843 0.633909 0.618918
 1 0.94172 0.889787 0.843776 0.803008 0.7668 0.734555 0.705691 0.679734 0.656339 0.635064 0.615641 0.597812 0.581528 0.566349 0.552349
 1 0.926924 0.864537 0.811367 0.765827 0.726669 0.692677 0.662949 0.636914 0.613701 0.592903 0.574365 0.557374 0.542008 0.527748 0.514685
 1 0.905532 0.829615 0.768274 0.71816 0.676699 0.642152 0.612718 0.587576 0.565562 0.546301 0.529021 0.513433 0.499447 0.486475 0.474646
 1 0.872865 0.779608 0.709943 0.656915 0.615369 0.582278 0.554997 0.53228 0.512668 0.495709 0.480528 0.467015 0.454601 0.443316 0.432766
 1 0.818762 0.705189 0.630819 0.579763 0.542742 0.514405 0.49186 0.473026 0.456991 0.442803 0.430214 0.418695 0.408221 0.398451 0.389338

