**************************************************************
***  MERIS LUT-168: Aerosol transmittance                  ***
***                 for each of AOTs at 560nm [AOT560],    ***
***                 for each of 78 aerosol models [IAER],  ***
***                 & for each of 12 solar angles [SZA]    ***
**************************************************************

Aerosol optical thickness (560nm): AOT560
---------------------------------        

 0.0 0.1 0.2 0.3 0.4 0.5 0.6 0.7 0.8 0.9 1.0 1.1 1.2 1.3 1.4 1.5

12 Gaussian angles (deg): SZA
------------------------     

 2.84 17.64 28.77 36.19 43.61 51.03 58.46 65.88 69.59 73.30 77.01 80.72

Aerosol transmittance: [SZA x AOT560]
---------------------                

Aerosol model #45
 1 0.985083 0.969787 0.954288 0.938673 0.922982 0.907796 0.892509 0.877295 0.862287 0.847454 0.832798 0.818314 0.804878 0.791059 0.777459
 1 0.983739 0.967151 0.950262 0.933672 0.916875 0.900092 0.884216 0.867999 0.851941 0.837011 0.821697 0.806621 0.792677 0.778388 0.764372
 1 0.981124 0.962015 0.942721 0.923926 0.905061 0.886372 0.868818 0.851039 0.833571 0.817767 0.801569 0.785824 0.770532 0.753831 0.7413
 1 0.978157 0.956252 0.934354 0.913213 0.8922 0.871575 0.852616 0.833564 0.815135 0.797319 0.780112 0.763511 0.747486 0.732033 0.717121
 1 0.973689 0.947642 0.922226 0.897612 0.873885 0.851083 0.829214 0.808267 0.788219 0.769041 0.750698 0.733153 0.716369 0.700306 0.684928
 1 0.966646 0.934392 0.903608 0.874405 0.846797 0.820744 0.796178 0.77302 0.751184 0.730583 0.711129 0.692745 0.67535 0.658875 0.643249
 1 0.955209 0.913463 0.874934 0.839503 0.80694 0.777019 0.749471 0.724064 0.70062 0.678882 0.65869 0.639947 0.622413 0.60605 0.590668
 1 0.935447 0.878779 0.829205 0.785737 0.747464 0.713731 0.683673 0.656908 0.632774 0.61104 0.591216 0.573163 0.55652 0.541208 0.526957
 1 0.919835 0.852553 0.795934 0.748096 0.707225 0.672174 0.641663 0.615043 0.59143 0.57047 0.551549 0.534485 0.518847 0.504546 0.491274
 1 0.897462 0.816633 0.752247 0.700381 0.657846 0.622615 0.59279 0.567366 0.545183 0.525766 0.508377 0.49281 0.478579 0.465606 0.453561
 1 0.863655 0.765856 0.694019 0.639963 0.598001 0.564711 0.537371 0.51458 0.495022 0.47786 0.462677 0.448937 0.436476 0.424964 0.414344
 1 0.80847 0.691537 0.616316 0.565195 0.528305 0.500087 0.477554 0.458672 0.442501 0.428161 0.415369 0.403662 0.392972 0.383015 0.373791

