**************************************************************
***  MERIS LUT-168: Aerosol transmittance                  ***
***                 for each of AOTs at 560nm [AOT560],    ***
***                 for each of 78 aerosol models [IAER],  ***
***                 & for each of 12 solar angles [SZA]    ***
**************************************************************

Aerosol optical thickness (560nm): AOT560
---------------------------------        

 0.0 0.1 0.2 0.3 0.4 0.5 0.6 0.7 0.8 0.9 1.0 1.1 1.2 1.3 1.4 1.5

12 Gaussian angles (deg): SZA
------------------------     

 2.84 17.64 28.77 36.19 43.61 51.03 58.46 65.88 69.59 73.30 77.01 80.72

Aerosol transmittance: [SZA x AOT560]
---------------------                

Aerosol model #22
 1 0.984262 0.968253 0.952054 0.93614 0.920055 0.903983 0.88872 0.87314 0.857691 0.843266 0.828465 0.813863 0.800318 0.786412 0.77274
 1 0.982961 0.965737 0.948328 0.93129 0.914129 0.897044 0.880886 0.86445 0.84821 0.833106 0.817657 0.802468 0.787526 0.774054 0.759966
 1 0.980426 0.960758 0.941011 0.921832 0.902652 0.883701 0.865911 0.847939 0.830307 0.813003 0.797465 0.781292 0.765481 0.750015 0.737521
 1 0.977551 0.95517 0.932885 0.911422 0.890139 0.869284 0.85015 0.830933 0.812365 0.794425 0.777121 0.760419 0.744324 0.728792 0.713814
 1 0.973223 0.946815 0.921104 0.896244 0.872306 0.84932 0.82729 0.806199 0.786021 0.766725 0.74828 0.730637 0.713767 0.697624 0.682174
 1 0.966385 0.933919 0.902946 0.873572 0.845801 0.819594 0.794884 0.771587 0.749619 0.728889 0.709317 0.690818 0.673315 0.656737 0.64102
 1 0.955233 0.91345 0.874843 0.839294 0.806594 0.776528 0.748821 0.72325 0.699656 0.677759 0.657464 0.638535 0.620906 0.60438 0.588913
 1 0.935827 0.879294 0.829712 0.786142 0.74779 0.713806 0.683546 0.656592 0.632253 0.61034 0.590327 0.572114 0.555305 0.539854 0.525462
 1 0.920404 0.85332 0.796691 0.748743 0.707684 0.672433 0.64169 0.614858 0.59102 0.569864 0.550743 0.533509 0.5177 0.503256 0.489842
 1 0.898204 0.817602 0.75318 0.701165 0.6584 0.622933 0.592848 0.567192 0.544769 0.525148 0.507555 0.491817 0.477418 0.464305 0.452123
 1 0.864522 0.766924 0.694988 0.640719 0.598476 0.564918 0.537421 0.514264 0.494482 0.477105 0.46174 0.447826 0.43522 0.423569 0.412833
 1 0.809365 0.692521 0.617087 0.565677 0.528481 0.49996 0.477166 0.458038 0.441662 0.42713 0.41418 0.402323 0.391511 0.381436 0.372116

