**************************************************************
***  MERIS LUT-168: Aerosol transmittance                  ***
***                 for each of AOTs at 560nm [AOT560],    ***
***                 for each of 78 aerosol models [IAER],  ***
***                 & for each of 12 solar angles [SZA]    ***
**************************************************************

Aerosol optical thickness (560nm): AOT560
---------------------------------        

 0.0 0.1 0.2 0.3 0.4 0.5 0.6 0.7 0.8 0.9 1.0 1.1 1.2 1.3 1.4 1.5

12 Gaussian angles (deg): SZA
------------------------     

 2.84 17.64 28.77 36.19 43.61 51.03 58.46 65.88 69.59 73.30 77.01 80.72

Aerosol transmittance: [SZA x AOT560]
---------------------                

Aerosol model #24
 1 0.981907 0.96368 0.945411 0.927536 0.909658 0.89194 0.874378 0.858066 0.841334 0.824852 0.809702 0.794112 0.778817 0.763806 0.750371
 1 0.980499 0.960973 0.941436 0.922394 0.903417 0.88468 0.86618 0.849067 0.831567 0.814392 0.798663 0.782524 0.766743 0.751303 0.737527
 1 0.977767 0.955653 0.933682 0.912433 0.891412 0.870811 0.85062 0.832076 0.813239 0.794874 0.776961 0.761934 0.744549 0.728434 0.712753
 1 0.974694 0.94973 0.92514 0.901559 0.878425 0.85594 0.834079 0.8146 0.794826 0.775807 0.757548 0.739994 0.723127 0.706946 0.691378
 1 0.970098 0.940936 0.9128 0.885806 0.859992 0.835359 0.81188 0.789519 0.768231 0.747963 0.728661 0.71028 0.692758 0.676055 0.660115
 1 0.962924 0.92752 0.894049 0.862544 0.832955 0.805199 0.779162 0.754732 0.73179 0.710235 0.689954 0.670849 0.65283 0.635819 0.619731
 1 0.951358 0.906469 0.865343 0.827754 0.793384 0.761947 0.733113 0.706614 0.68225 0.659717 0.638892 0.619525 0.601531 0.584703 0.568985
 1 0.931488 0.871766 0.819753 0.774424 0.73462 0.699637 0.668552 0.64093 0.616077 0.593735 0.573388 0.55489 0.53786 0.522215 0.507673
 1 0.915834 0.845602 0.786758 0.737204 0.694987 0.658855 0.627464 0.600112 0.575882 0.554395 0.535021 0.517561 0.501579 0.486974 0.473438
 1 0.893437 0.809831 0.743459 0.69012 0.646457 0.610327 0.579769 0.553726 0.531016 0.511135 0.493343 0.477413 0.462865 0.449604 0.437309
 1 0.859644 0.759267 0.685867 0.630633 0.587776 0.553762 0.525812 0.502486 0.482454 0.464869 0.449302 0.43522 0.422445 0.410656 0.399782
 1 0.804579 0.685637 0.609198 0.557214 0.519626 0.490802 0.467722 0.448345 0.431715 0.416964 0.40379 0.391745 0.380742 0.370511 0.361033

