**************************************************************
***  MERIS LUT-168: Aerosol transmittance                  ***
***                 for each of AOTs at 560nm [AOT560],    ***
***                 for each of 78 aerosol models [IAER],  ***
***                 & for each of 12 solar angles [SZA]    ***
**************************************************************

Aerosol optical thickness (560nm): AOT560
---------------------------------        

 0.0 0.1 0.2 0.3 0.4 0.5 0.6 0.7 0.8 0.9 1.0 1.1 1.2 1.3 1.4 1.5

12 Gaussian angles (deg): SZA
------------------------     

 2.84 17.64 28.77 36.19 43.61 51.03 58.46 65.88 69.59 73.30 77.01 80.72

Aerosol transmittance: [SZA x AOT560]
---------------------                

Aerosol model #33
 1 0.990953 0.981516 0.971733 0.961811 0.951639 0.941277 0.9311 0.920819 0.91043 0.89992 0.889437 0.87928 0.869067 0.858859 0.848314
 1 0.990042 0.979653 0.968923 0.957895 0.946971 0.935943 0.92477 0.913574 0.902049 0.891178 0.879994 0.86882 0.858236 0.84734 0.836503
 1 0.988173 0.975802 0.963259 0.950601 0.937699 0.92473 0.911671 0.89953 0.88652 0.873747 0.862209 0.850091 0.838151 0.826411 0.814865
 1 0.98599 0.97143 0.956858 0.942116 0.927409 0.91281 0.898373 0.884138 0.870132 0.856383 0.842905 0.829701 0.816792 0.804176 0.791844
 1 0.982567 0.964771 0.946938 0.92925 0.911823 0.894731 0.878026 0.861738 0.845887 0.830489 0.815539 0.801045 0.78699 0.773372 0.760187
 1 0.977038 0.954064 0.931499 0.909543 0.888305 0.867841 0.848173 0.829303 0.811218 0.793896 0.777313 0.761436 0.746234 0.731668 0.717711
 1 0.967702 0.936452 0.906706 0.878606 0.852168 0.827348 0.804071 0.782239 0.761761 0.742536 0.724466 0.707461 0.691433 0.6763 0.661994
 1 0.950875 0.90591 0.865219 0.828557 0.795492 0.765617 0.738712 0.714201 0.691995 0.67161 0.653003 0.635786 0.619842 0.605173 0.591392
 1 0.937125 0.881951 0.833895 0.79207 0.755511 0.723393 0.69519 0.670045 0.647714 0.627532 0.609387 0.592773 0.577655 0.56365 0.550765
 1 0.916886 0.848141 0.791424 0.744249 0.70485 0.671403 0.642945 0.618209 0.596727 0.577616 0.560689 0.545318 0.531463 0.518664 0.506958
 1 0.885352 0.798792 0.732829 0.681603 0.641228 0.608508 0.581698 0.558992 0.539692 0.522831 0.50781 0.494416 0.482172 0.470926 0.460657
 1 0.832144 0.723785 0.651431 0.600845 0.56399 0.535773 0.513144 0.494504 0.478478 0.464577 0.452075 0.440881 0.430536 0.421089 0.412214

