**************************************************************
***  MERIS LUT-168: Aerosol transmittance                  ***
***                 for each of AOTs at 560nm [AOT560],    ***
***                 for each of 78 aerosol models [IAER],  ***
***                 & for each of 12 solar angles [SZA]    ***
**************************************************************

Aerosol optical thickness (560nm): AOT560
---------------------------------        

 0.0 0.1 0.2 0.3 0.4 0.5 0.6 0.7 0.8 0.9 1.0 1.1 1.2 1.3 1.4 1.5

12 Gaussian angles (deg): SZA
------------------------     

 2.84 17.64 28.77 36.19 43.61 51.03 58.46 65.88 69.59 73.30 77.01 80.72

Aerosol transmittance: [SZA x AOT560]
---------------------                

Aerosol model #46
 1 0.984259 0.96818 0.951938 0.935706 0.919499 0.903386 0.887393 0.871531 0.856361 0.841079 0.826013 0.811942 0.797679 0.783725 0.770087
 1 0.982877 0.965475 0.947826 0.930515 0.913061 0.895676 0.879204 0.862471 0.845948 0.830533 0.814822 0.79939 0.784226 0.770474 0.75619
 1 0.980189 0.960211 0.940121 0.920579 0.901046 0.881756 0.863608 0.845327 0.827413 0.809852 0.794528 0.77844 0.762831 0.747702 0.733059
 1 0.977147 0.954323 0.931597 0.909803 0.888005 0.866785 0.84722 0.827667 0.808782 0.79057 0.773002 0.75608 0.739767 0.724061 0.708921
 1 0.97258 0.945547 0.919257 0.893869 0.869459 0.846053 0.82365 0.802233 0.781772 0.762229 0.743566 0.725739 0.708709 0.692429 0.676863
 1 0.96541 0.932101 0.900413 0.870437 0.842165 0.815543 0.790488 0.76691 0.744713 0.723801 0.704081 0.685468 0.667878 0.651233 0.635463
 1 0.953816 0.910949 0.871508 0.835332 0.802158 0.771734 0.743771 0.71802 0.69429 0.672314 0.651924 0.633013 0.61534 0.598859 0.583379
 1 0.933873 0.876046 0.825604 0.781478 0.742704 0.708577 0.678218 0.651207 0.626884 0.604991 0.585042 0.566882 0.550153 0.534766 0.520456
 1 0.918167 0.849736 0.792311 0.743889 0.702598 0.667228 0.636482 0.609674 0.585917 0.564836 0.545821 0.528673 0.512968 0.498605 0.485285
 1 0.895707 0.813779 0.748683 0.696341 0.653485 0.618018 0.588025 0.562465 0.540178 0.520668 0.503206 0.487568 0.47328 0.46025 0.44816
 1 0.861839 0.762969 0.69066 0.636264 0.59409 0.560645 0.533193 0.510301 0.490655 0.473419 0.458162 0.444359 0.431834 0.420269 0.409594
 1 0.806665 0.688971 0.613403 0.562094 0.525078 0.496762 0.474133 0.455166 0.438904 0.424485 0.411611 0.399833 0.389071 0.379053 0.369768

