**************************************************************
***  MERIS LUT-168: Aerosol transmittance                  ***
***                 for each of AOTs at 560nm [AOT560],    ***
***                 for each of 78 aerosol models [IAER],  ***
***                 & for each of 12 solar angles [SZA]    ***
**************************************************************

Aerosol optical thickness (560nm): AOT560
---------------------------------        

 0.0 0.1 0.2 0.3 0.4 0.5 0.6 0.7 0.8 0.9 1.0 1.1 1.2 1.3 1.4 1.5

12 Gaussian angles (deg): SZA
------------------------     

 2.84 17.64 28.77 36.19 43.61 51.03 58.46 65.88 69.59 73.30 77.01 80.72

Aerosol transmittance: [SZA x AOT560]
---------------------                

Aerosol model #77
 1 0.978045 0.956108 0.934397 0.913022 0.892188 0.871727 0.851788 0.832347 0.813399 0.79566 0.778028 0.760949 0.74441 0.728401 0.71292
 1 0.976351 0.95287 0.929642 0.906756 0.884955 0.863338 0.842246 0.821665 0.802823 0.783727 0.765181 0.747164 0.729659 0.714403 0.698285
 1 0.973093 0.946638 0.920721 0.895425 0.871522 0.848029 0.825295 0.803286 0.783695 0.763809 0.743663 0.724908 0.706802 0.692019 0.675829
 1 0.969487 0.939816 0.911057 0.88327 0.857399 0.832254 0.808245 0.785356 0.763521 0.742698 0.722865 0.70393 0.685885 0.668642 0.652172
 1 0.964168 0.929842 0.897222 0.866343 0.83717 0.809635 0.783656 0.759142 0.736002 0.714148 0.693491 0.673952 0.655449 0.637915 0.62128
 1 0.95608 0.915013 0.876839 0.841426 0.808587 0.778124 0.749839 0.723541 0.699052 0.676213 0.654874 0.634906 0.61618 0.598594 0.582042
 1 0.943396 0.892365 0.846459 0.805109 0.767806 0.73403 0.703358 0.67546 0.649926 0.626544 0.604994 0.585127 0.566694 0.549589 0.533621
 1 0.922278 0.85615 0.799615 0.751023 0.708906 0.67214 0.639932 0.611343 0.585937 0.563067 0.542465 0.523684 0.506556 0.49077 0.476217
 1 0.906019 0.829438 0.766415 0.713961 0.669958 0.632446 0.600294 0.572259 0.547722 0.525886 0.506406 0.488766 0.472767 0.458101 0.444563
 1 0.883112 0.793412 0.723472 0.667826 0.622924 0.585846 0.554883 0.528481 0.505583 0.48553 0.467664 0.451639 0.437061 0.423743 0.411442
 1 0.849041 0.743341 0.667145 0.610348 0.566843 0.532373 0.504204 0.480675 0.460451 0.442819 0.4271 0.412977 0.400078 0.388252 0.377298
 1 0.794202 0.671153 0.593195 0.540551 0.502593 0.473664 0.450336 0.43087 0.414037 0.399125 0.38575 0.373552 0.362371 0.352008 0.342385
