**************************************************************
***  MERIS LUT-168: Aerosol transmittance                  ***
***                 for each of AOTs at 560nm [AOT560],    ***
***                 for each of 78 aerosol models [IAER],  ***
***                 & for each of 12 solar angles [SZA]    ***
**************************************************************

Aerosol optical thickness (560nm): AOT560
---------------------------------        

 0.0 0.1 0.2 0.3 0.4 0.5 0.6 0.7 0.8 0.9 1.0 1.1 1.2 1.3 1.4 1.5

12 Gaussian angles (deg): SZA
------------------------     

 2.84 17.64 28.77 36.19 43.61 51.03 58.46 65.88 69.59 73.30 77.01 80.72

Aerosol transmittance: [SZA x AOT560]
---------------------                

Aerosol model #41
 1 0.987793 0.975089 0.962173 0.949079 0.93583 0.922626 0.90909 0.896094 0.883062 0.870031 0.857104 0.844288 0.831582 0.818984 0.807231
 1 0.986639 0.972768 0.958716 0.944403 0.929919 0.915894 0.901551 0.887205 0.873671 0.859745 0.845919 0.833022 0.819739 0.806616 0.793646
 1 0.98431 0.968126 0.951857 0.935423 0.918934 0.903086 0.88702 0.871081 0.856141 0.840895 0.82587 0.811054 0.798171 0.784456 0.771081
 1 0.981584 0.962859 0.944153 0.92544 0.906841 0.889276 0.871668 0.854484 0.837744 0.821463 0.805644 0.790289 0.775393 0.76095 0.746952
 1 0.977509 0.954916 0.932608 0.91078 0.889547 0.868971 0.849086 0.829907 0.811432 0.793652 0.77655 0.760107 0.744298 0.7291 0.714485
 1 0.970978 0.942488 0.914967 0.888594 0.863437 0.839506 0.816779 0.795215 0.774759 0.755354 0.73694 0.719455 0.702841 0.68704 0.671999
 1 0.960201 0.92254 0.887369 0.854699 0.824428 0.796393 0.770416 0.746342 0.723971 0.703147 0.683767 0.665633 0.648642 0.632748 0.617755
 1 0.941263 0.888907 0.842589 0.801587 0.765282 0.732941 0.70401 0.678164 0.654736 0.633596 0.614232 0.596581 0.580253 0.565222 0.551195
 1 0.9261 0.863152 0.80964 0.763931 0.724622 0.690755 0.661098 0.635166 0.612057 0.591532 0.572939 0.556175 0.540768 0.526689 0.513592
 1 0.904184 0.827555 0.765842 0.715753 0.674382 0.63999 0.610736 0.585779 0.563931 0.544825 0.527672 0.512345 0.4983 0.485526 0.473637
 1 0.870768 0.776762 0.707004 0.65416 0.612905 0.580117 0.553247 0.530627 0.511336 0.494399 0.479451 0.465914 0.453668 0.442339 0.431911
 1 0.815728 0.701701 0.62768 0.577133 0.54058 0.512611 0.490341 0.471701 0.455806 0.441713 0.429195 0.417723 0.407286 0.39754 0.388541

