**************************************************************
***  MERIS LUT-168: Aerosol transmittance                  ***
***                 for each of AOTs at 560nm [AOT560],    ***
***                 for each of 78 aerosol models [IAER],  ***
***                 & for each of 12 solar angles [SZA]    ***
**************************************************************

Aerosol optical thickness (560nm): AOT560
---------------------------------        

 0.0 0.1 0.2 0.3 0.4 0.5 0.6 0.7 0.8 0.9 1.0 1.1 1.2 1.3 1.4 1.5

12 Gaussian angles (deg): SZA
------------------------     

 2.84 17.64 28.77 36.19 43.61 51.03 58.46 65.88 69.59 73.30 77.01 80.72

Aerosol transmittance: [SZA x AOT560]
---------------------                

Aerosol model #47
 1 0.983377 0.966425 0.949434 0.932388 0.915371 0.898818 0.882398 0.866143 0.850141 0.834399 0.818916 0.803687 0.788704 0.775005 0.760836
 1 0.981955 0.963687 0.945237 0.927168 0.909028 0.891018 0.873929 0.856667 0.839666 0.823759 0.807644 0.791852 0.776369 0.762252 0.7477
 1 0.979192 0.958295 0.937368 0.917045 0.896818 0.876904 0.858145 0.839349 0.820978 0.803017 0.787212 0.770772 0.754847 0.739433 0.724538
 1 0.976076 0.952282 0.928689 0.906088 0.883602 0.861768 0.841585 0.82152 0.802177 0.783559 0.765627 0.748384 0.731784 0.715812 0.700462
 1 0.971408 0.943343 0.916142 0.889953 0.864836 0.840811 0.817864 0.795968 0.775088 0.755177 0.736192 0.718085 0.700808 0.684316 0.668564
 1 0.964114 0.929705 0.897081 0.866306 0.837353 0.810149 0.784596 0.760593 0.738032 0.716806 0.69682 0.677979 0.660194 0.643383 0.627471
 1 0.952367 0.908338 0.867958 0.831018 0.79722 0.766263 0.737898 0.711799 0.68778 0.665565 0.644976 0.625897 0.608086 0.591489 0.575914
 1 0.932251 0.873234 0.821863 0.777105 0.73782 0.703291 0.672624 0.645365 0.620847 0.598794 0.578717 0.560449 0.543634 0.528173 0.513802
 1 0.916458 0.846853 0.788603 0.739586 0.697864 0.662168 0.63118 0.604178 0.580274 0.559068 0.539956 0.522722 0.506949 0.492523 0.479153
 1 0.893922 0.810873 0.745053 0.692222 0.649034 0.613323 0.583155 0.557451 0.535056 0.515447 0.497908 0.482196 0.467849 0.454761 0.442624
 1 0.860006 0.76014 0.687252 0.632503 0.590105 0.556493 0.52892 0.505919 0.486093 0.468863 0.453528 0.439659 0.427068 0.415447 0.404717
 1 0.804855 0.686304 0.610453 0.558939 0.521784 0.493358 0.470623 0.451561 0.435203 0.420699 0.407739 0.395887 0.385051 0.37497 0.365623

