**************************************************************
***  MERIS LUT-168: Aerosol transmittance                  ***
***                 for each of AOTs at 560nm [AOT560],    ***
***                 for each of 78 aerosol models [IAER],  ***
***                 & for each of 12 solar angles [SZA]    ***
**************************************************************

Aerosol optical thickness (560nm): AOT560
---------------------------------        

 0.0 0.1 0.2 0.3 0.4 0.5 0.6 0.7 0.8 0.9 1.0 1.1 1.2 1.3 1.4 1.5

12 Gaussian angles (deg): SZA
------------------------     

 2.84 17.64 28.77 36.19 43.61 51.03 58.46 65.88 69.59 73.30 77.01 80.72

Aerosol transmittance: [SZA x AOT560]
---------------------                

Aerosol model #6
 1 0.993735 0.987154 0.980404 0.973535 0.966441 0.958961 0.951786 0.944217 0.936896 0.92922 0.921768 0.91404 0.906491 0.898855 0.890966
 1 0.993104 0.985837 0.978385 0.970589 0.962871 0.954752 0.946883 0.938593 0.930602 0.922241 0.914154 0.905787 0.897361 0.889313 0.880963
 1 0.991793 0.983177 0.97422 0.964937 0.955806 0.946226 0.937003 0.927329 0.918064 0.908421 0.899269 0.889619 0.880072 0.870511 0.861929
 1 0.990207 0.979852 0.969309 0.958675 0.947813 0.936425 0.925951 0.91458 0.904169 0.893384 0.882692 0.872119 0.861669 0.851363 0.841198
 1 0.987656 0.974638 0.961654 0.948399 0.935129 0.921919 0.908826 0.895893 0.883152 0.870627 0.858336 0.846291 0.834501 0.822971 0.811704
 1 0.983366 0.966252 0.949049 0.93197 0.91515 0.898677 0.882608 0.866978 0.85181 0.837112 0.822888 0.809132 0.795838 0.782993 0.770587
 1 0.975754 0.95148 0.927761 0.904851 0.882876 0.861904 0.841929 0.822949 0.804931 0.787826 0.771589 0.75616 0.741509 0.727586 0.714332
 1 0.961201 0.924347 0.890076 0.858476 0.829454 0.802837 0.778417 0.755975 0.735385 0.716351 0.698808 0.682496 0.667379 0.653237 0.640052
 1 0.948791 0.902152 0.860419 0.823237 0.790197 0.760718 0.734433 0.710796 0.689565 0.670278 0.652797 0.636746 0.622061 0.608439 0.595862
 1 0.929982 0.86995 0.818993 0.775833 0.738955 0.707452 0.680196 0.656353 0.635458 0.616823 0.600225 0.585152 0.571524 0.55895 0.547433
 1 0.89984 0.821505 0.760275 0.71186 0.67288 0.641208 0.614884 0.592537 0.573435 0.556648 0.541902 0.528664 0.516598 0.505628 0.495442
 1 0.847701 0.745947 0.676347 0.626953 0.590446 0.562253 0.53981 0.521236 0.505349 0.491591 0.47929 0.468299 0.458188 0.448975 0.440344

