**************************************************************
***  MERIS LUT-168: Aerosol transmittance                  ***
***                 for each of AOTs at 560nm [AOT560],    ***
***                 for each of 78 aerosol models [IAER],  ***
***                 & for each of 12 solar angles [SZA]    ***
**************************************************************

Aerosol optical thickness (560nm): AOT560
---------------------------------        

 0.0 0.1 0.2 0.3 0.4 0.5 0.6 0.7 0.8 0.9 1.0 1.1 1.2 1.3 1.4 1.5

12 Gaussian angles (deg): SZA
------------------------     

 2.84 17.64 28.77 36.19 43.61 51.03 58.46 65.88 69.59 73.30 77.01 80.72

Aerosol transmittance: [SZA x AOT560]
---------------------                

Aerosol model #29
 1 0.991836 0.98333 0.974564 0.96558 0.956397 0.947233 0.937852 0.92835 0.919086 0.909565 0.899984 0.890776 0.881291 0.872128 0.862825
 1 0.991016 0.981654 0.972041 0.962222 0.952263 0.942206 0.932088 0.921937 0.91178 0.901637 0.891528 0.881468 0.871471 0.861549 0.851713
 1 0.989334 0.978245 0.966894 0.95538 0.943774 0.932131 0.920495 0.9089 0.897374 0.88594 0.874617 0.863421 0.852364 0.841457 0.830707
 1 0.987346 0.974264 0.960965 0.947573 0.934176 0.920838 0.907606 0.894519 0.881601 0.86888 0.85637 0.844077 0.832021 0.820196 0.808618
 1 0.984205 0.968052 0.951818 0.935661 0.919683 0.903953 0.888518 0.873413 0.85866 0.844271 0.830255 0.816613 0.803346 0.790448 0.777918
 1 0.979122 0.958166 0.937493 0.917284 0.89764 0.878622 0.860257 0.842553 0.82551 0.809117 0.793357 0.77821 0.763655 0.749665 0.736217
 1 0.970503 0.941807 0.914318 0.888171 0.863423 0.84004 0.817977 0.79717 0.77755 0.759043 0.741572 0.725062 0.709447 0.694658 0.680633
 1 0.954924 0.913254 0.875179 0.84053 0.809036 0.780392 0.7543 0.730486 0.708688 0.688675 0.670247 0.653219 0.637427 0.62274 0.609034
 1 0.942139 0.890679 0.845307 0.805349 0.770102 0.738911 0.711192 0.686442 0.664228 0.644179 0.625985 0.609386 0.594161 0.580127 0.567125
 1 0.9232 0.858552 0.804346 0.758728 0.720093 0.687109 0.6587 0.634003 0.612328 0.593125 0.575957 0.560478 0.546406 0.533525 0.521646
 1 0.893416 0.810998 0.746951 0.696527 0.656189 0.623351 0.596132 0.573161 0.553444 0.536246 0.52103 0.507393 0.495033 0.483738 0.473308
 1 0.842363 0.737319 0.665498 0.614555 0.576935 0.548001 0.524877 0.505758 0.489482 0.475296 0.462706 0.451347 0.44098 0.431452 0.422593

