**************************************************************
***  MERIS LUT-168: Aerosol transmittance                  ***
***                 for each of AOTs at 560nm [AOT560],    ***
***                 for each of 78 aerosol models [IAER],  ***
***                 & for each of 12 solar angles [SZA]    ***
**************************************************************

Aerosol optical thickness (560nm): AOT560
---------------------------------        

 0.0 0.1 0.2 0.3 0.4 0.5 0.6 0.7 0.8 0.9 1.0 1.1 1.2 1.3 1.4 1.5

12 Gaussian angles (deg): SZA
------------------------     

 2.84 17.64 28.77 36.19 43.61 51.03 58.46 65.88 69.59 73.30 77.01 80.72

Aerosol transmittance: [SZA x AOT560]
---------------------                

Aerosol model #20
 1 0.986343 0.972326 0.958015 0.944018 0.92975 0.915497 0.901261 0.887046 0.87354 0.859727 0.846019 0.833136 0.819936 0.806892 0.793999
 1 0.985147 0.969999 0.95454 0.939356 0.923898 0.908384 0.893781 0.878701 0.864431 0.849883 0.835498 0.821268 0.808271 0.79472 0.781368
 1 0.982806 0.965361 0.947669 0.93042 0.912982 0.895613 0.879383 0.862741 0.846303 0.831269 0.815716 0.800432 0.785403 0.772956 0.759213
 1 0.980179 0.960113 0.939974 0.920503 0.900983 0.882551 0.86418 0.846309 0.828946 0.812104 0.795776 0.779959 0.764654 0.749835 0.735506
 1 0.976069 0.952212 0.928781 0.905953 0.883824 0.862449 0.841846 0.822022 0.802969 0.784672 0.767105 0.750241 0.73406 0.718523 0.703609
 1 0.969578 0.939865 0.911269 0.883945 0.857946 0.833269 0.80988 0.787726 0.766746 0.746873 0.72804 0.710181 0.693233 0.677133 0.661824
 1 0.958861 0.920033 0.883846 0.85029 0.819247 0.790533 0.763959 0.739366 0.716529 0.695292 0.675556 0.657094 0.639861 0.623668 0.608483
 1 0.939974 0.886511 0.839258 0.797462 0.760486 0.727566 0.698133 0.67186 0.648047 0.62658 0.606914 0.589004 0.572434 0.557196 0.542973
 1 0.924808 0.860787 0.806399 0.759966 0.720052 0.685681 0.655585 0.629279 0.605834 0.585018 0.566157 0.549159 0.533533 0.519262 0.505982
 1 0.902849 0.825192 0.762686 0.711975 0.67009 0.635278 0.605652 0.580377 0.558235 0.538873 0.521477 0.505935 0.491686 0.478731 0.46667
 1 0.869333 0.774385 0.703968 0.650635 0.608977 0.575852 0.548682 0.525778 0.506233 0.489051 0.473883 0.460135 0.447699 0.43619 0.4256
 1 0.814147 0.699362 0.624884 0.574 0.53715 0.508891 0.486353 0.467446 0.451308 0.437074 0.424247 0.412655 0.401952 0.392103 0.38288

