**************************************************************
***  MERIS LUT-168: Aerosol transmittance                  ***
***                 for each of AOTs at 560nm [AOT560],    ***
***                 for each of 78 aerosol models [IAER],  ***
***                 & for each of 12 solar angles [SZA]    ***
**************************************************************

Aerosol optical thickness (560nm): AOT560
---------------------------------        

 0.0 0.1 0.2 0.3 0.4 0.5 0.6 0.7 0.8 0.9 1.0 1.1 1.2 1.3 1.4 1.5

12 Gaussian angles (deg): SZA
------------------------     

 2.84 17.64 28.77 36.19 43.61 51.03 58.46 65.88 69.59 73.30 77.01 80.72

Aerosol transmittance: [SZA x AOT560]
---------------------                

Aerosol model #59
 1 0.988475 0.976487 0.964176 0.951735 0.939114 0.926522 0.913896 0.901281 0.88872 0.876228 0.863818 0.851492 0.839251 0.827089 0.816047
 1 0.987329 0.974213 0.960783 0.947133 0.933633 0.919932 0.90619 0.892972 0.879752 0.866565 0.853548 0.840717 0.828086 0.815664 0.803458
 1 0.985045 0.969604 0.954089 0.938552 0.923024 0.907625 0.892406 0.877407 0.862655 0.848173 0.833977 0.820078 0.806483 0.793197 0.780221
 1 0.982444 0.964569 0.946656 0.928867 0.911307 0.894045 0.877131 0.860594 0.844461 0.828738 0.813441 0.798561 0.784107 0.770062 0.756433
 1 0.97844 0.956808 0.93544 0.914509 0.894117 0.874322 0.855154 0.836629 0.818748 0.801505 0.784886 0.768876 0.753455 0.738602 0.724294
 1 0.972155 0.94484 0.918426 0.893065 0.868819 0.845698 0.823684 0.802741 0.782825 0.763886 0.745871 0.728731 0.712411 0.696862 0.682034
 1 0.96185 0.925708 0.89186 0.860313 0.830973 0.803704 0.778359 0.754778 0.732808 0.712314 0.693164 0.675234 0.658413 0.642601 0.627708
 1 0.943827 0.893499 0.848692 0.808817 0.773277 0.741502 0.712991 0.687304 0.664055 0.642914 0.623598 0.605892 0.589555 0.574423 0.560346
 1 0.929413 0.868763 0.816765 0.772041 0.733367 0.699748 0.670278 0.644256 0.621093 0.600487 0.581788 0.564776 0.549186 0.535118 0.521878
 1 0.908517 0.834396 0.774093 0.724561 0.683521 0.648991 0.619581 0.594435 0.572369 0.552862 0.535728 0.520082 0.50607 0.493057 0.481214
 1 0.876447 0.784887 0.71606 0.663201 0.621807 0.588502 0.561091 0.538273 0.51855 0.501523 0.486272 0.472533 0.460277 0.448825 0.43842
 1 0.822997 0.710676 0.636584 0.585254 0.547827 0.519426 0.496541 0.477763 0.461491 0.447427 0.434675 0.4233 0.412713 0.403081 0.393979

