**************************************************************
***  MERIS LUT-168: Aerosol transmittance                  ***
***                 for each of AOTs at 560nm [AOT560],    ***
***                 for each of 78 aerosol models [IAER],  ***
***                 & for each of 12 solar angles [SZA]    ***
**************************************************************

Aerosol optical thickness (560nm): AOT560
---------------------------------        

 0.0 0.1 0.2 0.3 0.4 0.5 0.6 0.7 0.8 0.9 1.0 1.1 1.2 1.3 1.4 1.5

12 Gaussian angles (deg): SZA
------------------------     

 2.84 17.64 28.77 36.19 43.61 51.03 58.46 65.88 69.59 73.30 77.01 80.72

Aerosol transmittance: [SZA x AOT560]
---------------------                

Aerosol model #63
 1 0.987193 0.973908 0.960337 0.946577 0.932713 0.918786 0.90482 0.891267 0.877546 0.864234 0.850912 0.837771 0.824493 0.811547 0.79874
 1 0.985957 0.971446 0.956653 0.941676 0.926854 0.911918 0.897286 0.882593 0.868067 0.853681 0.839434 0.826282 0.812786 0.799553 0.78659
 1 0.983483 0.966497 0.949204 0.932314 0.91516 0.898679 0.882045 0.86559 0.849312 0.834827 0.819677 0.804897 0.790481 0.776441 0.762769
 1 0.980615 0.960992 0.94117 0.922142 0.903113 0.884481 0.866296 0.848588 0.831371 0.814659 0.79845 0.782739 0.767525 0.752791 0.738533
 1 0.976364 0.952759 0.929556 0.906935 0.884999 0.863799 0.843362 0.823691 0.80478 0.786613 0.769166 0.752417 0.736335 0.720895 0.706065
 1 0.969631 0.940021 0.911559 0.884387 0.858548 0.834033 0.810805 0.788805 0.767974 0.748244 0.729547 0.711813 0.694982 0.678993 0.663788
 1 0.958658 0.919808 0.883695 0.850268 0.819376 0.790831 0.764438 0.74 0.717335 0.696274 0.676662 0.658356 0.641231 0.625173 0.610079
 1 0.939617 0.886108 0.838919 0.797263 0.760439 0.727694 0.698517 0.672314 0.648672 0.627214 0.607823 0.589935 0.573595 0.558388 0.544359
 1 0.924498 0.860453 0.806152 0.759855 0.720101 0.685865 0.655932 0.629584 0.606462 0.585627 0.567047 0.55005 0.534666 0.52041 0.507338
 1 0.902717 0.825114 0.762709 0.712091 0.670328 0.635608 0.606115 0.58094 0.558938 0.539681 0.522425 0.50699 0.492874 0.480021 0.468081
 1 0.869597 0.774763 0.704393 0.651073 0.609469 0.576388 0.549173 0.526504 0.506952 0.49002 0.474869 0.461358 0.448952 0.437653 0.427098
 1 0.815047 0.700312 0.625724 0.574741 0.537865 0.509671 0.487216 0.468448 0.452432 0.438256 0.425649 0.414114 0.403605 0.393808 0.384748

