**************************************************************
***  MERIS LUT-168: Aerosol transmittance                  ***
***                 for each of AOTs at 560nm [AOT560],    ***
***                 for each of 78 aerosol models [IAER],  ***
***                 & for each of 12 solar angles [SZA]    ***
**************************************************************

Aerosol optical thickness (560nm): AOT560
---------------------------------        

 0.0 0.1 0.2 0.3 0.4 0.5 0.6 0.7 0.8 0.9 1.0 1.1 1.2 1.3 1.4 1.5

12 Gaussian angles (deg): SZA
------------------------     

 2.84 17.64 28.77 36.19 43.61 51.03 58.46 65.88 69.59 73.30 77.01 80.72

Aerosol transmittance: [SZA x AOT560]
---------------------                

Aerosol model #15
 1 0.990313 0.980197 0.96988 0.959235 0.948648 0.937758 0.927038 0.916076 0.905042 0.893932 0.88346 0.872526 0.861584 0.851367 0.841029
 1 0.989389 0.978309 0.967032 0.955423 0.943554 0.932114 0.920178 0.908743 0.896912 0.885043 0.873899 0.862301 0.850734 0.839976 0.828766
 1 0.987502 0.97448 0.961295 0.947801 0.934094 0.920979 0.907388 0.894459 0.881174 0.867942 0.855603 0.842843 0.830201 0.81767 0.806947
 1 0.985298 0.97015 0.95473 0.939162 0.923475 0.908582 0.893274 0.879046 0.864522 0.850284 0.836343 0.822715 0.809401 0.796409 0.783737
 1 0.981832 0.963285 0.944714 0.926312 0.908202 0.890466 0.873157 0.856307 0.839937 0.824056 0.808667 0.793764 0.779343 0.76539 0.751896
 1 0.976206 0.952369 0.92896 0.906207 0.884229 0.863087 0.842805 0.823381 0.804801 0.787038 0.770062 0.753837 0.738327 0.723495 0.709302
 1 0.966631 0.934293 0.903538 0.874536 0.847312 0.821818 0.797965 0.775647 0.754771 0.735201 0.716837 0.699612 0.68338 0.66807 0.653656
 1 0.949181 0.902706 0.860828 0.823225 0.78945 0.759126 0.731758 0.706975 0.684577 0.664063 0.645372 0.628101 0.612125 0.597441 0.583652
 1 0.934817 0.87788 0.828593 0.785851 0.748801 0.716346 0.687942 0.662705 0.640339 0.620165 0.602049 0.585474 0.5704 0.556434 0.543587
 1 0.913673 0.842942 0.78506 0.737285 0.697615 0.664115 0.635705 0.611081 0.589725 0.570742 0.553932 0.538659 0.524886 0.51215 0.500491
 1 0.880864 0.792231 0.725486 0.674145 0.633936 0.601507 0.57499 0.552558 0.53348 0.516667 0.501907 0.488609 0.47643 0.465225 0.454977
 1 0.825973 0.716083 0.643829 0.59383 0.55758 0.52987 0.507623 0.489246 0.473398 0.459606 0.44717 0.436006 0.425672 0.41622 0.407331

