**************************************************************
***  MERIS LUT-168: Aerosol transmittance                  ***
***                 for each of AOTs at 560nm [AOT560],    ***
***                 for each of 78 aerosol models [IAER],  ***
***                 & for each of 12 solar angles [SZA]    ***
**************************************************************

Aerosol optical thickness (560nm): AOT560
---------------------------------        

 0.0 0.1 0.2 0.3 0.4 0.5 0.6 0.7 0.8 0.9 1.0 1.1 1.2 1.3 1.4 1.5

12 Gaussian angles (deg): SZA
------------------------     

 2.84 17.64 28.77 36.19 43.61 51.03 58.46 65.88 69.59 73.30 77.01 80.72

Aerosol transmittance: [SZA x AOT560]
---------------------                

Aerosol model #31
 1 0.991426 0.982483 0.973223 0.963829 0.954182 0.94434 0.934793 0.924742 0.914671 0.90504 0.895311 0.885453 0.875469 0.865835 0.856162
 1 0.990564 0.980724 0.970553 0.960264 0.949823 0.939238 0.928659 0.918019 0.906954 0.896619 0.886207 0.875197 0.865281 0.854946 0.844712
 1 0.988789 0.977054 0.965151 0.952893 0.94097 0.928774 0.91599 0.904478 0.892446 0.880526 0.868735 0.857094 0.845613 0.834304 0.823165
 1 0.986717 0.972986 0.959037 0.945005 0.930985 0.917045 0.903237 0.889596 0.876156 0.862939 0.849954 0.837224 0.824752 0.812535 0.800593
 1 0.983438 0.966509 0.949517 0.93263 0.915957 0.899572 0.883524 0.867845 0.852561 0.837677 0.823207 0.809144 0.795488 0.78224 0.769382
 1 0.978141 0.956226 0.934647 0.913596 0.893182 0.873459 0.854457 0.836183 0.818629 0.801778 0.785609 0.770102 0.755226 0.740949 0.727247
 1 0.969173 0.939249 0.910666 0.883568 0.857989 0.833894 0.81123 0.789919 0.76987 0.751005 0.73324 0.716485 0.700661 0.685695 0.671526
 1 0.952967 0.909685 0.870308 0.834672 0.802404 0.773165 0.746609 0.722407 0.700446 0.680218 0.661737 0.644592 0.628809 0.614066 0.600391
 1 0.939686 0.886354 0.839663 0.798687 0.762849 0.731271 0.70328 0.678347 0.656011 0.635964 0.617741 0.601112 0.585984 0.571947 0.559041
 1 0.920039 0.853339 0.797874 0.751517 0.712431 0.67929 0.650783 0.626155 0.604507 0.58544 0.568331 0.55299 0.538972 0.526207 0.514367
 1 0.889328 0.804792 0.739775 0.688886 0.648578 0.6159 0.588809 0.566088 0.546499 0.529521 0.514389 0.500923 0.488611 0.477431 0.467021
 1 0.837082 0.730313 0.658234 0.607563 0.570269 0.541755 0.518973 0.50005 0.483994 0.469898 0.457437 0.446107 0.435834 0.426289 0.417494

