**************************************************************
***  MERIS LUT-168: Aerosol transmittance                  ***
***                 for each of AOTs at 560nm [AOT560],    ***
***                 for each of 78 aerosol models [IAER],  ***
***                 & for each of 12 solar angles [SZA]    ***
**************************************************************

Aerosol optical thickness (560nm): AOT560
---------------------------------        

 0.0 0.1 0.2 0.3 0.4 0.5 0.6 0.7 0.8 0.9 1.0 1.1 1.2 1.3 1.4 1.5

12 Gaussian angles (deg): SZA
------------------------     

 2.84 17.64 28.77 36.19 43.61 51.03 58.46 65.88 69.59 73.30 77.01 80.72

Aerosol transmittance: [SZA x AOT560]
---------------------                

Aerosol model #43
 1 0.986548 0.972628 0.958529 0.944194 0.930006 0.915603 0.901238 0.886877 0.873213 0.859241 0.845964 0.832309 0.819336 0.80636 0.792718
 1 0.985285 0.970173 0.954676 0.939414 0.923838 0.908741 0.89343 0.878188 0.863739 0.849026 0.834479 0.820094 0.806909 0.793214 0.779729
 1 0.982813 0.965288 0.947462 0.930051 0.912435 0.89549 0.878452 0.861629 0.845017 0.830172 0.814075 0.798649 0.783493 0.770739 0.756856
 1 0.97999 0.959775 0.93941 0.919699 0.89995 0.881251 0.862655 0.844567 0.827007 0.809977 0.793478 0.77751 0.762056 0.747113 0.732659
 1 0.975721 0.951499 0.927715 0.904557 0.882128 0.860479 0.839634 0.819596 0.800354 0.781889 0.764178 0.74719 0.730899 0.71527 0.700275
 1 0.968934 0.938654 0.909572 0.881839 0.855499 0.83054 0.80692 0.784577 0.763446 0.743454 0.724528 0.706598 0.689597 0.673461 0.658128
 1 0.95782 0.918198 0.881409 0.847401 0.816014 0.787065 0.760322 0.735608 0.712701 0.691429 0.671669 0.653217 0.635958 0.619832 0.604647
 1 0.938448 0.884003 0.836102 0.7939 0.756669 0.723619 0.694143 0.66785 0.644082 0.622655 0.603071 0.585226 0.568747 0.553581 0.539447
 1 0.923048 0.857984 0.802922 0.756211 0.716145 0.681706 0.65164 0.625379 0.602033 0.581302 0.562557 0.545652 0.530138 0.515954 0.502776
 1 0.90088 0.822189 0.759171 0.70822 0.666293 0.631503 0.601985 0.576812 0.554814 0.535566 0.518309 0.502872 0.488744 0.475878 0.463917
 1 0.867235 0.77136 0.700593 0.647173 0.605594 0.572581 0.545553 0.522817 0.50341 0.486377 0.471325 0.457699 0.445354 0.433942 0.423424
 1 0.812081 0.696627 0.622044 0.571248 0.534561 0.506499 0.484123 0.465383 0.449368 0.435168 0.422525 0.410946 0.400392 0.390547 0.381441

