**************************************************************
***  MERIS LUT-168: Aerosol transmittance                  ***
***                 for each of AOTs at 560nm [AOT560],    ***
***                 for each of 78 aerosol models [IAER],  ***
***                 & for each of 12 solar angles [SZA]    ***
**************************************************************

Aerosol optical thickness (560nm): AOT560
---------------------------------        

 0.0 0.1 0.2 0.3 0.4 0.5 0.6 0.7 0.8 0.9 1.0 1.1 1.2 1.3 1.4 1.5

12 Gaussian angles (deg): SZA
------------------------     

 2.84 17.64 28.77 36.19 43.61 51.03 58.46 65.88 69.59 73.30 77.01 80.72

Aerosol transmittance: [SZA x AOT560]
---------------------                

Aerosol model #12
 1 0.991912 0.983417 0.974714 0.965665 0.956661 0.947298 0.938107 0.92859 0.918942 0.909704 0.900069 0.890768 0.881398 0.871899 0.862443
 1 0.991106 0.981754 0.972188 0.962255 0.952402 0.942182 0.931764 0.921864 0.911436 0.901489 0.891149 0.880769 0.871008 0.860829 0.850661
 1 0.989445 0.978425 0.96705 0.95537 0.943857 0.931987 0.919967 0.908625 0.896756 0.885513 0.8739 0.862322 0.851759 0.840723 0.829837
 1 0.987484 0.974476 0.961101 0.947473 0.934275 0.920832 0.907474 0.894246 0.881179 0.868301 0.85563 0.843182 0.830968 0.818995 0.807267
 1 0.984366 0.968236 0.951937 0.935654 0.919511 0.903593 0.887958 0.872648 0.85769 0.843104 0.828899 0.815081 0.801649 0.788601 0.775932
 1 0.979231 0.958166 0.937271 0.916783 0.896839 0.877517 0.858862 0.84089 0.823606 0.807 0.791055 0.775751 0.761063 0.746963 0.733426
 1 0.970341 0.941202 0.91319 0.886532 0.861309 0.837523 0.815127 0.794063 0.774245 0.75559 0.738033 0.721468 0.70584 0.691056 0.677052
 1 0.953831 0.911004 0.87194 0.836562 0.804522 0.77558 0.749292 0.725463 0.703679 0.683715 0.665506 0.648607 0.633074 0.618548 0.605094
 1 0.940064 0.886884 0.84035 0.799683 0.764037 0.732768 0.705086 0.680446 0.65858 0.638763 0.620969 0.604629 0.589783 0.575987 0.563317
 1 0.919547 0.852616 0.797225 0.751065 0.712499 0.679708 0.651827 0.62754 0.606476 0.587685 0.571072 0.555935 0.542322 0.529701 0.518185
 1 0.887407 0.802327 0.737535 0.687243 0.647647 0.615689 0.589255 0.567121 0.548024 0.531474 0.51669 0.503528 0.491461 0.480501 0.470264
 1 0.833046 0.725915 0.654704 0.605169 0.568926 0.541284 0.519081 0.500803 0.485169 0.4714 0.45921 0.448095 0.438011 0.42862 0.41987

