**************************************************************
***  MERIS LUT-168: Aerosol transmittance                  ***
***                 for each of AOTs at 560nm [AOT560],    ***
***                 for each of 78 aerosol models [IAER],  ***
***                 & for each of 12 solar angles [SZA]    ***
**************************************************************

Aerosol optical thickness (560nm): AOT560
---------------------------------        

 0.0 0.1 0.2 0.3 0.4 0.5 0.6 0.7 0.8 0.9 1.0 1.1 1.2 1.3 1.4 1.5

12 Gaussian angles (deg): SZA
------------------------     

 2.84 17.64 28.77 36.19 43.61 51.03 58.46 65.88 69.59 73.30 77.01 80.72

Aerosol transmittance: [SZA x AOT560]
---------------------                

Aerosol model #71
 1 0.983104 0.965809 0.948438 0.931067 0.913585 0.896227 0.879665 0.862905 0.846951 0.830986 0.815359 0.799464 0.784231 0.770615 0.756424
 1 0.981638 0.962929 0.944051 0.925547 0.906985 0.888572 0.871069 0.853442 0.836106 0.819056 0.803422 0.787366 0.771651 0.756264 0.74307
 1 0.978694 0.957279 0.935844 0.91502 0.894334 0.873998 0.854805 0.835649 0.816958 0.798715 0.782473 0.765751 0.749589 0.733955 0.718843
 1 0.97543 0.951009 0.926835 0.903667 0.880958 0.858987 0.837777 0.817341 0.797663 0.77874 0.760541 0.743047 0.726243 0.710086 0.694554
 1 0.970562 0.941731 0.913851 0.887061 0.861418 0.836931 0.813581 0.791336 0.77015 0.749978 0.730765 0.712463 0.695019 0.678384 0.66251
 1 0.963012 0.927687 0.8943 0.862892 0.833413 0.805772 0.779859 0.755557 0.73275 0.711326 0.691176 0.672201 0.654308 0.63741 0.621431
 1 0.950958 0.905863 0.864669 0.8271 0.792824 0.761518 0.732855 0.70655 0.682368 0.66004 0.639373 0.620228 0.602383 0.585756 0.570172
 1 0.93051 0.870324 0.818165 0.772859 0.733218 0.698438 0.667624 0.64026 0.615698 0.593613 0.57354 0.555219 0.538486 0.522998 0.508706
 1 0.914561 0.843782 0.784803 0.735322 0.693334 0.65747 0.62641 0.599366 0.575469 0.554272 0.535197 0.51799 0.502262 0.487868 0.474541
 1 0.8919 0.807725 0.741285 0.687992 0.644767 0.60898 0.578815 0.553124 0.530779 0.511207 0.493725 0.478052 0.463757 0.450703 0.438609
 1 0.857923 0.757078 0.683728 0.628791 0.58636 0.552761 0.525251 0.5023 0.482546 0.465362 0.450012 0.43625 0.423645 0.412106 0.401363
 1 0.802835 0.683571 0.607504 0.555976 0.518796 0.490541 0.467875 0.448885 0.432571 0.418114 0.405177 0.393354 0.382529 0.372465 0.363123

